# amino-acid counts among definitively called codons
# POSITION TOTAL_COUNTS WT N_A N_C N_D N_E N_F N_G N_H N_I N_K N_L N_M N_N N_P N_Q N_R N_S N_T N_V N_W N_Y N_STOP
1 824967 M 0 0 0 0 0 0 0 342 89 64 824191 0 0 0 7 0 118 156 0 0 0
2 826549 A 825788 0 0 228 0 43 0 0 0 0 0 0 18 0 0 89 73 310 0 0 0
3 827491 S 1475 76 0 3 188 0 66 28 6 173 0 34 200 117 7 824904 75 1 13 124 1
4 829752 Q 333 345 2 136 340 24 163 678 329 826 40 2171 62 818624 160 1494 626 477 23 2791 108
5 831513 G 61 242 139 0 0 830506 0 0 0 0 0 0 13 0 231 178 8 135 0 0 0
6 832847 T 174 0 0 0 0 0 0 83 2 0 0 105 9 0 0 71 832403 0 0 0 0
7 835168 K 0 0 0 109 0 0 0 47 834783 0 0 88 0 14 92 0 9 0 0 0 26
8 838470 R 0 0 0 0 0 29 1 0 0 166 0 0 33 151 837921 1 0 1 167 0 0
9 838193 S 14 49 0 0 78 1 0 6 0 17 3 26 138 2 5 837539 100 0 0 214 1
10 840455 Y 3 131 17 0 95 3 403 10 0 29 0 56 4 4 0 17 16 19 0 839537 111
11 840367 E 1 0 84 839556 0 200 0 4 140 0 0 1 0 71 5 0 1 85 2 0 217
12 840025 Q 385 15 51 37 12 12 538 8 268 378 13 60 31 836848 573 469 160 33 5 1 128
13 836350 M 1 0 0 1 0 1 0 341 78 71 835619 1 0 0 9 0 91 130 0 0 7
14 829182 E 3 0 93 828498 1 173 2 0 95 88 0 1 2 48 0 3 0 45 0 0 130
15 826181 T 122 21 0 0 0 0 26 63 0 14 0 189 35 0 0 67 825640 4 0 0 0
16 821966 D 3 0 821232 148 0 154 69 0 0 0 0 89 0 0 2 0 0 66 0 203 0
17 810436 G 25 6 2 110 0 809167 0 3 3 5 2 367 82 20 188 65 24 150 216 0 1
18 801894 E 175 17 168 800064 0 237 60 69 211 52 0 5 292 85 1 60 108 145 0 7 138
19 786343 R 0 198 0 0 0 23 325 0 0 175 0 0 57 1 785402 160 2 0 0 0 0
20 772578 Q 0 0 0 27 0 0 264 0 144 75 0 0 1921 769707 310 0 2 2 0 0 126
21 754357 N 9 56 105 0 1 13 18 43 183 16 1 752229 9 15 82 598 895 9 1 57 17
22 729305 A 726279 1 2 204 1 42 5 3 36 1 0 4 85 0 1776 315 225 323 0 0 3
23 713522 T 230 28 0 0 7 95 115 66 6 28 7 326 38 21 48 663 711814 23 0 7 0
24 690532 E 3 0 351 689447 0 130 2 7 137 39 8 1 0 103 23 13 37 65 0 0 166
25 654081 I 0 0 0 0 37 1 1 653619 1 4 56 52 128 1 2 6 70 101 0 0 2
26 621141 R 1 1 0 0 2 167 1 183 105 0 0 0 0 0 620573 23 34 0 0 0 51
27 588138 A 587248 0 0 182 3 38 11 7 110 1 0 0 17 26 55 165 135 138 0 1 1
28 569061 S 24 47 0 20 49 109 103 0 69 1 0 129 107 6 50 568178 47 0 0 121 1
29 549873 V 92 0 55 3 117 3 2 328 0 19 0 0 2 0 6 0 0 549244 0 0 2
30 239568 G 17 0 0 31 0 239316 1 0 0 0 0 0 0 0 83 1 0 47 72 0 0
31 236336 K 0 0 0 41 0 1 1 1 236117 1 18 84 0 5 53 0 3 0 0 0 11
32 235427 M 1 0 0 0 0 1 1 116 20 23 235188 0 0 0 3 0 37 37 0 0 0
33 244569 I 0 2 0 0 24 2 1 244428 1 2 4 24 0 0 0 2 28 51 0 0 0
34 253733 D 52 12 252936 240 4 116 26 41 3 55 2 47 0 7 22 47 11 27 0 83 2
35 264909 G 15 0 0 44 0 264672 0 1 0 0 0 0 1 0 54 1 1 69 1 0 50
36 276400 I 2 0 0 0 11 1 0 276280 0 1 6 16 1 0 0 2 28 52 0 0 0
37 286968 G 10 0 0 38 0 286737 0 0 0 1 0 0 0 0 54 0 0 52 0 0 76
38 299462 R 2 0 0 0 0 11 2 0 0 79 0 9 15 74 299198 1 7 0 0 0 64
39 310196 F 1 41 0 0 309894 2 0 18 0 155 11 0 1 8 3 38 0 1 2 21 0
40 320542 Y 0 66 1 0 56 1 115 1 0 0 1 33 0 0 0 4 7 0 2 320144 111
41 330892 I 18 0 3 7 29 48 0 330245 2 209 10 49 14 10 23 43 131 38 1 8 4
42 341978 Q 6 0 1 13 0 0 12 2 68 23 0 0 4 341748 56 1 0 0 0 1 43
43 352715 M 0 0 0 0 0 0 0 176 26 28 352407 1 0 0 2 1 30 44 0 0 0
44 366098 C 33 365462 0 0 128 10 0 1 12 28 0 1 4 0 61 72 1 126 11 57 91
45 376587 T 72 0 0 0 0 1 1 47 0 0 0 95 7 0 9 47 376246 60 2 0 0
46 384664 E 4 3 44 384351 0 55 0 0 41 5 0 1 0 28 3 1 0 17 0 0 111
47 394310 L 0 0 1 0 41 0 19 87 0 394108 1 0 36 0 8 0 1 7 0 1 0
48 402740 K 0 1 1 46 0 118 0 13 402380 6 0 48 0 7 61 4 21 2 0 0 32
49 408672 L 3 0 1 3 33 2 11 102 0 408419 0 1 71 1 8 1 3 10 0 0 3
50 415069 S 438 131 34 10 0 1105 40 72 33 6 0 54 410 48 128 412127 417 5 0 0 11
51 422891 D 37 1 421967 80 1 106 22 14 0 4 0 348 22 10 3 20 55 85 0 115 1
52 431607 Y 9 75 0 1 53 24 80 1 0 6 44 14 0 0 3 16 546 31 2 430655 47
53 440432 E 5 1 120 439891 0 117 0 0 66 4 0 2 2 35 0 3 3 39 0 0 144
54 446766 G 103 1 3 80 0 446202 0 0 2 0 0 0 1 10 132 43 28 61 99 1 0
55 451375 R 3 0 0 1 1 52 22 0 3 103 0 4 24 128 450875 7 4 0 0 1 147
56 456252 L 4 3 2 0 5 1 1 9 1 455985 52 1 102 40 10 0 9 25 0 0 2
57 462452 I 0 0 1 0 39 4 2 461944 0 201 17 44 6 0 2 5 80 107 0 0 0
58 469163 Q 1 0 0 20 0 2 173 0 99 41 0 1 19 468632 105 2 0 1 1 1 65
59 470966 N 1 0 62 5 0 5 11 45 120 96 0 470495 0 0 4 84 9 1 0 27 1
60 471502 S 1 20 0 0 0 66 0 128 1 0 2 43 0 0 155 471053 32 0 0 0 1
61 477334 L 0 10 0 10 71 3 2 65 0 476649 0 3 2 0 1 73 0 375 0 10 60
62 486236 T 135 13 0 0 1 2 3 54 98 0 0 3 4 0 16 294 485607 1 1 0 4
63 491638 I 1 7 71 0 0 2 0 491220 35 61 112 0 1 0 1 0 56 68 0 3 0
64 495508 E 4 0 156 494980 0 75 0 1 46 4 0 1 8 45 1 6 0 29 0 1 151
65 495254 R 0 0 0 0 0 74 0 151 58 1 0 1 2 0 494887 26 21 0 1 0 32
66 496632 M 0 0 0 0 0 0 0 243 37 32 496186 0 0 0 5 0 66 63 0 0 0
67 495601 V 78 0 0 75 0 26 0 0 0 91 86 0 1 0 0 4 0 495239 0 0 1
68 498702 L 2 0 0 0 53 2 28 201 1 498285 0 0 80 4 12 6 2 24 2 0 0
69 495420 S 13 38 0 1 25 28 1 0 0 0 0 0 84 1 0 495085 45 0 0 99 0
70 489275 A 488673 0 136 0 0 15 1 1 0 4 0 0 17 0 0 167 195 64 1 0 1
71 488474 F 7 8 1 1 488229 1 3 17 0 86 1 0 0 4 1 56 0 15 25 18 1
72 482642 D 10 0 482119 117 1 113 41 0 0 1 0 62 1 0 1 2 0 60 0 111 3
73 480584 E 29 14 39 479122 2 131 41 86 171 147 0 29 1 25 58 193 188 96 0 61 151
74 483399 R 2 0 0 0 0 79 2 156 122 2 1 0 6 0 482886 70 44 0 0 0 29
75 481909 R 0 0 0 0 0 74 0 15 51 0 126 0 0 0 481462 130 14 0 35 0 2
76 479432 N 9 2 59 0 0 2 1 35 59 28 0 479002 0 3 3 97 3 4 80 45 0
77 474518 K 14 14 5 80 1 30 75 47 473165 150 0 53 1 10 696 47 22 92 0 1 15
78 473621 Y 0 69 2 0 28 0 153 3 0 2 0 36 0 0 1 9 3 2 4 473264 45
79 472092 L 0 0 0 0 0 0 0 5 0 471751 136 0 109 54 10 1 0 24 0 1 1
80 469716 E 39 62 73 468641 9 168 7 128 67 11 0 5 0 98 5 120 40 112 0 10 121
81 465621 E 6 14 72 464825 22 158 18 33 60 12 0 8 0 43 7 14 9 146 2 19 153
82 462081 H 72 148 12 5 133 2 459542 8 51 56 17 280 7 585 329 193 86 10 25 516 4
83 461921 P 131 37 0 27 2 305 132 4 0 54 2 85 460609 35 90 189 190 10 0 5 14
84 467651 S 383 56 3 2 2 568 32 490 15 214 10 439 14 53 198 465075 48 23 19 2 5
85 464508 A 462712 1 0 108 0 183 77 31 46 62 2 2 177 33 24 159 322 499 4 66 0
86 462849 G 116 5 8 66 64 459986 1258 0 292 267 50 40 38 32 276 94 67 83 100 6 1
87 464159 K 1 1 1 107 0 0 0 1 463695 0 35 180 0 8 79 1 8 1 1 1 39
88 464789 D 2 251 461625 54 0 78 29 0 2 3 0 2592 1 0 3 16 1 27 0 86 19
89 465085 P 736 97 1 4 103 60 146 3 3 60 1 0 463482 0 36 124 92 8 60 34 35
90 468564 K 41 1 0 70 2 383 139 3 467171 16 25 123 0 25 228 64 239 6 7 11 10
91 468868 K 0 0 0 57 1 0 2 14 468381 1 1 17 0 0 371 1 3 0 0 0 19
92 464755 T 62 0 0 0 0 0 0 21 0 0 0 93 17 0 1 43 464515 0 0 2 1
93 464859 G 29 0 0 44 0 464521 0 0 1 0 0 0 1 2 106 1 0 53 0 0 101
94 465761 G 22 0 0 53 2 465463 0 0 0 0 0 1 0 0 62 1 0 85 0 0 72
95 463756 P 236 0 0 13 0 0 90 0 0 59 0 0 463184 1 16 84 70 2 0 0 1
96 462241 I 0 0 0 0 2 1 0 461765 48 130 67 0 0 0 6 0 61 161 0 0 0
97 459491 Y 0 68 6 0 72 0 83 0 0 1 0 39 0 4 5 3 0 2 0 459058 150
98 459441 K 2 0 0 85 0 0 43 2 458762 12 60 181 3 10 225 2 27 1 0 0 26
99 456384 R 2 0 0 0 0 81 1 84 74 2 3 0 0 0 456033 44 28 0 0 0 32
100 454904 V 189 94 1 382 109 236 54 149 6 264 2 23 84 26 181 105 164 452718 0 117 0
101 458428 D 17 0 457911 61 0 74 27 5 0 1 0 97 15 0 0 13 18 39 0 148 2
102 456503 R 10 5 1 0 17 134 130 68 76 40 0 0 10 0 455881 42 60 2 0 4 23
103 460833 K 10 34 4 73 0 30 1 2 460144 18 21 120 1 3 195 8 63 83 0 0 23
104 460890 W 0 191 0 0 2 8 0 0 0 98 0 0 1 2 112 25 1 0 460320 0 130
105 457767 M 111 0 5 41 55 82 12 359 80 211 456510 2 0 12 34 23 102 123 0 5 0
106 451667 R 0 0 0 0 1 101 1 1 73 1 120 1 0 3 451221 91 16 0 37 0 0
107 449611 E 11 0 69 448997 0 83 2 0 275 0 0 5 0 30 0 8 0 28 0 0 103
108 450316 L 4 0 1 0 41 0 54 100 0 449859 1 0 127 2 27 22 65 13 0 0 0
109 448104 V 124 0 40 0 81 4 1 157 0 22 1 0 3 3 1 6 19 447640 0 2 0
110 445089 L 0 0 0 0 35 0 15 158 3 444743 0 0 68 0 17 0 8 42 0 0 0
111 443767 Y 0 82 2 1 61 0 88 68 0 31 1 12 0 6 0 40 41 171 14 443092 57
112 434790 D 12 1 434078 139 1 89 45 1 0 0 0 220 6 2 2 11 3 62 0 118 0
113 432867 K 1 0 0 53 0 0 0 35 432677 0 0 21 1 6 55 0 4 0 0 0 14
114 436953 E 14 9 34 436395 24 83 0 0 56 117 1 31 0 51 2 10 0 17 1 0 108
115 439402 E 4 0 19 439069 0 64 0 0 49 0 0 2 0 24 0 27 0 33 0 0 111
116 437716 I 0 2 0 0 0 2 0 437375 28 39 106 0 1 0 4 0 46 107 0 0 6
117 440500 R 1 0 0 0 0 79 1 1 70 7 181 0 1 74 439915 97 19 29 25 0 0
118 441994 R 5 22 0 0 0 23 0 3 8 109 0 0 17 104 441622 0 2 0 0 0 79
119 441969 I 49 156 0 0 13 3 0 441499 0 19 16 29 0 0 1 5 60 119 0 0 0
120 443647 W 1 97 0 0 0 12 0 0 0 80 0 0 0 0 118 18 1 0 443173 0 147
121 446830 R 8 144 0 4 7 33 181 4 10 150 1 0 17 9 446133 102 0 27 0 0 0
122 448796 Q 24 153 2 35 0 34 150 4 109 120 6 0 8 447476 96 14 90 409 0 1 65
123 446374 A 445682 5 86 0 0 47 0 2 0 3 0 0 17 0 0 326 114 87 0 0 5
124 451182 N 0 1 77 0 0 0 9 32 57 0 0 450934 0 2 3 58 1 0 0 8 0
125 458456 N 2 21 75 28 10 25 6 36 36 52 12 457793 7 7 118 110 51 0 26 41 0
126 456623 G 45 145 60 7 0 456026 5 2 20 59 2 5 2 17 43 112 4 69 0 0 0
127 458987 D 259 11 456719 197 1 201 40 49 12 135 0 188 1 59 94 62 64 721 0 174 0
128 460908 D 340 54 458372 129 35 534 44 16 26 94 1 468 32 18 91 275 142 66 2 167 2
129 467515 A 466744 0 0 132 1 58 4 0 3 4 9 3 19 0 40 233 120 135 0 0 10
130 470658 T 119 1 0 0 1 0 38 51 239 104 1 3 56 19 78 34 469884 23 0 3 4
131 474882 A 473688 3 131 0 0 19 39 1 0 0 0 3 455 0 1 420 76 45 0 0 1
132 469535 G 23 123 52 1 0 469180 0 0 0 2 0 1 2 0 14 53 0 84 0 0 0
133 465941 L 0 0 0 0 0 1 0 18 0 465610 127 0 118 27 4 1 1 34 0 0 0
134 463182 T 109 2 0 0 0 4 1 47 0 0 0 126 7 0 0 127 462748 11 0 0 0
135 465306 H 1 0 23 0 0 0 464797 1 0 41 0 132 9 171 83 0 1 0 0 43 4
136 470515 M 0 4 1 0 5 2 1 536 31 235 469458 0 0 0 9 0 89 137 0 0 7
137 473330 M 1 0 0 0 0 0 2 213 44 34 472870 1 3 0 4 1 75 82 0 0 0
138 471154 I 0 0 0 0 36 0 0 470916 0 24 28 20 0 0 0 3 49 77 0 1 0
139 472127 W 0 133 0 0 0 18 0 0 0 124 1 0 0 0 175 23 0 1 471495 0 157
140 471604 H 0 0 32 0 0 1 471189 0 0 34 0 142 3 26 80 4 0 0 5 82 6
141 473508 S 18 18 2 0 48 4 0 0 0 0 0 2 87 0 0 473179 35 0 0 110 5
142 468813 N 12 0 68 0 0 0 3 26 38 0 0 468600 1 0 0 35 9 0 0 21 0
143 468805 L 1 0 0 0 182 0 3 1 0 468470 30 0 1 0 0 84 0 3 11 0 19
144 471167 N 4 4 94 0 0 0 0 19 54 1 0 470874 0 0 1 74 7 3 0 32 0
145 466218 D 8 0 465815 32 0 56 39 0 0 0 0 49 0 0 0 0 1 52 0 165 1
146 464560 T 515 1 0 0 0 0 0 56 101 0 0 0 3 0 12 292 463578 2 0 0 0
147 464158 T 85 1 0 0 2 1 0 46 131 1 1 0 7 0 23 46 463812 1 0 0 1
148 460825 Y 0 57 5 0 36 0 57 0 0 0 0 16 0 0 0 6 0 0 0 460557 91
149 462915 Q 2 0 0 34 0 0 195 0 127 47 0 0 4 462328 116 2 0 0 0 1 59
150 459893 R 0 0 0 0 0 77 0 0 65 0 97 2 0 0 459517 91 24 0 19 0 1
151 458992 T 78 0 0 0 0 0 1 69 108 0 1 0 5 0 21 97 458611 0 0 1 0
152 459224 R 0 0 0 0 0 85 0 58 55 0 0 1 0 0 458945 19 26 0 0 0 35
153 460825 A 460434 9 105 0 0 27 1 0 0 3 1 2 10 1 1 109 74 45 0 0 3
154 464124 L 1 0 0 1 40 1 31 810 1 463022 1 0 65 5 5 1 2 133 0 3 2
155 462903 V 96 1 59 0 121 8 0 76 18 24 5 12 1 2 31 19 19 462399 0 2 10
156 463046 R 1 122 0 0 0 23 164 0 0 100 1 0 21 0 462477 133 2 2 0 0 0
157 464193 T 345 24 0 0 8 8 5 188 3 42 3 60 8 11 2 418 462537 527 0 2 2
158 463502 G 28 108 126 1 1 462914 1 0 0 3 0 0 1 2 17 203 5 84 0 1 7
159 462134 M 0 0 0 0 0 0 1 250 25 152 461542 0 0 1 6 3 64 87 0 0 3
160 466522 D 1 12 466172 51 1 73 12 4 2 0 0 49 7 3 1 0 1 28 0 105 0
161 466204 P 73 6 0 0 0 86 94 1 0 73 0 2 465057 6 28 596 127 54 0 0 1
162 469961 R 2 1 0 0 2 114 1 0 51 7 124 0 1 1 469500 105 21 14 13 2 2
163 470847 M 1 8 0 0 66 1 0 262 13 49 470249 0 0 1 2 3 73 115 0 2 2
164 471169 C 494 469956 0 0 121 31 2 0 10 5 4 33 1 2 66 84 13 49 20 126 152
165 467964 S 69 35 21 0 34 13 1 0 0 0 3 27 77 0 0 467492 51 2 0 136 3
166 468379 L 0 1 2 1 0 0 2 46 0 467930 189 0 116 41 6 0 8 37 0 0 0
167 473503 M 0 0 0 1 4 1 0 288 36 135 472897 0 0 0 3 0 72 64 0 0 2
168 475495 Q 25 0 1 33 1 3 165 0 137 28 2 0 13 474804 176 6 0 0 2 1 98
169 471747 G 26 86 62 1 0 471449 0 0 1 0 0 0 0 0 15 40 1 60 2 0 4
170 475758 S 2 0 1 0 1 0 0 0 2 107 0 1 52 0 1 475423 45 2 15 0 106
171 476228 T 79 50 0 0 0 0 1 33 0 4 0 102 5 1 0 63 475890 0 0 0 0
172 476324 L 1 1 0 0 31 1 35 165 0 475967 0 0 92 0 2 1 0 25 0 1 2
173 476464 P 48 1 1 1 0 0 173 0 0 34 1 2 475973 23 26 57 120 1 0 1 2
174 476803 R 0 0 1 0 0 87 0 2 35 1 127 0 1 0 476397 96 28 0 26 0 2
175 475417 R 0 0 0 0 0 77 3 0 252 0 118 0 0 0 474829 95 11 0 32 0 0
176 480542 S 21 14 0 0 56 9 0 0 0 0 0 1 78 0 0 480240 36 0 0 86 1
177 486929 G 14 0 0 58 1 486605 1 0 1 1 0 0 0 0 109 0 0 64 0 1 74
178 493766 A 493132 0 126 1 1 13 2 0 0 48 0 4 39 0 71 186 80 57 0 2 4
179 499690 A 499103 0 1 137 0 27 0 0 0 3 0 0 25 0 0 139 163 91 0 0 1
180 499683 G 8 77 39 0 0 499401 0 0 1 0 0 0 0 0 27 49 1 80 0 0 0
181 500153 A 499424 0 54 3 0 67 22 0 2 10 0 1 17 146 1 196 148 54 8 0 0
182 504646 A 503785 0 0 141 3 30 131 0 0 0 0 21 28 8 0 158 170 169 1 0 1
183 507096 V 84 1 47 9 134 5 1 183 0 15 1 3 3 0 1 0 0 506606 0 0 3
184 512197 K 0 0 0 81 0 1 2 26 511874 0 1 70 0 10 68 6 9 6 1 0 42
185 516751 G 18 0 0 57 0 516362 1 0 0 0 0 0 0 0 77 4 0 112 0 0 120
186 521706 V 64 0 40 2 99 2 0 131 2 18 10 0 6 3 0 4 29 521293 0 0 3
187 528165 G 80 0 0 94 0 527647 0 0 0 0 0 0 0 1 118 1 0 98 125 1 0
188 530789 T 136 0 0 1 0 0 0 93 108 0 0 0 5 0 19 137 530290 0 0 0 0
189 538011 M 36 162 1 1 2 26 4 330 42 115 537039 5 0 16 14 22 62 96 0 33 5
190 538793 V 276 101 0 70 0 104 0 3 0 79 68 0 0 0 2 155 57 537878 0 0 0
191 540099 M 1 7 0 0 0 7 0 225 41 116 539524 0 0 3 2 2 76 88 0 4 3
192 541206 E 4 0 140 540685 0 148 0 0 51 0 0 3 0 25 1 2 1 39 0 0 107
193 540811 L 29 45 3 0 189 12 0 2 0 540200 100 0 2 0 0 113 5 69 6 0 36
194 544351 I 4 0 0 0 0 0 1 543770 22 86 88 2 9 0 2 0 83 284 0 0 0
195 544105 R 0 0 0 0 0 101 0 0 67 1 178 0 0 0 543559 141 15 0 43 0 0
196 546350 M 19 0 0 2 0 18 0 242 52 39 545607 0 0 194 8 3 71 95 0 0 0
197 548584 I 26 0 3 0 62 1 0 548166 2 5 31 71 0 0 1 7 102 106 0 1 0
198 547422 K 0 0 0 82 0 0 0 8 547154 0 0 54 0 7 92 2 7 0 0 4 12
199 546648 R 1 79 1 0 0 25 127 0 1 127 1 0 23 0 546142 111 8 0 0 2 0
200 552222 G 14 3 0 91 0 551747 0 0 0 0 0 0 0 0 122 0 3 120 118 0 4
201 546448 I 16 5 0 1 71 0 1 545909 1 9 37 34 6 0 0 12 153 192 1 0 0
202 543695 N 15 0 125 2 0 15 28 41 48 93 2 543107 1 1 8 119 31 12 5 41 1
203 545174 D 3 0 544721 57 0 86 39 0 0 0 0 74 0 0 0 0 0 55 0 139 0
204 547264 R 1 0 0 0 0 21 0 3 0 116 0 0 21 139 546846 2 0 0 113 0 2
205 548748 N 3 238 112 2 2 20 3 32 77 1 1 548011 0 0 0 181 9 14 0 42 0
206 543662 F 6 4 0 1 543237 0 5 20 0 283 0 0 1 0 0 71 0 9 1 22 2
207 537884 W 0 117 0 0 16 8 3 0 1 130 0 0 1 0 176 28 0 0 537244 2 158
208 536458 R 1 0 0 1 0 145 0 153 45 0 0 0 1 0 535985 46 36 0 0 0 45
209 538458 G 18 128 76 1 0 538093 0 0 0 2 0 0 0 1 18 61 2 55 0 0 3
210 542090 E 4 0 46 541673 1 83 1 0 76 0 0 0 0 17 1 0 0 50 0 0 138
211 542891 N 1087 645 109 1 79 13 56 544 45 1424 1 537902 3 36 8 348 265 223 56 46 0
212 545343 G 29 0 1 75 1 544877 0 0 0 1 0 0 0 0 143 4 0 107 0 0 105
213 544322 R 0 0 1 0 0 30 1 0 5 122 0 0 17 143 543851 0 1 1 0 0 150
214 540335 K 16 0 0 84 5 1 78 27 539880 6 0 22 0 28 137 5 8 1 1 24 12
215 538146 T 81 0 0 0 0 284 1 54 107 0 0 2 131 1 14 56 537405 10 0 0 0
216 535551 R 5 0 0 0 0 98 0 0 82 4 124 0 0 0 535082 104 17 0 33 0 2
217 532457 S 5 50 0 1 7 121 0 93 2 78 23 178 4 65 64 531589 90 87 0 0 0
218 528218 A 527444 0 139 0 1 24 0 0 1 0 0 0 25 0 0 174 361 49 0 0 0
219 532817 Y 0 78 3 2 40 0 81 0 1 15 0 12 0 2 2 7 0 20 0 532415 139
220 534252 E 3 0 147 533666 0 96 0 0 93 5 0 1 0 32 0 0 0 43 0 0 166
221 535420 R 0 0 0 0 0 84 0 138 144 0 1 0 1 0 534963 26 20 0 0 0 43
222 527393 M 23 0 0 0 63 91 0 222 44 44 526489 5 0 0 6 43 58 86 0 219 0
223 520557 C 5 519993 0 0 112 18 0 0 0 0 0 0 0 0 108 89 0 0 23 92 117
224 519436 N 0 0 101 7 0 0 9 62 150 0 2 518986 0 0 0 83 6 0 0 30 0
225 521166 I 0 0 4 0 35 0 0 520522 0 286 3 25 0 0 0 34 122 116 2 17 0
226 520994 L 0 0 0 0 32 0 69 107 0 520654 0 0 97 2 8 0 0 25 0 0 0
227 520226 K 0 0 0 82 0 0 0 48 519957 1 1 31 0 4 66 1 5 0 0 0 30
228 513886 G 28 19 0 97 1 513446 0 0 1 0 2 1 0 0 62 0 5 114 0 0 110
229 509454 K 0 0 0 90 0 1 0 20 509191 0 0 51 0 3 79 0 3 3 0 0 13
230 509238 F 0 6 0 0 508912 0 0 31 0 178 0 0 0 0 1 71 0 16 2 20 1
231 503411 Q 21 0 0 35 1 21 30 5 152 115 20 0 19 502604 305 4 25 3 0 0 51
232 497884 T 75 11 0 0 0 0 109 63 151 23 0 0 24 11 64 36 497317 0 0 0 0
233 495034 A 493759 22 155 0 1 15 4 0 3 22 0 21 96 0 2 144 739 49 0 1 1
234 488708 A 487520 20 7 142 0 36 0 0 0 0 0 0 546 0 0 209 150 78 0 0 0
235 481196 Q 3 4 0 15 0 0 40 0 128 21 0 0 4 480833 84 1 1 1 0 0 61
236 475600 R 0 0 0 0 0 98 1 0 192 0 139 0 1 1 475040 91 15 0 21 0 1
237 470687 A 469786 0 1 113 0 276 3 0 2 0 41 1 20 0 11 171 151 110 0 0 1
238 460909 M 1 3 0 0 0 35 3 279 44 179 460218 2 1 14 5 10 47 64 0 0 4
239 452274 M 26 1 0 0 0 2 0 227 43 62 451564 0 0 0 4 6 95 241 2 1 0
240 441226 D 6 0 440591 253 0 113 27 0 0 0 0 97 0 0 0 12 1 35 0 91 0
241 426965 Q 1 0 2 29 0 0 20 1 118 24 0 0 6 426635 87 0 1 1 0 1 39
242 414859 V 92 6 0 37 0 11 0 4 0 159 65 1 0 0 1 0 9 414474 0 0 0
243 406876 R 23 1 0 1 0 101 3 113 292 8 0 0 2 4 406156 62 54 8 0 0 48
244 391403 E 4 0 39 391095 0 84 0 0 59 1 0 0 0 22 0 0 1 15 1 0 82
245 380993 S 28 9 0 0 0 434 0 67 0 1 0 56 94 0 44 380241 19 0 0 0 0
246 367221 R 0 0 0 0 0 15 12 0 33 69 0 1 11 143 366869 2 0 0 65 0 1
247 351476 N 6 1 60 0 10 10 3 20 56 2 8 350959 1 7 13 262 11 8 0 38 1
248 337197 P 7 9 0 0 0 0 1 0 1 56 0 1 336947 73 14 31 46 3 8 0 0
249 321824 G 11 0 0 31 0 321600 0 0 0 0 0 0 0 0 48 0 0 71 0 0 63
250 311490 N 5 3 51 0 4 7 2 17 21 2 4 311295 0 0 0 49 6 6 2 15 1
251 300332 A 300035 0 93 0 0 6 0 1 0 7 2 0 9 0 1 83 50 45 0 0 0
252 287495 E 4 1 97 287223 0 42 0 0 32 0 0 0 0 14 0 0 0 26 0 0 56
253 274856 I 0 0 0 1 26 0 0 274707 0 2 16 21 0 0 0 3 39 40 1 0 0
254 260357 E 2 0 21 260139 1 39 0 0 59 0 0 0 0 12 1 0 0 19 0 0 64
255 244163 D 2 0 244000 15 0 43 9 1 0 0 0 19 0 0 0 0 0 23 0 51 0
256 228890 L 0 17 0 0 15 0 21 54 0 228722 0 1 40 0 3 0 0 17 0 0 0
257 216263 I 1 1 0 0 10 1 1 216063 0 91 11 12 0 2 0 4 29 30 0 7 0
258 202174 F 0 1 0 0 202076 0 0 9 0 46 0 0 1 0 1 27 0 4 0 7 2
259 192223 L 2 0 0 0 0 0 0 5 0 192025 55 1 47 17 5 2 0 64 0 0 0
260 179660 A 179419 0 0 43 0 12 0 0 0 0 0 1 6 0 0 85 42 52 0 0 0
261 167575 R 1 0 0 0 0 8 0 0 0 36 0 0 4 43 167430 0 0 0 53 0 0
262 156234 S 1 11 0 0 18 0 0 0 0 0 0 0 24 0 0 156127 9 0 0 44 0
263 140843 A 140414 19 0 43 0 38 0 0 0 1 2 1 5 0 0 78 202 39 0 0 1
264 127931 L 10 1 0 1 20 0 11 38 0 127747 77 0 15 2 1 1 1 6 0 0 0
265 112171 I 5 12 0 0 0 0 0 111910 6 38 35 0 3 1 1 1 18 141 0 0 0
266 99741 L 0 0 0 0 22 0 0 21 0 99621 7 0 0 0 0 21 0 38 4 2 5
267 90590 R 0 0 0 0 0 18 0 19 97 0 0 0 0 1 90438 6 3 0 0 0 8
268 80511 G 1 0 0 7 0 80314 0 0 0 0 0 0 4 0 19 103 19 30 14 0 0
269 69287 S 7 2 0 0 0 6 0 0 0 6 0 0 7 0 0 69205 23 2 0 0 29
270 56315 V 8 0 5 0 3 1 1 2 0 1 0 0 0 1 0 0 4 56289 0 0 0
271 45490 A 45440 0 11 0 0 9 0 0 0 0 0 0 1 0 1 8 11 8 0 1 0
272 38541 H 0 0 3 0 0 0 38486 0 0 8 0 12 1 16 7 1 0 1 0 5 1
273 31259 K 0 0 0 7 0 0 0 0 31245 0 0 1 0 0 5 0 0 1 0 0 0
274 23129 S 0 1 0 0 0 0 0 0 0 0 0 1 2 0 0 23105 8 0 0 12 0
275 19940 C 4 19911 0 0 7 0 0 0 0 0 2 0 0 0 4 0 0 1 1 3 7
276 14691 L 0 0 0 0 0 0 0 0 0 14686 3 0 0 0 0 0 1 1 0 0 0
277 12401 P 2 0 1 0 0 1 30 0 0 14 0 0 12309 0 11 30 2 0 0 0 1
278 11522 A 11384 6 35 0 0 26 0 1 0 1 4 0 7 0 0 16 24 17 0 1 0
279 10635 C 3 10568 0 0 10 1 0 0 0 0 0 0 0 0 45 1 0 1 1 1 4
280 13883 V 1 5 0 1 0 0 0 0 0 4 4 0 0 0 0 0 0 13868 0 0 0
281 17625 Y 0 5 0 0 3 0 5 0 0 0 0 1 0 0 0 0 0 0 0 17606 5
282 13834 G 33 0 0 6 0 13787 0 0 0 0 0 0 0 0 1 2 0 0 0 0 5
283 33573 P 165 63 0 0 41 351 37 22 28 245 39 14 32056 13 51 238 68 141 0 1 0
284 44707 A 44384 0 39 0 0 7 3 0 0 0 14 0 28 1 4 52 53 122 0 0 0
285 51507 V 7 11 0 5 2 1 1 17 0 27 0 0 0 0 0 0 1 51435 0 0 0
286 60556 A 60443 0 20 0 0 48 1 0 0 2 0 0 2 0 8 6 7 19 0 0 0
287 68658 S 0 7 0 0 0 8 0 9 0 0 0 11 0 2 25 68573 23 0 0 0 0
288 79013 G 0 14 9 0 0 78964 0 0 0 0 0 0 0 0 1 8 0 17 0 0 0
289 93271 Y 2 7 1 0 8 0 36 26 8 1 6 9 0 0 12 3 0 0 0 93133 19
290 108970 D 1 0 108865 27 0 25 3 0 0 0 0 25 0 0 0 0 1 10 0 13 0
291 122780 F 0 1 0 0 122698 0 0 4 0 55 0 0 0 0 0 12 0 1 0 9 0
292 135608 E 11 0 7 135385 1 42 4 3 33 2 0 0 3 4 8 22 4 54 0 0 25
293 145544 K 2 0 0 18 0 4 2 10 145445 0 0 14 0 1 24 10 10 0 0 0 4
294 159095 E 167 5 45 158261 12 63 73 0 20 4 0 102 0 14 94 76 98 15 1 0 45
295 172513 G 7 0 0 26 0 172382 0 0 0 0 0 0 0 0 31 0 0 29 0 0 38
296 188076 Y 0 32 1 0 23 0 18 0 0 1 0 17 0 0 0 2 0 1 0 187932 49
297 202469 S 1 6 0 0 14 1 0 0 0 0 0 0 37 0 1 202315 27 0 0 67 0
298 220489 L 0 0 0 0 22 0 0 8 0 220420 0 1 1 1 1 31 0 1 0 0 3
299 237437 V 24 0 0 15 0 3 0 0 0 71 39 0 0 0 1 0 0 237283 0 0 1
300 250008 G 5 0 1 59 0 249791 0 0 0 2 0 0 0 0 48 0 0 56 3 0 43
301 260374 I 4 0 0 1 9 1 51 259863 23 43 83 1 1 3 142 14 56 52 0 27 0
302 275962 D 82 6 275585 48 0 45 29 0 0 0 0 42 0 6 5 7 0 27 9 71 0
303 292758 P 8 0 0 0 0 1 95 3 0 20 0 0 292542 0 11 26 50 0 0 0 2
304 305178 F 7 11 0 4 304753 5 0 44 0 196 8 0 10 2 1 62 1 39 0 35 0
305 316469 K 5 2 0 62 2 2 0 17 316154 7 0 28 0 5 159 3 5 2 0 0 16
306 328766 L 0 4 2 0 0 0 0 1 0 328574 80 0 58 23 6 1 2 15 0 0 0
307 345033 L 0 0 0 0 29 0 26 81 0 344767 7 0 55 54 4 2 1 7 0 0 0
308 361123 Q 137 332 1 31 0 18 41 21 113 55 42 7 7 360109 90 36 11 27 1 2 42
309 373872 N 125 8 32 2 2 141 8 114 109 35 8 372795 0 3 88 250 119 23 2 8 0
310 388442 S 91 53 0 0 0 88 6 102 1 1 0 71 2 1 89 387539 186 61 0 151 0
311 400234 Q 1 1 1 15 0 2 14 1 101 35 0 72 10 399428 338 138 0 3 1 4 69
312 415478 V 52 26 0 31 0 4 0 90 0 168 37 0 1 0 2 0 28 415039 0 0 0
313 430388 Y 1 72 2 0 41 2 49 4 0 8 0 31 1 0 1 22 0 4 0 430020 130
314 445224 S 26 273 0 0 0 100 0 164 0 2 0 57 0 0 129 444401 43 28 0 0 1
315 456681 L 4 1 4 0 0 1 1 123 0 456406 1 1 78 31 8 0 0 19 1 1 1
316 468936 I 0 18 0 0 29 2 0 468675 0 49 22 37 0 0 0 4 45 51 0 2 2
317 477153 R 1 0 0 2 1 127 0 120 46 0 0 0 0 0 476787 15 35 0 0 0 19
318 486465 P 122 1 1 7 1 7 79 3 45 103 1 3 485642 129 46 174 71 24 0 3 3
319 495383 N 37 18 55 8 0 194 23 22 183 26 1 494472 0 24 81 158 36 11 0 34 0
320 503224 E 2 0 128 502734 0 88 0 1 96 0 0 0 0 23 0 0 0 47 0 0 105
321 506800 N 5 1 57 0 0 2 6 42 136 2 0 506188 0 0 174 85 6 72 2 22 0
322 510283 P 86 4 0 0 1 34 2 2 3 84 1 6 509680 100 31 81 157 10 0 1 0
323 513142 A 512081 0 1 151 8 130 83 5 1 64 16 23 23 7 69 175 105 192 0 2 6
324 517921 H 0 0 17 0 0 1 517410 0 0 70 0 145 5 136 67 7 0 0 0 63 0
325 518331 K 0 0 0 93 0 0 2 0 517923 0 32 158 0 8 96 1 6 0 0 0 12
326 518112 S 0 38 0 0 0 81 0 95 0 0 0 59 0 0 47 517781 11 0 0 0 0
327 515284 Q 0 0 0 35 0 0 184 0 114 30 0 0 7 514729 117 3 0 0 0 0 65
328 510134 L 1 0 0 0 0 1 0 91 2 509733 165 1 60 35 15 0 2 27 0 0 1
329 509490 V 64 1 0 42 0 8 0 28 0 102 56 0 5 0 1 1 0 509180 0 0 2
330 512208 W 0 134 0 0 0 9 0 0 0 131 0 0 0 0 107 19 0 0 511652 1 155
331 509265 M 0 0 0 0 0 0 0 250 48 203 508600 0 0 1 8 4 56 94 1 0 0
332 508623 A 508070 0 0 169 1 31 0 0 3 1 0 0 17 0 1 132 91 106 0 0 1
333 509087 C 19 508363 0 0 154 11 2 0 0 7 0 0 1 0 141 80 4 17 18 133 137
334 506869 N 15 212 93 0 4 4 31 36 20 1 2 506238 0 0 0 146 7 2 0 55 3
335 503738 S 54 25 1 0 36 5 2 0 0 0 0 2 60 0 0 503410 27 0 0 115 1
336 501316 A 500554 0 167 0 0 41 0 0 0 97 0 0 10 0 1 185 194 66 0 0 1
337 499380 A 498856 2 0 137 0 32 0 0 1 1 0 0 25 1 0 157 98 70 0 0 0
338 498525 F 0 1 0 0 498301 9 3 19 0 93 0 0 1 0 2 67 1 4 1 22 1
339 499281 E 6 0 68 498860 0 86 0 0 44 1 0 0 0 30 0 0 0 41 0 0 145
340 493807 D 3 0 493382 44 0 76 17 0 1 0 0 92 0 0 0 2 1 47 0 142 0
341 492245 L 0 1 0 0 0 0 0 154 0 491883 0 0 119 29 6 0 1 52 0 0 0
342 490563 R 52 0 0 0 0 81 0 118 75 3 0 0 0 55 490041 62 42 0 1 0 33
343 489124 V 59 0 0 29 0 5 0 135 0 332 5 4 2 0 0 0 0 488553 0 0 0
344 489566 L 1 0 0 0 44 1 0 41 1 489347 0 0 0 0 2 60 0 10 0 0 59
345 492938 S 7 34 13 0 0 81 0 124 0 2 0 62 0 5 170 492398 40 1 1 0 0
346 492925 F 0 24 0 1 492383 2 6 31 1 251 13 0 0 1 1 94 1 69 0 47 0
347 490588 I 1 8 0 0 38 0 0 490319 1 3 39 45 0 0 0 3 59 72 0 0 0
348 486754 R 0 0 0 0 0 108 0 129 46 3 0 0 0 0 486366 32 33 1 1 0 35
349 490379 G 16 0 0 74 0 490073 0 0 0 0 0 0 1 0 63 0 0 65 87 0 0
350 492038 T 215 71 0 0 3 239 1 101 39 26 51 64 8 18 1 173 491006 10 5 0 7
351 492019 K 1 0 0 63 4 2 0 38 491737 17 0 46 0 8 67 2 6 1 0 0 27
352 492082 V 77 1 0 48 0 5 0 100 0 149 0 0 0 2 5 2 1 491692 0 0 0
353 498037 S 1 12 0 0 52 0 0 103 0 35 0 0 370 0 23 497273 37 6 16 109 0
354 497832 P 12 0 1 0 0 1 0 0 0 67 0 2 497443 106 68 41 88 2 0 1 0
355 496826 R 0 0 0 0 0 65 0 0 86 4 155 0 0 0 496361 102 21 0 32 0 0
356 500630 G 12 1 1 58 0 500321 0 0 2 0 0 0 0 0 78 0 0 64 92 0 1
357 495567 K 0 0 0 100 1 0 5 35 495214 3 0 66 0 4 108 0 3 0 0 0 28
358 497795 L 0 1 0 0 45 0 13 39 1 497566 0 0 110 0 3 0 4 12 0 0 1
359 504188 S 178 32 0 11 49 14 10 3 196 43 0 0 119 29 109 503223 47 10 0 115 0
360 511561 T 74 9 0 0 0 0 2 39 0 0 0 146 2 0 1 82 511155 51 0 0 0
361 505749 R 0 0 0 0 2 62 0 157 51 17 0 0 1 0 505355 21 41 0 0 0 42
362 511033 G 15 0 0 47 0 510677 0 0 0 0 0 0 0 0 74 0 0 105 1 0 114
363 513738 V 92 4 0 47 0 3 0 503 0 254 0 0 0 0 0 0 0 512835 0 0 0
364 516851 Q 15 51 1 19 23 3 47 25 97 73 882 0 5 515405 82 12 12 32 0 1 66
365 520874 I 0 1 0 0 32 1 0 520640 0 11 6 39 0 0 1 3 71 68 0 0 1
366 526062 A 525591 0 147 0 0 17 0 0 0 0 0 0 22 0 1 174 69 41 0 0 0
367 526806 S 117 3 0 0 4 88 82 0 3 57 0 24 80 0 0 526075 87 2 6 3 175
368 522738 N 9 0 73 0 0 103 5 17 84 49 16 522076 6 9 3 81 183 2 0 21 1
369 525827 E 3 0 14 525457 0 70 0 0 81 0 1 0 0 28 1 1 2 37 0 0 132
370 524060 N 6 25 205 37 4 5 21 68 141 58 2 523266 17 9 26 64 94 0 0 12 0
371 526421 M 3 71 0 0 0 0 0 324 33 144 525668 1 4 1 6 2 63 101 0 0 0
372 528640 D 8 0 528188 115 0 121 30 0 0 1 0 62 1 0 1 4 1 42 0 65 1
373 530021 A 529138 57 174 0 19 22 3 27 2 13 0 12 66 1 14 174 156 128 11 4 0
374 531695 M 4 3 0 0 0 0 0 335 34 90 531082 0 1 0 2 1 58 84 0 0 1
375 529831 E 9 3 54 529358 0 118 0 3 78 2 0 0 0 17 1 4 11 50 0 0 123
376 529920 S 92 16 0 0 0 31 0 0 0 53 0 4 66 2 0 529284 52 136 4 0 180
377 525653 S 21 52 0 0 31 112 13 117 1 13 6 62 1 0 81 525031 51 56 0 3 2
378 522740 T 184 0 0 0 0 4 1 50 1 32 0 105 6 0 38 161 522146 12 0 0 0
379 523474 L 0 2 0 1 31 2 37 167 0 523023 4 1 112 1 13 0 1 75 0 1 3
380 519260 E 6 0 49 518844 0 67 0 0 83 2 0 0 1 31 0 0 0 51 0 0 126
381 518389 L 0 0 0 0 0 2 2 0 0 518079 143 0 100 19 7 1 2 33 1 0 0
382 516908 R 0 0 0 1 0 139 0 40 68 1 0 267 9 0 516291 39 21 0 0 0 32
383 516797 S 153 27 2 2 0 90 0 149 0 0 0 91 1 2 203 515939 84 54 0 0 0
384 515470 R 0 9 0 0 1 169 0 0 135 9 108 1 0 17 514895 69 24 2 31 0 0
385 514059 Y 22 102 6 0 30 3 87 1 1 2 1 45 0 0 11 2 0 0 0 513627 119
386 514443 W 1 104 0 0 0 11 0 1 0 126 0 0 0 1 123 20 0 1 513887 0 168
387 512285 A 511723 0 113 7 1 61 0 0 0 0 0 0 26 0 0 127 122 101 0 1 3
388 507126 I 0 0 0 0 0 0 0 506781 31 70 118 0 1 0 6 0 53 66 0 0 0
389 507103 R 2 0 0 0 2 68 0 128 60 0 1 0 0 0 506758 35 15 0 1 0 33
390 504909 T 58 0 4 0 0 0 0 44 1 0 0 72 14 0 1 66 504649 0 0 0 0
391 508350 R 0 0 0 0 0 89 0 89 83 7 1 1 0 0 507983 38 20 0 0 0 39
392 508269 S 6 22 1 0 0 85 0 104 0 0 0 52 1 0 56 507928 13 0 1 0 0
393 511695 G 23 1 0 41 0 511290 0 0 1 0 0 0 1 1 119 0 1 117 0 0 100
394 511095 G 25 0 0 56 2 510693 0 0 1 0 0 0 0 2 95 4 0 115 0 0 102
395 508020 N 8 0 99 0 0 15 17 46 155 2 0 507248 0 24 184 131 47 6 2 36 0
396 505409 T 309 75 0 1 91 14 135 98 81 386 4 165 48 61 5877 205 497677 159 10 12 1
397 505312 N 14 10 72 0 110 15 12 77 814 46 0 503629 2 2 348 100 22 3 26 9 1
398 501515 Q 28 4 0 26 3 19 50 9 347 55 1 1 16 498279 2579 16 3 25 2 8 44
399 499070 Q 142 6 0 19 115 152 240 18 179 197 2 0 269 491176 6381 72 19 19 1 5 58
400 495990 R 12 0 0 0 0 137 2 0 146 1 55 0 0 2 495524 64 15 5 27 0 0
401 497991 A 488353 18 100 0 0 46 75 8 205 4 0 4 57 0 8478 310 165 163 1 3 1
402 496297 S 112 48 0 5 38 10 353 0 86 1 0 0 139 129 865 494366 64 35 0 46 0
403 493581 A 491861 12 0 141 0 37 2 1 20 4 2 166 45 39 149 131 638 330 0 1 2
404 494464 G 362 176 104 2 0 493164 0 1 0 11 3 0 0 0 25 541 0 74 0 0 1
405 503502 Q 0 0 0 28 0 0 42 0 104 39 1 0 11 503142 61 0 0 0 0 0 74
406 501077 I 0 5 0 0 38 0 0 500739 0 12 17 32 0 4 15 51 102 62 0 0 0
407 507045 S 211 297 0 0 0 118 0 136 0 0 0 54 0 3 85 506112 28 0 0 1 0
408 508018 V 118 25 0 65 0 6 1 4 0 185 157 0 0 0 0 0 3 507454 0 0 0
409 510277 Q 295 95 0 31 0 29 172 56 129 29 1 22 3 508418 77 221 286 154 50 19 190
410 510659 P 520 27 1 0 1 11 122 0 0 34 7 0 509764 2 23 78 65 4 0 0 0
411 517551 A 516206 19 0 118 0 31 0 0 1 1 0 0 18 0 107 529 380 140 1 0 0
412 522717 F 0 8 0 1 522387 1 0 58 0 157 10 1 0 0 0 60 0 11 0 19 4
413 526263 S 3 23 1 0 41 7 0 0 0 1 0 1 81 0 3 525959 23 1 0 117 2
414 528384 V 134 27 0 95 1 5 0 3 1 394 254 0 0 0 0 4 25 527439 1 0 1
415 533878 Q 274 1 3 54 21 181 42 0 180 201 65 0 7 530031 649 1859 94 135 1 3 77
416 535072 R 0 0 0 0 0 117 0 69 44 0 1 0 1 0 534761 21 35 0 1 0 22
417 539261 N 44 0 81 0 44 297 492 425 99 536 2 536145 22 68 644 97 133 93 14 25 0
418 543171 L 2 44 0 0 64 1 43 202 0 542050 182 0 119 0 5 0 0 458 1 0 0
419 545206 P 46 8 0 7 5 1 0 2 0 66 0 0 544712 126 18 52 95 68 0 0 0
420 545199 F 531 8 0 1 543300 7 39 34 0 356 25 10 0 0 1 470 10 313 0 94 0
421 550228 D 976 18 540192 151 2 120 375 672 11 1865 192 642 0 137 150 3014 98 1321 0 292 0
422 550592 K 60 1 0 86 44 588 244 25 548750 75 52 115 0 26 261 173 10 34 0 34 14
423 547601 P 128 28 3 9 15 1313 90 3 76 95 0 155 540149 274 4624 517 111 2 1 7 1
424 546903 T 246 73 57 44 39 3 322 613 0 120 0 173 9 47 17 256 544764 80 40 0 0
425 548093 I 14 78 2 2 40 0 0 547156 1 11 38 59 0 0 0 6 151 533 0 0 2
426 542614 M 51 7 0 0 2 3 3 597 45 184 541115 33 0 10 15 11 331 205 2 0 0
427 541056 A 537042 755 10 168 1 390 383 7 14 203 0 88 35 25 86 611 601 607 0 30 0
428 532403 A 530616 302 0 175 16 33 14 1 24 1 0 55 27 5 10 380 618 107 0 19 0
429 524994 F 1 11 0 0 523483 1 0 37 0 285 0 0 1 1 1 87 1 7 0 1072 6
430 516720 T 147 37 0 0 2 884 5 59 55 69 1 171 201 1 1664 483 512889 44 7 0 1
431 506253 G 111 13 0 78 146 504945 112 26 20 60 13 2 3 82 135 72 0 181 245 9 0
432 497305 N 95 178 95 2 56 71 85 52 90 70 0 494816 24 419 304 129 532 70 15 201 1
433 489807 T 136 62 23 43 50 131 0 235 145 224 42 3 27 151 147 78 488256 26 10 18 0
434 478582 E 35 26 148 477419 0 145 4 26 78 91 7 27 36 84 13 22 13 246 5 1 156
435 466181 G 20 0 0 91 0 465801 0 0 0 0 0 0 0 0 79 0 1 123 0 0 66
436 454580 R 2 0 0 0 0 79 3 119 58 1 0 0 0 0 454233 32 24 0 0 0 29
437 439484 T 64 20 15 1 0 1 3 43 83 0 0 2 7 0 22 92 439112 1 0 0 18
438 427801 S 46 2 0 0 3 1832 47 0 0 43 5 445 81 11 0 425078 39 2 0 19 148
439 417003 D 3 0 416591 125 0 47 31 0 0 3 0 42 0 0 0 0 0 66 0 94 1
440 403866 M 23 0 1 3 8 16 2 224 76 42 400951 3 2 4 8 13 58 56 44 2330 2
441 392160 R 0 0 0 0 0 93 0 0 50 0 128 1 0 0 391781 69 15 0 23 0 0
442 379489 A 376435 34 0 109 1 44 1 227 5 128 1 79 16 0 7 733 1340 329 0 0 0
443 369565 E 3 0 28 369289 0 48 0 3 53 0 0 1 4 20 0 0 1 22 0 0 93
444 358184 I 1 2 0 1 21 5 0 357760 0 6 2 15 0 0 0 9 91 268 1 0 2
445 343816 I 0 5 0 0 0 4 0 343529 25 29 76 3 1 1 4 0 48 90 0 0 1
446 330017 R 171 20 130 70 4 159 13 5 153 18 137 23 386 45 328124 272 229 39 18 1 0
447 317492 M 38 2 2 8 9 15 58 276 38 54 316521 3 1 66 175 47 66 94 1 18 0
448 303568 M 2 5 0 0 0 0 0 141 39 197 303044 0 0 0 7 1 59 73 0 0 0
449 287302 E 2 0 18 287065 0 71 0 0 30 2 0 0 0 23 0 12 2 25 0 0 52
450 274367 G 15 72 187 0 6 273083 17 20 22 36 0 5 0 1 43 110 662 74 14 0 0
451 258698 A 254267 0 2 116 586 674 22 11 73 144 0 0 20 70 178 119 193 175 0 2047 1
452 241455 K 3 0 0 40 0 27 6 24 241120 34 0 57 68 3 33 0 6 30 2 1 1
453 225543 P 88 146 6 0 0 466 7 0 3 291 0 20 223544 112 204 56 138 7 445 10 0
454 212861 E 293 29 27 210460 225 443 7 3 33 684 1 19 4 12 10 382 7 89 2 58 73
455 192926 E 41 169 20 191354 20 194 30 249 32 56 4 57 8 57 153 121 70 237 2 3 49
456 176517 M 122 53 0 2 40 91 14 67 166 47 175029 13 0 0 389 294 21 75 9 85 0
457 166005 S 33 4 1 0 18 153 4 0 0 31 0 31 37 33 1 165595 37 1 1 25 0
458 156293 F 0 3 0 0 156109 0 0 11 0 105 2 0 0 0 0 33 0 0 5 25 0
459 146853 Q 41 0 1 14 57 180 81 6 64 43 5 0 14 144616 1595 59 44 15 1 0 17
460 136427 G 145 20 1 37 3 135804 0 0 26 3 4 3 0 0 304 26 8 40 3 0 0
461 128273 R 0 0 0 0 0 15 0 0 0 61 0 0 7 64 128093 0 0 0 33 0 0
462 121515 G 17 0 0 19 3 121351 0 0 0 4 0 2 0 0 38 1 0 27 2 0 51
463 108847 V 13 4 4 0 18 5 0 75 0 15 0 0 0 0 1 0 0 108711 0 1 0
464 353526 F 0 6 0 4 353133 3 1 37 0 204 0 0 27 1 0 60 0 12 0 37 1
465 362318 E 1 0 147 361861 0 57 0 0 71 0 0 0 0 36 0 0 0 11 3 0 131
466 381492 L 17 3 8 0 210 60 676 320 44 379153 121 38 150 87 20 11 164 194 190 26 0
467 404868 S 2 1 2 8 7 44 6 1 51 101 0 5 61 5 22 404339 112 9 24 0 68
468 417906 D 1 0 417526 73 0 101 19 0 0 0 0 59 0 0 0 0 0 24 0 103 0
469 444128 E 44 0 33 443498 2 109 2 12 92 13 0 4 0 55 1 12 9 82 0 1 159
470 463200 R 0 0 0 0 0 64 0 0 105 0 148 0 0 0 462735 116 17 0 15 0 0
471 484135 A 483728 0 0 90 0 25 0 0 0 1 0 0 12 0 0 99 76 104 0 0 0
472 510003 A 508915 4 0 99 0 18 5 0 0 1 0 0 41 1 0 283 507 129 0 0 0
473 525888 N 3 118 59 0 0 5 144 21 136 9 0 524874 4 5 290 164 23 5 1 27 0
474 543987 P 774 0 0 0 0 0 0 0 0 104 0 0 542638 106 225 43 89 4 4 0 0
475 558126 I 0 0 0 0 39 0 0 557789 0 11 22 50 1 0 0 4 58 151 1 0 0
476 560230 V 583 0 0 43 0 46 0 0 0 286 153 0 4 8 19 0 2 559086 0 0 0
477 569809 P 23 0 0 0 0 0 58 0 0 65 0 0 569500 0 15 70 78 0 0 0 0
478 580888 S 3 22 1 1 50 0 0 2 17 43 2 0 96 3 21 580492 31 29 0 75 0
479 590062 F 7 120 0 0 589283 14 8 106 0 235 0 3 45 9 52 61 5 64 7 43 0
480 592165 D 12 4 590453 151 3 168 82 0 7 13 0 125 26 11 269 537 8 99 0 197 0
481 600302 M 9 30 0 1 5 9 1 375 39 64 599486 0 2 2 65 6 78 113 16 1 0
482 596319 S 0 39 0 0 0 106 0 196 1 0 0 93 0 0 74 595741 69 0 0 0 0
483 609038 N 0 0 83 0 0 0 3 31 149 1 0 608683 0 4 0 55 2 5 0 22 0
484 610399 E 31 0 55 609613 5 75 0 0 99 2 0 0 36 73 1 4 27 177 0 0 201
485 610241 G 110 26 0 56 38 609032 13 1 12 7 0 0 0 3 520 8 1 225 13 1 175
486 609433 S 1 23 0 0 44 0 0 0 0 1 0 0 68 0 0 609166 52 0 0 78 0
487 608416 Y 0 71 2 0 45 0 94 0 0 0 0 6 0 0 0 4 0 0 1 608144 49
488 604939 F 0 2 0 0 604545 0 0 32 0 250 0 0 0 0 0 67 0 2 0 41 0
489 606173 F 0 1 0 0 605773 0 0 28 0 261 0 0 0 0 0 53 0 3 0 53 1
490 604030 G 38 0 0 61 0 603404 0 0 0 0 0 0 0 0 203 0 0 167 0 0 157
491 604526 D 7 2 603892 118 0 158 37 0 0 1 0 59 0 0 0 0 0 68 9 171 4
492 602846 N 0 0 70 0 3 6 8 30 51 0 0 602394 0 0 136 111 10 0 0 27 0
493 602594 A 601607 0 0 141 0 92 0 0 0 4 0 0 36 5 1 248 286 173 0 0 1
494 602000 E 3 0 202 601333 0 82 2 0 76 1 6 0 11 65 1 0 0 29 0 0 189
495 599256 E 5 0 432 598368 0 141 0 0 61 1 7 0 12 24 3 19 0 39 1 0 143
496 573437 Y 9 143 3 0 265 8 79 3 0 5 0 51 0 0 4 19 0 3 18 572696 131
497 589941 D 1377 190 582024 146 1 999 59 123 25 83 872 550 0 0 37 256 580 2407 21 157 34
498 579766 N 197 87 58 1 28 644 63 344 1785 57 153 569742 13 42 4359 702 721 133 11 58 568
