# nucleotide counts
# upper case indicates nucleotide called by both reads
# lower case indicates nucleotide called by one read with other ambiguous
# N indicates disagreement between reads, or both ambiguous
# POSITION WT COUNTS A T C G a t c g N
1 A 829931 825303 53 11 158 4107 12 2 2 283
2 T 830870 89 825807 118 7 0 4556 1 0 292
3 G 831707 133 168 43 826327 3 8 5 4776 244
4 G 832064 73 89 18 826900 0 7 0 4784 193
5 C 833025 228 312 826884 43 4 8 5300 1 245
6 G 834166 196 165 32 827663 1 2 2 5838 267
7 T 835148 143 826149 523 1483 2 6228 7 13 600
8 C 836152 351 390 828256 97 3 11 6839 1 204
9 C 837268 431 1662 827076 169 6 21 7345 2 556
10 C 838343 4147 5383 819854 972 48 46 7639 3 251
11 A 839571 825568 2363 2230 839 8164 31 22 8 346
12 A 840811 823400 6158 1453 694 8757 74 24 8 243
13 G 841479 163 265 244 831372 5 9 9 8971 441
14 G 842561 140 135 106 832456 3 6 3 9457 255
15 C 843895 226 101 833266 31 6 10 9996 6 253
16 A 844839 833204 47 9 174 10471 9 8 7 910
17 C 845791 107 83 834582 24 5 6 10817 0 167
18 C 847441 206 76 835045 49 4 8 11657 2 394
19 A 848890 835797 26 14 109 12739 4 6 1 194
20 A 850167 836655 47 9 93 13018 2 1 1 341
21 A 851171 837624 49 39 124 12892 2 11 6 424
22 C 852293 181 168 838509 30 9 14 13122 2 258
23 G 853306 154 167 34 839639 6 12 6 13078 210
24 G 855114 171 109 22 841108 2 7 6 13494 195
25 T 856606 136 839895 157 15 4 14249 10 7 2133
26 C 858175 244 104 842218 55 5 14 15084 3 448
27 T 859789 79 842823 259 113 0 16314 15 3 183
28 T 861464 87 842189 441 42 4 18312 10 1 378
29 A 863702 842795 153 36 138 20248 8 1 10 313
30 T 865814 126 843497 352 14 10 21615 24 3 173
31 G 866848 147 221 75 842981 19 33 9 23129 234
32 A 868709 843248 89 2 209 24923 8 11 19 200
33 A 870562 843620 91 19 245 26299 16 8 12 252
34 C 872807 1026 432 842651 523 37 26 27855 32 225
35 A 875146 842217 445 825 836 30378 29 35 44 337
36 G 875886 680 566 954 841361 32 44 63 31934 252
37 A 877806 842421 70 9 133 34667 14 4 9 479
38 T 879626 87 841619 93 11 21 37599 8 6 182
39 G 881229 164 149 43 839743 19 29 8 40872 202
40 G 882592 102 224 52 838213 28 38 12 43656 267
41 A 884260 834799 136 5 181 48707 29 8 20 375
42 A 885941 833386 75 33 338 51802 18 18 29 242
43 A 887140 833662 65 75 126 52846 21 26 18 301
44 C 888823 218 82 833511 45 30 23 54742 5 167
45 T 891300 73 830947 177 37 44 59829 31 12 150
46 G 891935 90 206 70 828609 16 96 15 62672 161
47 A 892757 827335 66 3 160 64849 35 10 51 248
48 T 893988 80 826228 96 73 50 67212 32 33 184
49 G 894512 565 283 144 820822 79 88 54 72160 317
50 G 894219 505 162 185 817785 91 67 37 75198 189
51 G 893432 526 549 172 813725 74 111 34 77873 368
52 G 892890 420 210 487 810203 97 52 53 81054 314
53 A 892953 807115 266 615 282 84204 45 66 53 307
54 A 891342 804999 183 593 438 84497 38 83 94 417
55 C 890474 179 203 800210 23 49 55 89486 27 242
56 G 888066 330 178 62 795139 64 58 39 91921 275
57 C 887436 139 60 791166 23 46 29 95574 28 371
58 C 890786 148 130 787413 29 94 46 102528 28 370
59 A 892476 780979 77 1957 313 108379 56 285 83 347
60 G 889136 202 243 54 779570 65 65 26 108700 211
61 A 888028 774063 489 132 143 112450 108 39 81 523
62 A 887493 765611 72 1267 433 119401 38 245 75 351
63 T 888152 436 759414 636 779 87 125916 115 221 548
64 G 885358 480 248 1838 749996 549 72 324 131674 177
65 C 883967 255 334 741318 1946 94 531 138822 371 296
66 A 883524 730735 1607 360 477 148972 351 141 526 355
67 A 881078 723973 656 233 350 154628 150 266 448 374
68 C 880096 475 133 719308 243 227 57 159318 106 229
69 T 880165 332 718933 995 215 606 158518 230 71 265
70 G 876116 207 185 162 713009 103 86 70 162056 238
71 A 873485 706030 120 52 160 166497 118 258 55 195
72 G 869831 244 245 178 699231 499 124 92 169036 182
73 A 866872 686151 44 140 113 179665 202 84 236 237
74 T 863240 58 675073 204 7 88 187373 162 114 161
75 C 860868 205 212 661894 63 386 154 197175 247 532
76 A 859313 651383 55 362 183 206661 124 122 276 147
77 G 851581 111 188 40 641911 327 108 99 208585 212
78 A 846459 627804 18 299 165 217368 121 134 282 268
79 G 838341 291 161 107 615990 194 165 85 221091 257
80 C 832204 340 155 611201 117 333 110 219616 130 202
81 A 826719 597972 71 95 228 227836 85 65 185 182
82 T 820921 257 588780 274 166 204 230630 149 260 201
83 C 815863 468 53 582124 213 481 176 232064 149 135
84 C 819589 277 464 577499 60 555 250 240216 117 151
85 G 813921 354 126 30 573341 466 203 40 239180 181
86 T 805388 65 563675 95 10 129 240658 71 217 468
87 C 799692 136 957 555267 92 190 642 241981 193 234
88 G 784979 172 145 28 552738 313 160 132 231086 205
89 G 773282 77 106 30 543447 79 200 30 229105 208
90 G 314746 114 73 21 248356 63 56 25 65946 92
91 A 310125 247254 12 7 42 62561 23 13 27 186
92 A 305343 242727 23 3 56 62329 52 13 39 101
93 G 303969 47 72 18 243239 37 55 17 60419 65
94 A 303126 242383 23 3 41 60536 23 10 15 92
95 T 304342 22 243700 38 4 34 60417 25 13 89
96 G 305434 41 75 13 248350 24 53 43 56753 82
97 A 306427 250290 27 6 55 55892 15 35 27 80
98 T 306907 28 251746 29 6 38 54936 30 6 88
99 T 308144 27 255025 57 4 30 52824 90 14 73
100 G 309054 145 141 84 258443 85 63 40 49973 80
101 A 311116 260726 132 92 175 49727 67 25 83 89
102 T 314032 105 266017 104 294 88 47246 29 69 80
103 G 315888 45 51 13 268446 22 64 39 47125 83
104 G 319314 44 72 17 271658 42 36 28 47342 75
105 A 321263 273736 59 19 112 47170 40 16 26 85
106 A 323932 279859 12 1 55 43835 24 12 23 111
107 T 325557 16 283756 31 3 21 41601 13 12 104
108 T 329762 27 285532 38 8 11 44022 11 14 99
109 G 332907 47 76 9 290164 17 64 11 42421 98
110 G 335480 39 55 10 295285 9 23 14 39951 94
111 A 338889 298487 77 9 135 39977 16 12 22 154
112 C 343774 85 65 302046 13 25 36 41390 9 105
113 G 347818 89 79 27 305351 12 36 26 42092 106
114 A 351272 309564 28 21 52 41484 4 6 20 93
115 T 354897 29 311804 57 4 22 42831 12 17 121
116 T 357397 29 314364 40 48 14 42765 15 9 113
117 C 359304 98 45 317731 37 18 22 41237 20 96
118 T 364284 43 321706 117 2 14 42249 25 11 117
119 A 368529 325469 60 11 73 42716 23 8 19 150
120 C 372645 100 50 329592 17 33 21 42716 13 103
121 A 377274 332132 197 107 115 44522 35 27 27 112
122 T 380935 86 335555 171 111 24 44788 38 34 128
123 C 384928 119 60 339849 338 55 23 44322 49 113
124 C 389485 71 46 343417 20 28 36 45716 16 135
125 A 393956 346757 25 11 57 46932 23 16 26 109
126 A 397148 349920 8 16 43 46989 14 12 19 127
127 A 401446 354611 23 5 44 46596 19 12 15 121
128 T 405192 27 359221 32 3 10 45764 15 13 107
129 G 407800 64 103 31 363523 33 35 31 43884 96
130 T 411981 63 367599 83 170 27 43736 28 42 233
131 G 415694 71 285 62 371912 23 58 18 43152 113
132 C 419722 114 181 374263 164 31 42 44790 22 115
133 A 422896 378841 40 18 134 43637 24 16 16 170
134 C 425473 97 110 381499 21 25 14 43594 6 107
135 T 427962 121 383965 120 142 22 43404 29 22 137
136 G 429115 43 115 35 387220 16 46 22 41525 93
137 A 432554 390023 22 5 74 42238 15 9 20 148
138 A 435469 392815 40 20 119 42194 30 9 22 220
139 C 438480 90 45 396747 8 36 20 41411 11 112
140 T 442466 22 400752 38 8 9 41381 112 3 141
141 T 446355 49 403716 128 14 95 42162 30 6 155
142 A 448566 405279 43 7 167 42812 110 3 19 126
143 A 452212 407971 21 27 183 43734 13 10 100 153
144 A 455049 409569 29 32 63 45094 17 10 19 216
145 C 458127 109 44 412523 19 32 10 45209 57 124
146 T 461379 18 414531 80 12 10 46534 17 4 173
147 C 464519 233 167 416303 327 76 32 47225 49 107
148 A 467888 416206 1238 538 1611 47784 167 68 160 116
149 G 469949 229 83 2386 418858 36 42 313 47885 117
150 T 472948 409 421034 1161 1977 54 47602 136 269 306
151 G 476425 432 130 60 426064 86 56 21 49455 121
152 A 478782 429977 107 129 119 48234 20 27 15 154
153 T 480979 69 431155 167 109 23 49256 28 21 151
154 T 485004 613 433594 88 65 98 50371 20 15 140
155 A 488517 437398 138 571 110 50015 34 94 19 138
156 T 491180 114 440733 628 100 26 49296 97 23 163
157 G 493175 74 149 40 444931 31 46 18 47740 146
158 A 495663 447775 43 12 120 47442 62 12 30 167
159 G 496931 229 116 17 448679 38 52 10 47641 149
160 G 498205 125 145 51 450630 27 52 40 46944 191
161 G 499496 97 64 174 453124 56 39 21 45725 196
162 G 500537 244 159 85 455597 48 53 24 44159 168
163 C 503487 138 156 457422 56 55 65 45427 16 152
164 G 506342 160 106 37 456648 63 53 24 49128 123
165 A 507999 458684 105 66 126 48686 26 12 87 207
166 C 510705 76 405 460861 32 50 57 49054 49 121
167 T 514721 48 462551 115 14 25 51761 41 35 131
168 G 516044 147 222 60 463412 75 40 32 51925 131
169 A 518710 465769 56 196 112 52326 36 29 46 140
170 T 520818 47 468502 90 10 12 51922 35 36 164
171 C 524523 215 81 472356 43 66 40 51565 14 143
172 C 527391 103 69 473599 24 97 63 53241 27 168
173 A 529501 475604 42 21 110 53423 78 36 34 153
174 G 529619 261 152 36 475444 69 72 26 53416 143
175 A 533861 477053 28 113 76 56328 21 29 39 174
176 A 535323 476644 144 12 93 58142 33 16 36 203
177 C 536856 122 388 475799 20 66 81 60193 44 143
178 A 537681 477508 23 16 67 59799 90 10 12 156
179 G 536700 47 131 35 480091 9 52 41 56166 128
180 C 537517 129 50 480259 33 56 46 56769 34 141
181 T 541902 69 482085 292 398 53 58682 53 71 199
182 T 545199 83 487356 75 18 36 57366 69 29 167
183 A 547387 489190 413 70 101 57320 79 23 38 153
184 A 549597 491706 267 8 138 57169 55 18 31 205
185 C 551863 111 57 493289 82 91 30 58001 31 171
186 A 555146 494732 144 547 122 59302 35 87 21 156
187 A 554682 496194 39 38 146 57976 21 19 70 179
188 T 556589 111 498621 60 10 41 57513 66 13 154
189 A 558136 498329 161 333 116 58905 55 45 24 168
190 G 558474 51 159 60 501032 17 52 30 56914 159
191 A 559646 502014 34 17 79 57255 30 7 17 193
192 G 559513 254 136 38 503805 40 33 19 55054 134
193 A 560896 503292 33 56 75 57180 33 17 16 194
194 G 560791 61 157 23 502767 20 29 16 57555 163
195 A 560378 503744 28 28 183 56135 15 14 26 205
196 A 561769 506388 28 5 64 55085 12 3 18 166
197 T 562675 39 506141 67 5 12 56196 10 6 199
198 G 561976 73 146 29 505612 12 45 14 55860 185
199 G 563344 93 70 24 504317 27 17 11 58606 179
200 T 565637 80 504437 80 31 24 60241 22 44 678
201 G 569387 216 253 34 506429 48 46 16 62169 176
202 C 571998 214 61 507472 28 33 15 63990 15 170
203 T 574569 33 507434 89 18 17 66746 24 11 197
204 C 576886 230 114 509642 107 59 28 66532 21 153
205 T 577442 189 507103 93 44 72 69746 24 11 160
206 C 576767 106 26 505115 210 47 23 71057 51 132
207 T 577389 78 502584 315 57 70 74021 66 19 179
208 G 572785 208 172 21 499511 109 60 21 72540 143
209 C 573366 141 70 497965 21 58 71 74873 35 132
210 T 576763 26 498477 207 77 27 77656 76 23 194
211 T 577682 22 498420 66 25 22 78812 28 82 205
212 T 579144 28 498722 62 39 18 80008 41 18 208
213 T 579117 33 496001 122 33 41 82678 32 30 147
214 G 575745 64 120 46 494124 81 45 24 81109 132
215 A 572359 491390 63 13 116 80500 14 21 35 207
216 C 571807 101 319 489913 19 52 93 81070 74 166
217 G 571122 530 474 187 489064 172 122 77 80362 134
218 A 571191 490626 339 424 208 79157 110 102 27 198
219 A 570718 489283 443 301 253 79990 111 83 63 191
220 A 569885 490223 49 97 82 79150 54 17 27 186
221 G 567504 128 161 73 490628 41 39 27 76260 147
222 A 568164 492183 97 26 204 75373 35 11 40 195
223 A 566955 492106 39 41 74 74410 39 22 28 196
224 G 565766 52 144 16 492483 24 52 19 72816 160
225 G 562498 99 117 24 491033 52 37 17 70971 148
226 A 559124 488325 140 30 77 70295 43 15 30 169
227 A 559417 487627 67 18 180 71247 37 9 43 189
228 T 558498 77 487338 122 109 62 70506 51 31 202
229 A 558039 485049 79 788 236 71429 29 153 109 167
230 A 556381 484808 300 72 765 69915 121 39 170 191
231 A 552614 483325 256 412 254 67956 121 89 45 156
232 T 551393 45 481765 158 4 24 69133 45 35 184
233 A 550775 483793 36 10 77 66645 35 30 17 132
234 T 547636 49 484461 80 12 20 62800 29 44 141
235 C 546475 143 57 484948 25 46 35 61067 11 143
236 T 547388 59 480968 113 10 23 66000 19 14 182
237 G 543495 164 122 121 479382 43 108 28 63378 149
238 G 543128 287 292 122 477631 91 64 35 64453 153
239 A 542634 475303 262 159 286 66248 54 35 94 193
240 A 541870 474020 174 214 282 66828 62 43 98 149
241 G 540308 124 230 70 474068 85 62 29 65446 194
242 A 539014 473110 215 29 191 65180 77 9 33 170
243 A 539533 472872 153 86 162 65904 37 63 41 215
244 C 538869 577 955 470840 104 125 144 65946 34 144
245 A 540721 471230 234 279 599 67998 82 48 106 145
246 T 540467 926 469614 321 314 164 68823 75 66 164
247 C 541212 415 146 469401 483 92 28 70392 89 166
248 C 542121 305 75 469456 559 263 30 71174 91 168
249 C 544924 382 486 469734 225 113 89 73499 226 170
250 A 547763 471439 139 318 995 74457 58 55 157 145
251 G 544665 556 756 475 473468 88 104 217 68856 145
252 C 542378 561 564 472394 659 220 94 67567 154 165
253 G 540620 439 211 378 471751 122 127 70 67386 136
254 C 539567 345 605 471360 241 71 169 66414 177 185
255 G 539331 506 436 673 471759 161 100 132 65399 165
256 G 537941 648 227 1766 468505 93 82 245 66213 162
257 G 536883 1735 471 255 468822 248 100 58 65009 185
258 G 535396 466 701 1333 468270 101 105 202 64058 160
259 A 536175 471451 43 14 111 64255 34 51 40 176
260 A 536055 474257 37 10 84 61165 270 4 81 147
261 G 535127 160 172 20 474545 44 88 13 59929 156
262 G 532906 2651 372 34 471499 384 273 52 57484 157
263 A 531645 473896 30 10 365 56844 269 9 37 185
264 T 530161 73 473214 1410 18 28 54810 391 8 209
265 C 528073 115 457 472356 825 35 260 53746 114 165
266 C 529851 210 179 471435 285 84 211 57176 50 221
267 T 533489 984 472130 786 249 161 58729 258 35 157
268 A 532778 473364 35 256 508 58174 12 162 113 154
269 A 532058 474574 53 286 692 56076 34 46 119 178
270 G 531218 150 346 205 476205 82 58 36 53959 177
271 A 530739 476641 20 235 57 53545 11 38 18 174
272 A 531140 475424 18 3 383 55018 57 7 45 185
273 A 530070 474127 18 16 315 55365 10 6 43 170
274 A 528425 473916 33 19 63 54048 36 18 17 275
275 C 528523 97 23 473974 15 38 19 54203 10 144
276 T 529089 122 471438 159 877 21 56165 33 102 172
277 G 527604 78 101 37 472456 18 58 18 54698 140
278 G 527562 49 55 31 473031 17 33 12 54176 158
279 A 529912 474349 42 29 189 55080 23 7 38 155
280 G 529394 51 77 13 474607 17 34 9 54453 133
281 G 528635 56 88 23 474211 19 38 9 54027 164
282 A 527955 473268 92 12 125 53963 16 30 24 425
283 C 528415 70 87 472845 252 26 25 54925 34 151
284 C 529325 107 61 472869 16 35 25 56036 4 172
285 C 529442 184 117 470950 92 58 30 57786 28 197
286 A 530499 470668 68 66 162 59307 32 11 26 159
287 T 529059 48 470064 61 7 22 58685 9 5 158
288 A 527199 468045 1362 39 184 57178 201 16 30 144
289 T 527892 40 469104 97 8 19 58415 18 9 182
290 A 526939 468203 77 3 74 58316 15 20 14 217
291 C 526549 128 140 468641 30 55 25 57330 9 191
292 A 527580 467532 32 111 89 59604 15 14 26 157
293 A 527998 466890 75 34 228 60488 38 16 48 181
294 G 527880 180 181 76 466959 45 39 26 60214 160
295 A 526918 465433 35 30 88 61071 31 11 21 198
296 G 524261 80 89 32 463753 17 43 17 60084 146
297 A 524008 463828 44 25 104 59751 15 15 23 203
298 G 523245 355 621 432 462804 59 101 71 58640 162
299 T 524427 626 462829 548 530 172 58205 103 116 1298
300 A 525027 463886 528 557 574 59045 109 100 73 155
301 G 524699 126 159 45 466284 32 43 8 57817 185
302 A 525482 467011 45 59 80 58099 10 17 15 146
303 T 526386 75 466923 91 39 31 59012 30 17 168
304 A 526482 466455 57 192 150 59376 30 31 46 145
305 G 524756 215 131 80 465689 37 37 16 58416 135
306 A 524784 465544 64 183 130 58617 19 30 36 161
307 A 526211 467650 71 120 200 57888 26 29 44 183
308 A 525951 468606 127 85 266 56588 33 24 45 177
309 G 526878 190 241 167 468153 39 45 43 57850 150
310 T 528051 58 467235 62 8 54 59771 21 75 767
311 G 528230 96 104 25 467090 18 64 26 60611 196
312 G 527620 39 170 29 466970 19 36 20 60133 204
313 A 527967 465985 189 136 373 60988 32 34 63 167
314 T 525550 158 465740 236 124 31 58977 39 30 215
315 G 525901 306 251 170 466937 60 61 36 57947 133
316 A 525871 464178 46 96 103 61129 51 22 38 208
317 G 521841 79 128 21 460349 21 67 16 61015 145
318 G 520672 194 74 28 460163 48 48 12 59921 184
319 G 518018 285 113 34 459068 58 30 14 58153 263
320 A 517782 457991 29 17 88 59418 18 13 22 186
321 A 516070 457431 39 47 128 57801 17 47 21 539
322 C 513785 191 65 457423 19 29 13 55896 9 140
323 T 514373 58 456804 216 35 12 56981 39 12 216
324 C 515928 142 153 457256 56 52 34 58077 21 137
325 G 514966 181 93 27 456525 86 33 28 57858 135
326 T 515806 47 455721 151 7 32 59528 45 16 259
327 C 516478 148 64 453931 42 28 30 62025 29 181
328 C 517813 173 37 453510 44 61 43 63727 18 200
329 T 518753 18 453967 77 17 48 64435 23 12 156
330 T 518091 45 453516 81 15 29 64178 53 3 171
331 T 516214 129 452009 114 183 36 63527 23 35 158
332 A 513782 449555 338 75 105 63429 101 24 26 129
333 T 512524 290 446917 180 32 67 64827 35 14 162
334 G 510275 228 136 59 445043 41 69 43 64522 134
335 A 509961 444620 67 36 94 64848 44 12 32 208
336 C 511000 125 136 443416 39 109 35 66884 25 231
337 A 513408 443285 16 7 55 69836 30 9 23 147
338 A 512264 441008 36 6 55 70931 13 14 17 184
339 A 514154 441531 24 4 149 72190 42 11 32 171
340 G 514593 91 166 164 444092 68 61 31 69760 160
341 A 515597 446362 162 24 99 68728 42 6 27 147
342 A 516957 448289 44 151 129 68096 21 33 33 161
343 G 514612 55 138 25 450225 35 44 18 63884 188
344 A 514540 448458 35 30 68 65743 20 10 19 157
345 A 513243 446363 14 26 91 66541 11 12 21 164
346 A 513075 446544 37 12 117 66153 7 9 26 170
347 T 512492 36 443810 47 8 36 68329 17 10 199
348 A 516269 446147 40 5 119 69767 27 12 25 127
349 A 518023 447682 31 129 112 69820 28 27 43 151
350 G 516486 149 221 24 448663 34 51 22 67170 152
351 G 514680 278 108 19 448731 60 29 27 65260 168
352 C 514851 152 104 450100 30 41 64 64153 31 176
353 G 514304 115 113 24 449378 57 38 19 64409 151
354 A 514988 450655 53 115 94 63839 22 31 17 162
355 A 514746 449503 176 19 174 64583 42 10 34 205
356 T 516027 30 450708 114 169 26 64754 33 30 163
357 C 515708 243 92 451766 19 72 30 63343 20 123
358 T 518758 34 452156 87 13 54 66203 23 17 171
359 G 518544 79 83 20 453210 25 33 14 64929 151
360 G 517562 74 94 7 453417 26 22 18 63719 185
361 C 519880 118 175 454411 72 31 61 64806 33 173
362 G 519225 210 190 30 455261 47 43 31 63243 170
363 C 518449 210 157 456158 105 43 27 61565 30 154
364 C 521806 222 271 456570 514 88 53 63736 93 259
365 A 521802 454289 550 131 293 66199 90 34 56 160
366 A 521720 453644 355 134 319 66955 85 27 50 151
367 G 520248 131 334 20 455232 23 60 16 64311 121
368 C 517783 92 95 456545 67 18 31 60762 18 155
369 C 517221 123 174 456709 39 44 44 59898 18 172
370 A 518550 457884 9 14 78 60333 18 16 11 187
371 A 521740 460035 33 1 63 61409 13 13 26 147
372 T 521957 56 460908 68 5 44 60728 15 14 119
373 A 523541 463085 194 95 136 59774 57 23 30 147
374 A 524669 463680 111 112 254 60217 39 35 49 172
375 T 527536 248 465141 116 100 66 61654 43 26 142
376 G 527247 108 200 119 464352 34 65 42 62169 158
377 G 527259 116 135 95 464498 45 34 31 62159 146
378 T 527638 141 465044 155 186 42 61040 48 75 907
379 G 527334 342 257 315 467619 68 73 73 58444 143
380 A 527560 467891 926 387 321 57568 157 63 70 177
381 T 528138 564 468663 405 432 100 57685 51 87 151
382 G 528918 762 575 166 469038 146 91 35 57971 134
383 A 528627 470392 220 798 706 56092 44 109 111 155
384 T 529082 294 470868 439 567 57 56532 78 71 176
385 G 529958 252 170 28 472743 73 34 12 56496 150
386 C 530118 153 150 473460 179 51 44 55887 44 150
387 A 532461 475223 122 73 382 56350 47 11 47 206
388 A 534126 477915 37 231 145 55464 23 61 31 219
389 C 535137 311 183 479284 86 93 46 54927 24 183
390 A 536458 479449 130 86 315 56232 28 23 49 146
391 G 539094 261 255 505 481819 51 56 70 55941 136
392 C 538904 176 46 481720 203 43 36 56496 25 159
393 T 539270 43 480912 527 58 15 57477 65 9 164
394 G 539048 54 128 18 479669 32 41 14 58928 164
395 G 534993 55 86 25 477422 16 27 12 57181 169
396 T 533588 46 476131 127 10 20 56871 15 19 349
397 C 533436 150 68 474686 35 26 12 58336 14 109
398 T 533687 27 473561 119 6 28 59766 20 6 154
399 G 530647 142 141 28 472397 21 38 18 57720 142
400 A 529494 473006 65 8 130 56050 20 12 23 180
401 C 531910 128 59 473488 75 30 10 57957 22 141
402 T 532603 83 473451 186 36 23 58612 26 10 176
403 C 532872 138 49 472952 25 42 25 59500 6 135
404 A 533441 473549 44 11 84 59470 24 13 16 230
405 C 533966 156 85 475269 23 24 26 58236 8 139
406 A 536610 475911 51 207 141 60078 8 46 24 144
407 T 538071 34 476933 90 21 27 60518 18 15 415
408 G 537345 259 393 93 479806 38 95 18 56538 105
409 A 536997 481130 29 11 86 55534 13 10 24 160
410 T 537179 47 479700 80 5 23 57130 18 5 171
411 G 537454 69 124 33 480148 15 45 15 56864 141
412 A 538509 481329 41 22 79 56834 21 7 16 160
413 T 537593 21 482124 51 3 18 55197 11 13 155
414 C 537123 158 96 480005 40 37 22 56612 17 136
415 T 538471 49 479794 131 19 32 58233 26 12 175
416 G 534927 98 127 23 479118 24 51 8 55323 155
417 G 532925 64 115 20 479473 10 20 14 53037 172
418 C 532999 148 99 479252 33 34 23 53258 16 136
419 A 533556 479169 35 7 87 54060 8 7 17 166
420 T 534144 19 479495 94 19 8 54328 15 6 160
421 T 533938 39 480231 89 24 11 53341 22 8 173
422 C 533227 122 48 480097 24 33 9 52677 13 204
423 C 532855 132 137 478747 46 61 22 53545 19 146
424 A 533691 478091 23 4 81 55292 8 6 18 168
425 A 532711 477645 26 22 37 54765 5 7 15 189
426 T 531898 29 476861 64 22 6 54744 12 7 153
427 T 533613 32 477287 109 4 10 55966 26 8 171
428 T 534725 22 477039 87 12 14 57331 27 9 184
429 G 534356 114 161 44 476780 24 58 11 57014 150
430 A 535129 479122 38 2 105 55633 19 13 20 177
431 A 534412 478352 25 13 79 55763 6 9 22 143
432 T 533708 59 476144 58 5 17 57250 20 7 148
433 G 532023 52 168 39 475884 15 50 10 55673 132
434 A 530618 476027 53 9 60 54281 10 4 21 153
435 T 530214 32 474990 87 3 16 54916 21 11 138
436 A 530462 472887 145 4 525 56584 30 3 76 208
437 C 530476 103 60 472651 167 45 18 57257 38 137
438 A 532589 473079 55 283 131 58772 18 64 16 171
439 A 531696 473171 52 7 88 58129 16 15 11 207
440 C 531429 133 52 472922 26 35 50 58077 14 120
441 A 530532 471312 139 9 49 58803 10 8 49 153
442 T 527519 16 468700 57 5 13 58526 59 1 142
443 A 527450 468413 37 6 57 58309 23 68 16 521
444 C 529119 66 213 469240 26 26 29 59298 59 162
445 C 529985 130 63 468511 36 48 23 60941 65 168
446 A 533970 469901 48 8 118 63609 93 17 22 154
447 G 533967 95 150 53 471228 33 50 15 62206 137
448 A 535451 469031 20 129 78 65925 19 94 22 133
449 G 534160 68 103 24 467595 19 61 16 66117 157
450 G 532158 103 73 27 467206 100 13 27 64451 158
451 A 533232 467363 96 6 83 65370 29 10 25 250
452 C 533525 111 72 467985 23 26 35 65083 21 169
453 A 534985 467514 45 32 225 66922 25 19 42 161
454 A 532661 466520 36 269 87 65478 24 41 29 177
455 G 533571 58 59 26 467668 44 38 16 65446 216
456 A 532141 468279 16 21 242 63331 14 10 58 170
457 G 530006 79 122 15 469337 13 40 17 60247 136
458 C 531343 114 49 468924 40 41 23 61970 17 165
459 T 533619 87 469934 119 34 27 63202 37 12 167
460 C 533687 828 114 470362 141 140 46 61822 35 199
461 T 533196 43 472351 69 6 32 60506 10 9 170
462 T 535841 219 472232 173 114 55 62787 29 50 182
463 G 535339 145 153 54 471447 33 41 24 63298 144
464 T 534631 101 469530 131 50 26 64524 30 14 225
465 T 534139 217 467757 126 55 54 65616 106 24 184
466 C 533178 179 123 467363 26 53 54 65214 13 153
467 G 535451 167 104 25 469713 73 105 12 65094 158
468 C 537281 230 174 474346 260 39 50 62018 46 118
469 A 538720 473514 153 67 898 63090 109 45 153 691
470 C 539970 85 782 473270 350 16 128 65085 125 129
471 C 541890 776 338 472830 249 156 97 67193 95 156
472 G 542895 210 123 25 473316 75 99 21 68852 174
473 G 542643 134 90 37 475143 67 40 23 66965 144
474 C 542838 402 208 474309 55 73 73 67545 23 150
475 A 540796 473523 104 58 88 66778 27 12 44 162
476 T 540643 30 472976 66 8 8 67363 22 19 151
477 G 538787 152 130 31 472093 51 61 15 66079 175
478 G 536388 60 118 22 473317 14 36 18 62639 164
479 A 537258 474449 33 10 89 62442 17 14 27 177
480 T 537665 52 475386 133 9 23 61806 30 13 213
481 C 537547 415 335 474320 220 73 70 61905 46 163
482 C 539118 106 132 476317 405 31 47 61831 68 181
483 C 539353 234 295 475762 94 78 65 62619 25 181
484 A 542512 478654 22 154 131 63286 16 32 44 173
485 G 542409 58 153 25 479547 27 52 8 62383 156
486 G 541882 130 129 61 480520 37 37 21 60773 174
487 A 541493 479414 118 16 117 61547 26 14 25 216
488 T 542492 18 480461 81 12 4 61700 19 20 177
489 G 541969 126 171 91 481263 20 32 21 60103 142
490 T 542263 119 481018 75 588 34 59940 26 92 371
491 G 541464 181 184 544 480028 36 43 74 60247 127
492 C 541502 211 156 479089 190 40 29 61596 41 150
493 T 544396 171 478396 80 106 47 65324 40 49 183
494 C 545643 191 40 477282 138 102 19 67605 34 232
495 T 546883 58 476998 152 26 74 69340 37 36 162
496 C 547450 251 89 476598 41 82 30 70163 25 171
497 T 548589 46 477358 127 7 73 70721 41 43 173
498 G 546144 168 255 52 477976 78 76 65 67351 123
499 A 546051 479115 128 13 69 66384 40 42 93 167
500 T 548700 41 481964 74 5 41 66343 42 8 182
501 G 550065 126 140 36 481635 70 26 31 67867 134
502 C 550569 143 108 483883 64 39 102 66057 26 147
503 A 549681 483620 31 41 191 65447 54 14 65 218
504 G 547463 195 154 35 483462 43 83 25 63337 129
505 G 544581 42 94 15 481724 33 75 30 62425 143
506 G 545663 66 60 29 482152 12 50 16 63131 147
507 T 545906 71 482380 91 303 32 62415 51 93 470
508 T 543931 50 483356 53 5 47 60194 44 7 175
509 C 544899 118 116 484777 16 57 118 59535 13 149
510 G 545638 256 146 24 484673 128 40 44 60204 123
511 A 545484 484683 106 11 79 60067 29 32 34 443
512 C 547273 104 38 487379 66 57 30 59411 18 170
513 T 548558 295 486504 189 29 59 61181 51 20 230
514 C 547414 169 165 485869 29 43 31 60973 5 130
515 T 547707 37 484914 93 6 65 62319 30 11 232
516 C 548939 225 154 485020 106 41 38 63144 37 174
517 C 551907 132 61 486084 51 74 23 65284 30 168
518 C 554001 209 36 487778 30 82 15 65686 15 150
519 T 554828 163 486473 311 81 67 67482 60 21 170
520 A 554155 483459 28 19 88 70342 32 30 16 141
521 G 553303 39 133 29 483495 12 50 47 69364 134
522 G 553665 127 67 45 484571 52 26 17 68605 155
523 A 553013 483463 32 43 78 69129 17 11 25 215
524 G 553958 259 121 11 484480 48 32 50 68799 158
525 G 553882 102 78 42 485634 33 63 22 67776 132
526 T 556335 48 486216 78 30 30 69218 96 59 560
527 C 557347 89 57 487816 34 29 14 69163 14 131
528 T 560413 45 491668 305 21 22 68132 54 10 156
529 G 561551 90 79 22 492939 30 104 11 68096 180
530 G 563457 62 67 14 495901 18 88 22 67107 178
531 A 564463 498425 46 17 145 65494 24 14 91 207
532 G 565542 140 160 143 499965 83 34 39 64859 119
533 C 567940 142 111 502656 126 30 24 64657 32 162
534 T 571156 147 506256 253 45 22 64177 42 8 206
535 G 571418 168 147 27 508826 36 47 9 61998 160
536 C 572896 140 98 507715 28 31 43 64680 6 155
537 A 574200 506886 90 36 680 66168 53 15 87 185
538 G 573620 53 79 27 509068 15 33 18 64171 156
539 G 572936 41 81 9 508986 21 20 13 63570 195
540 C 573240 146 188 507934 94 30 38 64591 28 191
541 G 575792 159 202 193 508231 28 67 36 66733 143
542 C 577411 230 65 509413 87 40 17 67385 18 156
543 T 579870 217 511694 237 145 27 67348 35 17 150
544 G 581309 192 163 169 511476 42 31 38 69055 143
545 C 583971 312 177 512142 31 59 36 71038 22 154
546 A 587158 513530 108 227 139 72875 32 48 23 176
547 G 588918 195 141 20 514902 35 35 19 73427 144
548 T 589742 62 515853 90 10 45 73377 87 25 193
549 C 591778 165 87 518663 37 56 97 72506 14 153
550 A 593825 518794 49 13 90 74538 17 94 15 215
551 A 596598 522677 33 15 70 73495 37 53 29 189
552 A 597449 525462 38 38 382 71243 12 34 56 184
553 G 599105 54 122 28 524624 23 46 32 74012 164
554 G 598800 60 113 19 523472 61 44 15 74844 172
555 A 600600 525383 90 4 112 74664 28 46 48 225
556 G 599697 177 108 26 527542 46 26 42 71599 131
557 T 599375 50 529008 104 3 25 69559 42 45 539
558 T 603653 84 534568 102 44 17 68583 35 24 196
559 G 604429 101 128 22 536425 28 92 23 67404 206
560 G 604437 96 102 81 538516 21 52 28 65337 204
561 G 605020 136 121 71 540164 50 28 31 64255 164
562 A 605788 539481 124 5 142 65703 24 12 36 261
563 C 606901 110 95 541031 34 30 24 65401 21 155
564 A 608065 541485 57 174 129 65949 23 34 22 192
565 A 608777 543217 253 101 162 64735 53 17 36 203
566 T 611732 108 546597 117 210 24 64428 25 48 175
567 G 611537 155 390 103 548100 35 99 26 62459 170
568 G 610595 274 188 23 548497 56 38 14 61319 186
569 T 611298 70 546467 358 347 43 62486 63 175 1289
570 G 611286 203 199 378 549061 37 66 82 61084 176
571 A 611410 549019 111 23 98 61900 21 25 15 198
572 T 611768 50 548886 80 21 14 62494 35 12 176
573 G 613126 99 115 40 550337 50 43 15 62248 179
574 G 612459 58 110 26 548635 27 31 23 63358 191
575 A 612828 547044 39 7 151 65268 10 12 67 230
576 G 613299 184 131 14 547505 45 52 13 65212 143
577 T 613647 120 549732 123 114 32 62965 31 43 487
578 T 615065 39 550541 141 74 10 64005 21 17 217
579 G 614303 145 294 74 552266 35 58 31 61244 156
580 A 615230 553485 63 35 297 61042 25 28 59 196
581 T 616778 26 553511 99 2 30 62902 18 21 169
582 A 618881 551868 26 47 242 66434 39 24 49 152
583 A 621095 552671 44 75 102 67919 49 18 33 184
584 G 622559 68 180 15 555283 17 64 27 66710 195
585 G 621313 130 136 27 554780 53 44 18 65951 174
586 A 622299 555617 42 201 136 66046 32 35 18 172
587 T 624692 254 557322 94 27 40 66725 20 14 196
588 G 624263 100 136 37 558017 21 73 22 65693 164
589 A 624454 558540 68 6 138 65473 14 14 20 181
590 T 624633 78 558295 134 6 19 65881 20 3 197
591 C 624992 187 65 557005 38 70 18 67433 21 155
592 A 627393 557374 17 8 84 69672 11 12 28 187
593 A 627199 558024 8 8 94 68843 10 11 19 182
594 A 625882 555722 18 42 92 69688 10 27 24 259
595 C 625783 131 81 555227 28 37 40 70040 15 184
596 G 624886 135 131 33 556563 29 34 40 67777 144
597 T 626816 27 558735 174 108 13 67301 49 45 364
598 G 626236 114 127 11 558653 34 76 25 67014 182
599 G 626991 94 121 17 558478 18 95 19 67946 203
600 G 627419 178 155 26 557255 40 38 29 69533 165
601 A 628714 558715 82 17 216 69410 37 6 36 195
602 T 628642 39 558787 181 16 19 69361 44 14 181
603 C 625294 205 99 554520 70 67 53 70085 13 182
604 A 624965 554633 89 130 172 69654 24 25 30 208
605 A 625560 553954 153 87 115 70953 61 20 27 190
606 T 626850 156 554180 141 47 27 72078 47 18 156
607 G 627853 77 142 41 556875 29 60 35 70437 157
608 A 627382 558091 57 3 87 68892 35 7 21 189
609 T 625822 51 556847 101 7 14 68609 34 10 149
610 C 626683 206 117 557761 22 63 71 68266 21 156
611 G 628240 145 122 23 558759 66 98 15 68830 182
612 G 626296 177 135 72 558875 29 40 32 66750 186
613 A 626918 558320 291 4 154 67836 58 12 22 221
614 A 628573 556158 50 18 434 71507 15 21 74 296
615 C 628976 79 119 554439 16 21 38 74102 14 148
616 T 629500 21 553853 145 16 9 75201 23 5 227
617 T 626926 32 552327 78 5 16 74256 23 3 186
618 C 625780 125 61 552371 34 34 32 72941 12 170
619 T 625565 56 548678 129 8 31 76436 26 5 196
620 G 624134 86 151 30 548706 27 120 21 74847 146
621 G 621553 79 118 27 548277 24 44 14 72811 159
622 A 621011 546880 48 39 149 73578 33 18 29 237
623 G 621410 46 155 39 546644 23 47 18 74285 153
624 A 620959 545678 53 22 187 74678 33 19 59 230
625 G 620664 65 136 20 548077 23 53 14 72111 165
626 G 618806 83 58 20 548242 15 20 12 70189 167
627 T 621251 63 546844 195 64 38 72438 61 129 1419
628 G 624454 79 145 18 551210 41 52 11 72749 149
629 A 624824 551543 53 4 86 72843 23 8 34 230
630 A 624992 552817 29 19 127 71716 23 7 23 231
631 A 624451 549024 1076 1544 1461 70590 171 211 191 183
632 A 624480 548262 2306 1611 862 70571 327 208 137 196
633 T 625224 1324 549964 449 1772 173 71029 85 244 184
634 G 623230 119 111 29 554576 29 90 19 68077 180
635 G 623573 79 111 34 552997 22 30 14 70099 187
636 A 623930 551980 157 17 198 71258 32 16 49 223
637 C 626076 195 154 552996 32 66 60 72355 26 192
638 G 627591 152 124 18 552805 39 35 30 74196 192
639 A 627891 552618 51 9 416 74501 23 10 78 185
640 A 628710 552596 45 133 104 75547 26 18 17 224
641 A 627836 549702 40 24 147 77677 23 5 35 183
642 A 627212 548992 110 56 127 77664 26 14 23 200
643 A 624784 546784 53 136 380 77078 24 33 72 224
644 C 625015 112 64 547561 309 51 30 76658 58 172
645 A 626370 548234 257 90 250 77257 63 24 40 155
646 A 626033 546656 38 200 106 78740 38 40 29 186
647 G 623385 83 131 22 544255 14 93 17 78599 171
648 G 623367 327 93 17 544461 79 43 15 78145 187
649 A 622674 542886 138 86 219 79069 36 28 40 172
650 G 620343 247 294 114 541618 75 63 27 77711 194
651 T 620071 188 539580 213 134 73 79117 47 115 604
652 G 618867 368 178 26 539527 77 74 23 78454 140
653 C 616103 142 50 538063 24 48 41 77573 14 148
654 T 618945 33 539701 95 13 26 78885 20 10 162
655 T 621994 13 542342 90 25 50 79230 46 8 190
656 A 622142 542696 77 7 82 79033 18 29 21 179
657 C 622271 132 116 543179 33 39 122 78486 26 138
658 G 623900 99 176 32 545347 23 71 19 77981 152
659 A 623124 544819 51 3 100 77890 61 6 18 176
660 G 622063 71 128 24 546878 16 37 17 74728 164
661 A 623298 546963 43 7 90 75939 24 7 27 198
662 G 621759 149 142 21 546558 37 35 16 74636 165
663 A 618377 541884 27 2 116 76117 17 6 17 191
664 A 616550 539526 339 15 205 76162 62 9 46 186
665 T 613880 271 535337 98 126 54 77759 29 29 177
666 G 611807 176 142 343 534324 51 28 82 76505 156
667 T 609732 58 533521 112 23 43 75508 23 28 416
668 G 607078 95 116 38 531262 30 59 13 75305 160
669 C 603939 119 160 529785 28 50 49 73552 24 172
670 A 603084 528722 30 9 110 73951 18 19 16 209
671 A 604037 529696 64 6 84 73903 12 6 16 250
672 C 603725 144 49 529995 19 43 24 73249 21 181
673 A 604191 529663 60 290 124 73803 15 60 25 151
674 T 605523 46 532358 127 32 19 72697 23 13 208
675 T 606039 52 531618 144 52 13 73902 28 13 217
676 C 605586 108 34 532400 25 48 25 72757 14 175
677 T 604330 77 529970 100 8 43 73903 33 10 186
678 C 603065 122 82 529012 34 65 38 73457 23 232
679 A 604385 529327 31 5 84 74691 24 12 17 194
680 A 603046 528292 50 7 66 74381 18 9 20 203
681 A 600095 525858 20 12 120 73854 18 8 38 167
682 G 599377 54 131 18 524277 30 50 12 74629 176
683 G 597591 101 122 33 522798 45 27 16 74271 178
684 A 593237 521302 44 26 224 71359 13 13 47 209
685 A 591217 520948 14 3 94 69920 16 7 30 185
686 A 590382 519496 23 3 82 70568 7 12 19 172
687 A 586843 518304 45 10 68 68204 22 7 20 163
688 T 585372 32 517374 85 16 17 67613 19 8 208
689 T 584711 21 517708 73 9 11 66661 13 11 204
690 T 581409 57 515447 88 44 27 65509 34 10 193
691 C 578434 271 67 513611 84 171 37 63819 21 353
692 A 576175 512782 147 71 334 62561 45 21 45 169
693 A 572996 510769 70 104 260 61553 18 28 30 164
694 A 570647 508290 51 183 76 61756 14 41 23 213
695 C 568518 279 87 506486 82 69 23 61308 23 161
696 A 566685 504588 55 143 106 61578 12 31 26 146
697 G 564943 779 190 106 502724 122 36 24 60828 134
698 C 562501 188 73 501780 39 33 16 60223 20 129
699 T 559926 63 500067 213 84 26 59192 42 27 212
700 G 557068 170 211 553 496988 42 41 65 58839 159
701 C 555052 150 79 496550 76 46 26 57909 23 193
702 A 552982 493778 508 119 196 58037 65 29 30 220
703 C 550067 132 67 490471 19 483 17 57021 14 1843
704 A 548885 489959 23 9 89 58605 15 10 12 163
705 A 544850 486745 45 3 161 57653 12 8 27 196
706 A 542733 485398 22 31 101 56863 31 10 45 232
707 G 539768 197 140 17 483858 34 40 10 55274 198
708 G 533810 195 66 35 480220 19 21 12 53035 207
709 G 530936 210 169 26 478495 28 25 13 51805 165
710 C 528846 120 155 477419 299 109 27 50314 43 360
711 A 526328 475142 214 164 203 50345 34 21 28 177
712 A 522028 471430 91 127 102 50063 18 18 22 157
713 T 517775 68 467716 58 47 14 49703 10 14 145
714 G 513121 115 259 89 464459 27 37 13 48000 122
715 A 508713 460462 58 15 274 47712 13 3 40 136
716 T 504925 46 457536 128 10 13 46949 13 32 198
717 G 502599 108 127 80 455466 36 34 10 46581 157
718 G 499047 110 96 28 452798 37 23 17 45796 142
719 A 493642 447772 35 11 121 45514 12 2 26 149
720 T 490236 96 444035 343 174 28 45325 49 25 161
721 C 486230 122 40 439638 34 81 9 46067 12 227
722 A 482186 433530 27 8 88 48349 15 3 14 152
723 A 477133 427729 21 6 120 49042 19 4 28 164
724 G 473693 80 145 23 424069 13 21 7 49233 102
725 T 469443 39 419840 102 18 38 48900 23 31 452
726 G 465754 113 219 60 416932 29 36 17 48214 134
727 A 461641 414142 57 114 135 46987 16 16 23 151
728 G 455198 304 129 84 409951 59 22 11 44507 131
729 A 452347 407608 122 59 372 43976 16 10 57 127
730 G 447284 62 84 23 402775 32 6 9 44114 179
731 A 442586 398444 19 5 87 43873 7 9 15 127
732 A 435908 392306 17 26 109 43249 9 7 25 160
733 A 431671 387927 37 99 471 42871 13 27 82 144
734 G 427435 56 68 168 384392 14 19 38 42551 129
735 T 424807 223 381379 96 219 44 42452 36 40 318
736 C 419683 140 70 376062 15 40 17 43226 19 94
737 G 413379 192 70 13 370897 47 10 3 42023 124
738 G 409162 166 152 19 367784 37 20 13 40797 174
739 A 405110 364176 123 25 87 40538 20 2 7 132
740 A 400437 357286 48 91 221 40041 9 223 35 2483
741 C 394657 81 209 354241 54 23 29 39902 6 112
742 C 388288 51 50 348172 13 30 10 39826 7 129
743 C 382985 78 60 342536 33 44 16 40043 8 167
744 A 379308 337660 42 56 98 41301 13 9 28 101
745 G 373452 29 65 20 332318 8 13 2 40895 102
746 G 367473 31 71 11 326336 26 18 5 40660 315
747 A 362170 322504 48 7 65 39374 13 4 21 134
748 A 358583 318549 34 4 72 39777 8 4 17 118
749 A 355700 314846 33 20 52 40617 13 7 9 103
750 T 352925 28 311793 80 23 8 40849 11 9 124
751 G 347777 55 90 12 307530 10 15 6 39961 98
752 C 343145 95 58 305515 7 32 8 37333 10 87
753 T 338233 18 300504 103 23 9 37438 13 9 116
754 G 335089 33 59 15 297120 33 14 4 37726 85
755 A 330047 292406 26 4 43 37457 5 7 11 88
756 G 324543 55 86 12 287645 19 8 3 36633 82
757 A 320175 285280 31 0 41 34723 2 4 12 82
758 T 315533 22 280090 39 4 12 35242 7 6 111
759 C 311013 118 71 274956 18 50 16 35689 17 78
760 G 305628 64 68 12 269404 70 14 5 35896 95
761 A 300342 265719 20 2 43 34442 4 1 9 102
762 A 297211 260519 17 5 59 36473 7 5 13 113
763 G 291568 21 55 9 253524 15 11 2 37856 75
764 A 286513 248660 25 2 43 37660 4 6 8 105
765 T 281709 11 244320 49 4 10 37210 13 3 89
766 C 276945 56 41 239599 17 20 11 37126 12 63
767 T 274175 22 234587 40 20 32 39370 16 6 82
768 C 269377 92 126 228824 22 38 26 40154 14 81
769 A 263704 223949 29 88 33 39373 14 24 12 182
770 T 260303 22 220485 30 6 9 39654 9 11 77
771 C 257053 78 89 216353 19 38 30 40107 14 325
772 T 253045 10 210118 32 4 30 42766 12 5 68
773 T 248315 9 205280 28 3 5 42903 12 2 73
774 T 243568 14 202308 38 5 8 41110 12 5 68
775 C 240079 67 39 199246 67 29 13 40527 19 72
776 T 236696 19 196461 51 7 42 39983 10 4 119
777 G 230335 52 106 28 192251 23 21 11 37781 62
778 G 224257 48 85 6 188944 18 14 7 35044 91
779 C 218599 45 53 183936 14 23 14 34447 7 60
780 A 214204 179702 21 31 81 34138 9 5 20 197
781 C 210440 41 56 176105 9 13 12 34101 18 85
782 G 205715 44 39 5 172369 10 8 2 33189 49
783 G 200478 31 18 30 167649 11 11 5 32655 68
784 T 197241 9 163292 26 1 17 33754 10 18 114
785 C 193389 45 19 159954 11 33 9 33268 10 40
786 T 189371 10 156322 85 3 20 32851 18 5 57
787 G 183325 255 70 7 151342 60 13 11 31515 52
788 C 177991 45 45 147134 91 22 15 30585 18 36
789 A 173502 140817 59 41 41 31885 11 17 12 619
790 C 169048 121 23 136950 18 39 9 31828 16 44
791 T 165172 15 132278 26 3 17 32785 8 4 36
792 C 161002 43 31 127863 97 26 11 32846 30 55
793 A 157363 121392 23 36 162 35636 7 12 58 37
794 T 152369 9 117293 27 15 8 34968 9 9 31
795 A 146459 112035 56 132 48 34020 30 52 16 70
796 T 142358 30 105699 39 39 15 36468 19 16 33
797 T 139487 7 101821 21 4 9 37559 8 11 47
798 G 136485 30 48 22 99751 17 23 15 36547 32
799 A 133166 97057 9 26 18 35985 6 11 13 41
800 G 130582 102 19 3 94683 40 14 7 35680 34
801 A 126928 90570 12 4 103 36048 7 3 63 118
802 G 122294 71 94 4 87337 23 53 5 34675 32
803 G 118708 7 32 105 84067 11 15 45 34396 30
804 G 113244 37 15 55 80512 24 15 26 32530 30
805 T 109239 27 77179 8 16 19 31849 9 50 82
806 C 104883 22 8 73186 18 25 7 31569 21 27
807 A 100469 69361 30 17 18 30960 10 18 19 36
808 G 95315 7 4 6 65450 6 21 6 29767 48
809 T 90955 7 59800 12 1 22 31077 6 9 21
810 T 88255 4 56392 11 5 19 31783 13 8 20
811 G 82702 12 12 3 52410 25 10 23 30187 20
812 C 79576 14 8 50609 10 8 8 28879 29 11
813 T 77051 3 45529 25 4 30 31393 21 8 38
814 C 74289 15 7 41783 4 23 18 32392 24 23
815 A 71905 39777 9 1 9 32056 16 6 13 18
816 C 68871 12 4 38567 6 71 10 29987 6 208
817 A 66179 35967 0 1 12 30166 7 3 12 11
818 A 63533 32702 1 0 5 30792 8 2 14 9
819 A 60701 31294 1 1 11 29314 19 6 14 41
820 T 57938 15 29656 2 0 28 28208 7 7 15
821 C 55033 15 0 25885 4 30 69 28933 18 79
822 T 52371 20 23340 9 2 28 28937 17 11 7
823 T 49014 3 22795 4 6 9 26165 8 15 9
824 G 45500 3 10 5 21279 15 26 11 24107 44
825 T 42849 12 20271 9 4 19 22502 16 4 12
826 C 40469 8 5 18472 1 28 18 21909 12 16
827 T 38902 0 16933 1 0 38 21675 68 46 141
828 G 35614 2 2 0 14991 27 11 495 19369 717
829 C 34142 8 33 15429 5 12 16 18626 10 3
830 C 34064 32 16 14753 12 33 12 19195 6 5
831 C 36308 53 36 14667 13 63 25 21424 18 9
832 G 36545 29 26 7 14271 60 15 89 21993 55
833 C 36049 37 24 13522 33 27 12 22377 15 2
834 C 37401 128 23 12982 33 29 273 23457 50 426
835 T 39124 0 13308 48 5 8 25662 31 31 31
836 G 38533 1 11 4 12522 10 37 6 25930 12
837 T 38992 4 13084 25 4 9 25757 19 37 53
838 G 40555 4 9 0 14194 10 59 10 26206 63
839 T 41833 1 15405 1 5 9 26345 16 29 22
840 G 43198 8 3 5 16698 25 148 21 26135 155
841 T 43932 1 18414 5 0 20 25462 12 5 13
842 A 44435 19655 3 0 5 24598 81 4 23 66
843 T 46017 5 20387 6 0 14 23679 7 817 1102
844 G 48685 2 9 2 24177 9 76 3 24402 5
845 G 51096 8 4 40 27045 27 68 111 23584 209
846 A 53022 16592 36 11 54 14764 52 7942 54 13517
847 C 55687 193 391 32370 662 45 108 21676 236 6
848 C 59746 96 501 36105 496 117 111 22233 81 6
849 T 64431 192 40006 654 426 143 22717 196 86 11
850 G 67362 70 51 34 44599 19 12 11 22550 16
851 C 70263 44 138 47169 12 17 119 22754 2 8
852 C 74253 123 91 49575 30 27 32 24354 7 14
853 G 78055 18 34 7 51503 7 30 8 26440 8
854 T 82470 6 54479 8 12 3 27939 8 8 7
855 A 86552 56546 17 4 20 29910 21 3 14 17
856 G 92029 7 6 13 60574 3 21 8 31382 15
857 C 96652 21 21 63599 57 12 14 32904 14 10
858 C 100503 20 17 66214 24 10 13 34175 10 20
859 A 104564 68688 7 16 8 35812 12 5 6 10
860 G 108481 13 10 24 72327 12 21 53 36006 15
861 T 111654 13 75326 9 0 11 36259 11 1 24
862 G 115356 8 14 1 79045 11 34 11 36212 20
863 G 117827 9 18 0 83391 4 19 8 34356 22
864 C 122046 35 13 88346 9 10 11 33592 9 21
865 T 128313 49 93245 49 3 35 34873 28 5 26
866 A 132869 97865 47 5 23 34823 50 8 15 33
867 C 137212 37 61 103463 16 20 54 33526 11 24
868 G 143130 26 13 3 109022 22 39 18 33973 14
869 A 148091 114076 10 2 25 33884 26 9 20 39
870 C 153243 29 21 119186 5 22 30 33910 4 36
871 T 158452 4 122836 17 1 2 35520 38 7 27
872 T 160645 9 126201 12 1 2 34352 26 5 37
873 C 165417 31 41 131378 8 21 46 33862 7 23
874 G 170661 46 48 15 135592 31 28 15 34846 40
875 A 175925 137989 61 41 53 37670 21 23 29 38
876 A 181091 141739 21 73 77 39067 35 19 15 45
877 A 186743 145646 9 5 24 40960 21 7 12 59
878 A 192533 148539 10 17 35 43841 19 10 20 42
879 A 197323 152944 18 12 81 44145 34 7 27 55
880 G 201846 245 143 156 158683 87 68 50 42379 35
881 A 206072 161971 32 353 166 43299 33 100 58 60
882 G 208275 49 342 186 165665 21 132 71 41762 47
883 G 212367 24 38 7 172587 10 46 8 39597 50
884 G 216589 28 30 7 177954 7 26 15 38457 65
885 A 220991 183581 20 3 50 37240 8 4 21 64
886 T 225427 17 188345 19 2 9 36965 16 5 49
887 A 230022 191510 25 2 32 38110 42 39 26 236
888 C 235963 49 16 197662 4 23 8 38130 7 64
889 T 240268 27 202571 38 2 6 37535 17 2 70
890 C 246318 67 14 209430 8 13 21 36686 6 73
891 T 250727 18 215192 47 15 5 35360 13 7 70
892 T 254273 9 220591 44 1 5 33550 15 1 57
893 T 261061 4 228062 32 2 2 32880 10 3 66
894 A 266057 233202 21 3 52 32687 16 6 3 67
895 G 270655 39 69 5 237582 6 28 13 32854 59
896 T 276334 17 242677 24 4 9 33423 7 3 170
897 G 280706 37 62 74 246342 10 39 30 34054 58
898 G 285427 34 48 14 250095 10 53 7 35086 80
899 G 289487 62 61 6 252732 17 24 13 36499 73
900 A 292057 256034 30 43 65 35745 26 14 12 88
901 A 295773 260296 56 166 58 35069 12 19 15 82
902 T 300496 107 265053 70 149 16 34978 17 26 80
903 A 305037 269933 86 75 126 34671 39 18 21 68
904 G 309576 48 90 37 276084 8 33 19 33182 75
905 A 314957 282043 27 87 68 32472 14 31 15 200
906 C 320817 57 89 288251 37 19 17 32251 7 89
907 C 326408 53 28 292882 9 14 18 33313 4 87
908 C 331094 97 23 297998 14 16 7 32855 6 78
909 T 333951 40 301601 120 21 11 32011 31 7 109
910 T 337262 54 305200 82 55 7 31740 14 12 98
911 T 340480 42 310162 81 17 4 30048 18 9 99
912 C 344119 117 85 311950 86 14 29 31743 16 79
913 A 350259 316601 22 86 71 33317 20 22 16 104
914 A 355142 319558 28 12 164 35244 14 5 30 87
915 A 360117 323845 27 30 138 35856 23 12 13 173
916 C 365819 84 38 328851 17 25 8 36717 1 78
917 T 371991 25 334611 64 11 7 37133 27 7 106
918 G 377614 123 109 15 340778 15 33 12 36439 90
919 C 382899 90 32 345231 7 17 8 37401 15 98
920 T 388336 81 350338 57 5 13 37697 21 4 120
921 T 393547 50 355535 84 64 10 37644 19 8 133
922 C 398565 215 421 360599 214 30 61 36904 28 93
923 A 402983 364672 145 181 457 37287 40 41 39 121
924 A 407694 369393 138 371 275 37291 26 43 33 124
925 A 412413 373816 91 88 323 37904 15 19 45 112
926 A 416994 377743 182 299 441 38068 23 36 44 158
927 C 420990 172 98 382923 216 22 23 37393 28 115
928 A 426022 388343 317 17 240 36894 45 6 35 125
929 G 430492 236 166 398 393355 35 27 58 36073 144
930 C 434124 248 225 396403 96 36 26 36961 19 110
931 C 438225 349 189 400241 22 38 22 37217 4 143
932 A 443721 405944 39 125 373 37045 10 18 37 130
933 A 448763 410867 104 108 253 37245 19 16 22 129
934 G 452696 155 139 58 416168 18 30 10 36012 106
935 T 457847 31 421679 82 32 4 35795 16 4 204
936 A 462190 425889 68 54 158 35864 11 6 17 123
937 T 467493 36 431542 59 9 7 35710 6 3 121
938 A 472060 437315 59 23 78 34392 21 6 9 157
939 C 476856 122 401 441120 26 24 39 35017 2 105
940 A 482632 446079 316 9 155 35884 42 5 17 125
941 G 485363 58 196 109 449208 11 25 18 35623 115
942 C 489750 148 267 453736 31 15 36 35372 4 141
943 C 494209 126 258 457925 28 23 18 35682 7 142
944 T 498366 39 460533 82 11 5 37570 7 3 116
945 A 502394 464504 30 29 212 37422 21 5 23 148
946 A 507787 470978 54 46 54 36481 9 8 5 152
947 T 511882 40 475543 46 26 12 36034 6 9 166
948 C 515607 184 81 477887 61 16 29 37207 6 136
949 A 519036 479106 20 20 131 39579 25 7 19 129
950 G 523089 51 125 37 483275 8 27 10 39415 141
951 A 524932 484762 19 4 135 39733 8 2 26 243
952 C 529755 142 175 488300 162 34 23 40746 18 155
953 C 534031 274 135 491345 63 46 60 41966 7 135
954 G 538011 577 235 388 494244 49 58 37 42297 126
955 A 542234 499124 90 115 308 42335 9 29 55 169
956 A 545341 500921 62 98 433 43522 20 40 43 202
957 C 548245 233 344 502799 281 66 103 44247 33 139
958 G 550974 98 106 24 507882 10 69 9 42634 142
959 A 554425 511190 48 2 91 42854 30 21 37 152
960 G 556653 206 119 19 512529 34 18 42 43531 155
961 A 559348 513001 36 179 138 45704 21 55 26 188
962 A 561772 513826 118 20 258 47308 17 15 43 167
963 T 564026 189 515792 125 84 35 47577 31 5 188
964 C 566466 207 59 518080 134 30 7 47767 25 157
965 C 569641 116 101 519026 102 38 21 50046 20 171
966 A 570905 517484 123 90 364 52565 33 29 51 166
967 G 572319 186 217 197 518915 38 41 44 52524 157
968 C 575508 275 291 522052 213 43 49 52391 24 170
969 A 576527 523295 139 142 286 52283 44 34 41 263
970 C 577974 147 74 524710 18 25 19 52803 16 162
971 A 579141 525123 70 12 69 53579 31 9 18 230
972 C 580068 121 92 525700 18 33 26 53885 12 181
973 A 582226 525880 12 10 95 56024 11 6 11 177
974 A 583919 527356 33 7 98 56192 33 7 16 177
975 G 584781 71 132 31 527088 33 29 7 57224 166
976 A 584759 527299 38 3 82 57101 22 4 10 200
977 G 583890 61 98 11 528188 10 17 10 55342 153
978 T 583126 42 526141 89 5 19 56198 17 16 599
979 C 583901 115 70 525102 37 30 23 58373 9 142
980 A 584618 524465 31 10 121 59786 15 8 24 158
981 G 582365 95 178 18 522396 14 40 17 59475 132
982 C 582536 275 213 520541 30 55 32 61227 10 153
983 T 584176 40 520365 65 16 22 63495 21 9 143
984 G 582135 238 190 93 517555 55 55 28 63766 155
985 G 580091 89 83 30 517063 18 23 11 62601 173
986 T 579792 44 515602 69 12 48 63050 28 62 877
987 G 579888 224 210 37 516729 32 61 15 62436 144
988 T 582394 40 519243 69 9 18 62591 27 35 362
989 G 582715 99 137 19 519468 30 41 29 62725 167
990 G 582977 64 119 18 519357 13 51 29 63132 194
991 A 582946 516439 145 67 95 65939 31 30 28 172
992 T 583599 50 514890 60 9 17 68314 18 39 202
993 G 582025 121 125 45 515302 35 56 34 66086 221
994 G 581655 102 130 18 516672 43 58 13 64430 189
995 C 582127 174 110 517854 40 40 41 63696 21 151
996 A 582353 518059 62 28 148 63795 33 14 30 184
997 T 582387 51 518049 155 48 17 63791 41 23 212
998 G 581993 139 184 59 520596 28 43 18 60768 158
999 C 581422 143 374 519500 34 37 69 61082 17 166
1000 A 582224 517144 306 33 116 64312 63 17 25 208
1001 A 583038 516559 46 48 340 65744 34 13 73 181
1002 T 582479 26 515211 104 40 17 66832 33 17 199
1003 T 581921 41 514078 63 63 22 67434 18 24 178
1004 C 582118 125 36 512729 40 43 20 68962 17 146
1005 T 582438 56 510680 149 131 59 71137 28 31 167
1006 G 580642 230 253 14 508575 47 62 75 71253 133
1007 C 579899 170 166 509684 77 76 26 69527 27 146
1008 T 580757 149 506973 190 112 42 73000 91 18 182
1009 G 581595 100 160 26 506581 26 68 54 74440 140
1010 C 582707 142 71 507878 34 96 19 74306 20 141
1011 A 583308 508199 21 17 126 74660 34 28 52 171
1012 T 583024 24 507453 62 13 23 75194 32 30 193
1013 T 584934 26 507239 71 15 40 77281 40 17 205
1014 T 584412 38 506950 190 10 28 76958 38 13 187
1015 G 580224 46 146 33 506672 30 71 19 73048 159
1016 A 580923 507259 42 6 88 73280 29 8 39 172
1017 A 580579 507430 43 29 217 72564 42 12 33 209
1018 G 577374 96 144 17 505117 22 39 12 71780 147
1019 A 576221 503667 47 5 80 72183 16 6 21 196
1020 T 574206 42 503021 63 4 17 70875 21 18 145
1021 C 573021 155 46 502251 53 53 23 70264 26 150
1022 T 576171 31 503151 125 7 40 72642 22 14 139
1023 A 575958 502473 14 31 122 73063 22 14 33 186
1024 A 574660 502278 49 99 137 71860 27 19 28 163
1025 G 572486 133 124 111 500739 37 44 17 71139 142
1026 A 570762 501431 100 18 158 68806 20 10 34 185
1027 G 569211 145 133 211 501786 31 26 34 66712 133
1028 T 568762 33 499247 61 5 54 68244 28 61 1029
1029 A 567789 500499 112 10 119 66844 27 8 19 151
1030 T 568521 46 498908 99 13 18 69201 24 13 199
1031 T 569567 60 499829 62 4 29 69394 16 10 163
1032 A 573136 500347 45 41 125 72314 29 15 45 175
1033 A 574400 499465 93 14 104 74477 29 5 44 169
1034 G 576300 81 130 104 500558 22 60 28 75186 131
1035 C 577064 168 111 501738 79 61 26 74723 25 133
1036 T 577337 58 502213 106 74 22 74623 26 32 183
1037 T 577727 58 503421 89 37 26 73881 25 24 166
1038 C 575574 141 130 503596 59 57 37 71376 28 150
1039 A 574838 502712 47 3 75 71782 20 8 23 168
1040 T 572909 46 499658 62 10 44 72912 17 14 146
1041 C 573598 150 81 496957 41 81 33 76089 19 147
1042 A 574882 494533 37 19 109 79926 62 19 29 148
1043 G 572707 46 134 33 494354 26 71 18 77868 157
1044 A 573961 495425 30 6 147 78079 52 32 42 148
1045 G 573668 49 88 16 496945 45 73 10 76276 166
1046 G 570217 75 67 17 496989 30 45 14 72763 217
1047 G 572897 177 110 30 501253 32 37 27 71044 187
1048 A 573074 500544 238 55 472 71335 44 24 89 273
1049 C 575318 130 196 501601 353 36 43 72709 70 180
1050 C 578902 194 212 502342 312 102 44 75465 70 161
1051 A 583042 504798 35 27 68 77852 30 25 20 187
1052 A 583002 504423 61 9 69 78204 40 4 24 168
1053 A 582142 503515 51 24 243 78026 32 13 63 175
1054 G 579468 107 42 119 503314 43 35 37 75632 139
1055 T 579458 51 502631 78 13 48 76131 27 49 430
1056 A 578861 503537 87 35 109 74872 63 13 16 129
1057 T 580411 154 506368 419 7 64 73089 97 9 204
1058 C 581746 114 204 507587 53 36 84 73487 20 161
1059 C 583067 125 188 507350 60 72 33 74978 35 226
1060 C 585795 92 44 506978 16 77 23 78355 16 194
1061 C 588890 112 71 505638 70 109 22 82685 18 165
1062 A 591902 506088 59 70 90 85276 36 71 24 188
1063 A 591003 505319 36 10 67 85271 59 10 58 173
1064 G 590594 90 163 22 505220 55 99 18 84783 144
1065 G 590868 88 93 13 509284 62 66 68 80991 203
1066 G 588402 68 94 14 512114 93 90 10 75709 210
1067 G 586087 62 69 12 510309 125 52 15 75263 180
1068 G 585448 163 136 24 508605 57 150 18 76119 176
1069 A 585423 506186 30 13 102 78718 133 13 48 180
1070 A 587018 507085 42 3 112 79389 163 9 25 190
1071 A 587693 508547 40 36 88 78533 26 30 164 229
1072 C 588106 46 81 508042 14 58 152 79545 10 158
1073 T 588996 14 508478 119 5 140 79999 44 4 193
1074 T 590537 50 510527 114 46 9 79435 152 20 184
1075 T 591291 275 511534 270 216 57 78584 68 49 238
1076 C 591198 367 108 514223 165 90 60 75936 70 179
1077 C 592219 541 112 517518 368 131 35 73243 90 181
1078 A 590756 519151 66 5 126 71103 59 30 23 193
1079 C 590774 152 91 518303 36 36 26 71983 18 129
1080 T 592016 92 516381 106 18 27 75184 53 9 146
1081 A 594174 513879 50 142 62 79736 71 53 25 156
1082 G 594404 53 180 42 514052 21 86 32 79808 130
1083 A 593989 515057 25 5 75 78581 31 24 16 175
1084 G 595010 45 116 29 518202 20 78 10 76319 191
1085 G 593719 47 107 16 518728 16 36 14 74587 168
1086 A 593653 521464 71 41 178 71621 28 15 19 216
1087 G 592714 512 200 58 521840 114 44 15 69818 113
1088 T 593595 47 523860 95 7 83 68577 39 55 832
1089 A 592990 524019 104 542 293 67666 22 73 74 197
1090 C 593535 1036 171 523748 72 176 73 68053 28 178
1091 A 596568 525691 1057 44 139 69177 226 17 29 188
1092 A 597183 527701 149 47 1034 67834 59 8 166 185
1093 A 596711 529513 34 12 69 66825 9 26 17 206
1094 T 595686 44 530106 73 6 19 65206 23 2 207
1095 T 596848 32 532839 97 17 11 63635 22 6 189
1096 G 596307 84 164 23 534406 15 40 16 61402 157
1097 C 596672 151 41 534871 31 29 5 61376 21 147
1098 T 597621 18 535157 121 15 10 62093 23 6 178
1099 T 597627 190 533999 162 208 35 62758 23 40 212
1100 C 599463 260 64 534279 209 68 32 64361 36 154
1101 A 601637 534036 201 192 170 66728 53 37 26 194
1102 A 600755 531800 55 71 188 68365 25 11 28 212
1103 A 599364 530799 85 235 157 67837 22 34 26 169
1104 T 599317 220 531724 141 157 42 66813 28 26 166
1105 G 598230 89 135 28 532870 36 35 13 64888 136
1106 A 597617 534049 38 7 74 63237 21 7 17 167
1107 A 596719 534262 9 8 104 62102 11 11 29 183
1108 A 598500 532804 44 116 257 65010 15 24 44 186
1109 A 597851 531875 132 118 119 65288 21 34 30 234
1110 C 598353 150 167 532596 147 45 31 65036 27 154
1111 A 600380 534027 179 47 105 65812 29 13 17 151
1112 T 601656 37 535373 73 79 8 65872 17 17 180
1113 G 601645 183 190 66 536732 37 75 9 64178 175
1114 G 599631 68 69 32 536136 31 30 28 63063 174
1115 A 599082 536482 43 11 125 62148 40 13 22 198
1116 T 599806 106 537781 117 15 15 61548 20 30 174
1117 G 600254 207 268 90 537399 36 53 60 61975 166
1118 C 599365 200 187 536239 108 36 88 62292 35 180
1119 T 600283 42 537440 347 246 26 61908 67 33 174
1120 A 601037 538887 68 29 88 61699 15 43 13 195
1121 T 601194 36 540858 64 7 8 60029 19 4 169
1122 G 600748 184 155 33 539573 29 67 51 60489 167
1123 G 599065 96 128 19 538425 51 42 13 60116 175
1124 A 598538 537555 56 20 131 60496 24 8 67 181
1125 A 599121 538063 49 24 135 60571 46 9 28 196
1126 T 597988 89 537400 70 261 12 59932 23 36 165
1127 C 599593 154 193 538263 118 45 33 60627 24 136
1128 A 600726 536864 130 67 428 62981 29 16 35 176
1129 A 598859 534702 229 43 196 63421 50 10 26 182
1130 G 596000 80 227 218 533103 10 49 44 62121 148
1131 T 596178 139 533157 230 186 49 62062 30 33 292
1132 A 597381 533973 106 59 204 62340 41 31 38 589
1133 C 595810 108 99 532828 108 28 15 62462 21 141
1134 T 597087 164 533264 168 139 37 63077 21 25 192
1135 C 597854 179 44 533561 79 54 14 63724 34 165
1136 T 598222 44 532048 118 19 35 65742 27 14 175
1137 T 598443 86 530534 237 111 28 67184 40 24 199
1138 G 596104 86 130 34 528356 43 38 25 67228 164
1139 A 596773 527216 55 7 67 69174 29 10 21 194
1140 A 596176 525378 49 10 127 70317 19 13 27 236
1141 C 596192 146 72 526151 37 49 21 69558 23 135
1142 T 597518 21 527164 103 10 9 70045 18 8 140
1143 G 598632 164 139 33 528210 36 46 21 69844 139
1144 A 599068 525538 34 71 145 73035 30 22 34 159
1145 G 597961 339 41 31 523518 54 36 16 73774 152
1146 A 597979 522867 38 324 1002 73342 27 40 152 187
1147 A 598434 525071 150 11 307 72638 37 11 40 169
1148 G 597204 99 209 363 525079 27 34 64 71182 147
1149 C 595681 292 350 525123 296 55 71 69290 47 157
1150 A 596499 524721 49 439 174 70801 37 65 39 174
1151 G 594070 154 121 32 524081 31 56 9 69429 157
1152 G 593714 224 105 141 524246 43 36 32 68702 185
1153 T 594109 57 523143 93 32 46 69980 36 51 671
1154 A 593964 524727 37 26 118 68772 25 16 34 209
1155 C 593338 122 254 524538 17 64 45 68138 19 141
1156 T 595527 46 525592 89 13 56 69518 27 28 158
1157 G 595854 93 139 19 526352 43 74 40 68915 179
1158 G 593600 89 85 26 524432 29 36 35 68654 214
1159 G 591939 127 135 26 524269 26 34 84 67054 184
1160 C 591626 125 106 521769 64 36 44 69232 21 229
1161 C 590958 174 130 520513 140 150 45 69587 31 188
1162 A 590953 518649 64 8 67 71835 14 14 133 169
1163 T 590681 33 516285 56 7 162 73989 24 7 118
1164 A 590114 515214 17 15 125 74499 23 12 37 172
1165 A 593972 518843 36 34 72 74545 204 14 52 172
1166 G 592773 61 137 18 515590 40 40 42 76715 130
1167 A 593166 514257 45 3 132 78271 23 214 32 189
1168 A 594222 515140 55 14 63 78584 35 16 25 290
1169 C 594803 79 45 514672 12 34 22 79726 8 205
1170 C 598005 133 68 516016 34 70 24 81447 15 198
1171 A 599652 518129 48 121 90 81028 23 25 23 165
1172 G 598123 87 98 22 516885 49 52 14 80758 158
1173 A 597471 516392 41 58 170 80526 19 14 71 180
1174 A 598403 516657 80 7 96 81305 75 8 18 157
1175 G 599638 55 106 78 518763 25 45 18 80410 138
1176 T 601094 48 519844 98 23 55 80233 100 37 656
1177 G 601544 104 103 21 522467 91 95 25 78464 174
1178 G 599491 43 120 25 522562 19 52 29 76465 176
1179 A 599548 522161 94 25 249 76665 35 9 133 177
1180 G 598303 66 110 37 522465 22 148 24 75270 161
1181 G 596293 62 121 29 522471 43 119 21 73235 192
1182 A 594763 520930 43 8 144 73257 29 57 109 186
1183 A 594652 519992 43 203 132 73838 93 122 27 202
1184 A 593836 519200 54 63 334 73712 26 29 154 264
1185 C 593284 207 141 518794 141 197 42 73547 35 180
1186 A 590893 515211 334 1121 490 72883 217 221 70 346
1187 C 590479 463 744 508503 6242 109 271 73018 988 141
1188 T 590532 625 507799 817 5821 123 74140 135 880 192
1189 A 589916 515566 227 154 105 73421 63 30 197 153
1190 A 589825 514209 239 86 462 74492 54 30 80 173
1191 T 588205 940 514289 97 407 177 71736 253 83 223
1192 C 587900 2518 97 508259 100 450 25 76273 48 130
1193 A 589542 506517 98 64 2659 79281 266 30 448 179
1194 A 587820 507176 305 103 1913 77442 70 40 483 288
1195 C 589889 937 287 507177 336 209 90 80650 59 144
1196 A 594311 500445 356 514 6655 84788 108 106 1170 169
1197 G 593211 561 1540 1922 503984 97 296 389 84282 140
1198 A 593751 508136 30 87 158 85026 57 16 46 195
1199 G 592214 151 61 28 507565 48 51 19 84112 179
1200 G 589599 138 54 87 506305 52 38 25 82676 224
1201 G 587248 1606 313 7564 496388 300 93 1394 79421 169
1202 C 588478 389 180 498539 8749 97 51 78657 1598 218
1203 C 590399 1223 7402 499101 616 257 1306 80213 133 148
1204 T 593964 503 506950 1275 163 171 84470 217 32 183
1205 C 593032 632 76 504252 1037 150 58 86487 203 137
1206 T 593173 378 502679 940 608 97 87993 165 139 174
1207 G 590412 938 149 148 504047 176 55 45 84706 148
1208 C 589889 387 341 504995 208 107 297 83361 41 152
1209 A 590008 503664 274 242 385 84903 269 62 67 142
1210 G 588085 182 559 34 504026 36 137 25 82923 163
1211 G 585551 110 90 746 507704 221 39 118 76341 182
1212 T 582672 190 505499 501 641 56 74863 101 136 685
1213 C 583192 105 75 507967 28 40 196 74616 15 150
1214 A 585566 508921 40 11 62 76289 20 21 12 190
1215 A 587207 510509 37 7 92 76171 21 7 166 197
1216 A 588880 509517 90 29 63 78837 136 14 18 176
1217 T 589693 37 510017 148 25 23 79091 43 113 196
1218 C 591287 214 69 514407 38 52 103 76233 23 148
1219 A 592215 515543 331 15 333 75660 122 9 59 143
1220 G 590862 60 139 264 517302 16 61 62 72831 127
1221 T 590579 77 518830 281 22 35 70805 58 30 441
1222 G 588032 167 192 21 516827 41 49 15 70555 165
1223 T 587957 66 518551 125 32 27 68743 31 28 354
1224 G 589201 310 168 35 521691 50 48 28 66707 164
1225 C 589611 577 529 519058 523 118 106 68469 69 162
1226 A 590803 516786 245 752 325 72271 55 120 59 190
1227 A 592637 517158 464 476 527 73345 87 108 88 384
1228 C 594642 77 107 519350 553 22 61 74207 78 187
1229 C 597088 129 49 522395 62 43 21 74184 43 162
1230 T 600059 243 523342 322 327 50 75462 73 63 177
1231 G 601015 712 236 130 524596 149 50 32 74960 150
1232 C 603471 124 141 526713 489 59 30 75668 114 133
1233 A 606781 528279 92 366 250 77450 27 78 85 154
1234 T 608244 69 530720 87 13 23 77073 37 60 162
1235 T 610707 23 530775 61 11 44 79577 23 9 184
1236 T 612581 51 531822 91 53 17 80259 23 58 207
1237 T 615121 159 533809 86 20 35 80740 30 53 189
1238 C 615813 125 43 534776 168 62 41 80411 51 136
1239 T 616287 65 534151 263 25 23 81479 101 13 167
1240 G 613303 288 192 244 534674 61 64 86 77534 160
1241 T 612758 100 538604 163 35 31 73460 44 29 292
1242 G 612731 221 239 65 540319 43 67 54 71567 156
1243 C 614638 1378 1032 538996 663 211 207 71880 118 153
1244 A 617602 540322 436 1307 1819 72958 68 220 290 182
1245 A 619047 542479 2200 265 854 72483 324 64 177 201
1246 A 620816 544788 24 61 121 75461 106 19 37 199
1247 G 619774 44 71 37 544594 45 52 39 74716 176
1248 A 618590 546324 53 13 228 71666 47 5 58 196
1249 A 619073 545754 238 1575 521 70372 60 230 118 205
1250 A 617739 545365 1125 206 1069 68776 211 80 160 747
1251 C 617688 851 571 546987 833 174 102 67848 140 182
1252 C 619944 388 118 549482 467 86 96 69067 73 167
1253 T 621668 45 552540 125 51 18 68533 57 59 240
1254 C 620863 164 52 552411 611 38 31 67252 93 211
1255 C 622250 98 70 552337 125 82 33 69284 23 198
1256 C 622750 134 142 553088 28 82 24 69034 51 167
1257 A 622329 552890 55 30 148 68922 22 34 63 165
1258 T 620546 85 552581 223 864 27 66302 41 166 257
1259 T 620099 145 554306 1022 21 40 64179 156 9 221
1260 T 620057 438 554699 310 755 75 63360 74 139 207
1261 G 617783 3938 2902 754 550844 458 401 113 58173 200
1262 A 616936 548765 4123 1841 2585 58374 517 216 316 199
1263 C 617727 1083 1383 551071 4243 167 173 58936 515 156
1264 A 621006 558076 265 391 782 61059 36 57 135 205
1265 A 620938 557807 236 168 951 61363 66 26 102 219
1266 A 620386 557769 506 420 782 60413 79 51 95 271
1267 C 619844 907 228 555399 1489 123 41 61230 238 189
1268 C 618799 625 117 549946 6433 123 29 60519 837 170
1269 A 616527 548862 911 947 4288 60507 131 223 479 179
1270 A 614715 553168 315 489 441 59650 45 174 77 356
1271 C 612477 650 865 552339 252 213 106 57826 56 170
1272 C 612666 255 497 553666 346 52 67 57395 205 183
1273 A 612927 554775 124 11 557 57164 32 24 79 161
1274 T 610773 65 553418 166 86 197 56504 36 27 274
1275 C 609725 182 399 553915 363 44 224 54381 65 152
1276 A 610380 553476 83 138 266 56158 29 25 39 166
1277 T 607611 92 551250 405 30 18 55541 54 14 207
1278 G 604582 274 640 158 548870 42 96 25 54308 169
1279 G 603337 865 1386 623 546988 88 200 77 52917 193
1280 C 601788 732 830 546200 1379 96 99 52099 191 162
1281 A 597932 542858 1502 947 475 51655 150 109 63 173
1282 G 592647 950 503 49 540769 107 71 12 50026 160
1283 C 589507 295 127 539047 578 41 35 49135 102 147
1284 A 586115 537458 517 262 176 47429 70 44 17 142
1285 T 583623 38 534913 97 9 12 48338 21 9 186
1286 T 581530 1086 531784 93 18 123 48204 31 10 181
1287 C 578831 153 859 529309 53 56 86 48134 15 166
1288 A 577553 526123 326 416 1099 49165 53 43 114 214
1289 C 573571 233 178 520384 2850 75 44 49388 263 156
1290 T 571877 662 517736 364 2217 86 50308 89 235 180
1291 G 567975 218 511 235 516291 43 73 39 50387 178
1292 G 562666 305 435 147 511770 93 59 27 49631 199
1293 G 559767 250 512 268 508669 58 121 43 49686 160
1294 A 556421 504736 515 810 334 49515 86 127 64 234
1295 A 553934 502527 253 683 686 49336 72 111 88 178
1296 T 549948 393 499582 355 757 83 48476 42 98 162
1297 A 546830 497323 354 400 363 47920 70 99 142 159
1298 C 544828 391 587 495111 358 69 117 47977 56 162
1299 A 541532 493181 263 212 577 46864 141 31 107 156
1300 G 534764 159 297 139 486891 21 128 33 46959 137
1301 A 533745 484407 375 103 194 48198 53 206 42 167
1302 G 530619 372 172 119 481799 51 87 98 47756 165
1303 G 526335 59 68 21 478725 99 24 11 47163 165
1304 G 521854 92 126 21 474543 33 81 9 46779 170
1305 A 518185 468908 338 52 561 47936 43 23 150 174
1306 A 512620 463758 30 242 83 48280 27 36 20 144
1307 G 508707 64 120 26 459905 30 65 11 48371 115
1308 A 506288 456065 167 14 213 49595 34 13 51 136
1309 A 503671 451528 125 10 85 51599 95 16 32 181
1310 C 499429 109 46 446438 71 45 28 52460 91 141
1311 A 495194 441684 99 30 81 53117 16 12 26 129
1312 T 491625 510 435195 144 1920 84 53315 31 274 152
1313 C 487640 653 54 431511 1892 130 18 53025 241 116
1314 A 483422 428642 385 657 1292 51975 69 94 164 144
1315 G 477425 43 97 34 426729 36 14 21 50338 113
1316 A 473837 423786 70 3 50 49710 49 14 11 144
1317 C 469043 114 91 418858 13 39 46 49747 32 103
1318 A 464877 411862 2479 20 99 49921 320 15 31 130
1319 T 460345 2455 407688 93 76 346 49516 15 19 137
1320 G 453765 79 501 2044 403320 28 85 264 47332 112
1321 A 447973 401335 23 60 96 46287 16 13 25 118
1322 G 443742 52 131 15 396956 25 55 16 46376 116
1323 G 439282 68 84 22 393526 35 32 7 45361 147
1324 G 434725 1747 789 98 387132 227 113 30 44457 132
1325 C 430990 195 699 385377 143 52 124 44243 47 110
1326 A 425822 379757 488 232 872 44101 106 26 127 113
1327 G 422270 61 97 24 377366 34 26 7 44552 103
1328 A 419290 374571 25 8 51 44453 7 14 35 126
1329 A 415712 371471 26 6 83 43927 30 8 34 127
1330 A 412375 367394 26 6 277 44492 30 8 56 86
1331 T 409183 18 363843 95 17 13 45071 20 9 97
1332 T 404477 30 359642 122 110 17 44396 25 26 109
1333 A 399737 355025 35 3 97 44422 24 19 16 96
1334 T 395695 31 350196 49 14 25 45257 20 6 97
1335 A 390915 345090 41 15 89 45528 10 10 22 110
1336 A 387975 339045 112 589 583 47307 25 93 109 112
1337 G 382914 438 207 861 333292 83 39 132 47783 79
1338 G 378337 294 558 574 329392 84 75 103 47156 101
1339 A 373971 326022 106 222 161 47279 22 37 22 100
1340 T 370049 199 322430 150 201 28 46881 27 40 93
1341 G 365427 244 239 73 318601 55 43 16 46081 75
1342 A 359858 314047 198 11 78 45376 36 5 21 86
1343 T 354039 39 309306 63 12 7 44505 11 7 89
1344 G 349769 81 66 17 304490 29 23 7 44963 93
1345 G 343988 39 66 29 298850 23 45 8 44849 79
1346 A 336855 292636 28 12 77 43931 37 6 20 108
1347 A 332774 288320 26 2 85 44190 21 30 24 76
1348 G 328023 846 136 69 282729 166 52 12 43950 63
1349 G 324800 237 138 707 278982 25 50 143 44441 77
1350 T 320644 82 274530 124 794 50 44149 73 257 585
1351 G 315646 423 2913 310 267740 82 614 94 43404 66
1352 C 309803 2416 945 261876 883 548 180 42744 153 58
1353 A 303355 255424 266 2689 831 43231 70 600 154 90
1354 A 298187 252986 24 103 106 44807 17 26 40 78
1355 A 293432 247379 90 80 64 45657 45 17 19 81
1356 A 287404 241943 33 50 187 44965 15 41 55 115
1357 C 283835 263 942 238602 603 92 202 42929 139 63
1358 C 278044 166 309 232002 1337 98 67 43726 270 69
1359 A 272898 224464 157 227 1312 46275 39 66 296 62
1360 G 269070 113 812 703 221071 67 218 158 45889 39
1361 A 265876 218244 1037 666 542 44785 230 163 142 67
1362 A 261377 212292 374 551 488 47222 86 145 157 62
1363 G 255707 536 389 241 206654 164 122 53 47503 45
1364 A 250103 200036 594 244 546 48260 152 71 145 55
1365 A 245969 192854 429 188 447 51655 135 65 139 57
1366 A 242328 187046 542 413 323 53518 172 141 129 44
1367 T 238614 290 181591 442 581 113 55118 149 258 72
1368 G 233576 556 238 101 177099 187 107 36 55189 63
1369 T 228402 74 173813 100 195 54 53933 66 86 81
1370 C 224342 97 50 170421 168 66 20 53388 79 53
1371 C 220256 232 209 166587 87 116 107 52828 53 37
1372 T 218236 13 163009 36 0 78 55042 12 6 40
1373 T 213588 26 160243 34 9 49 53148 15 9 55
1374 C 208442 58 27 157451 20 52 32 50743 22 37
1375 C 204403 941 122 153795 270 340 68 48719 104 44
1376 A 199279 148904 129 141 1853 47590 48 47 530 37
1377 G 193428 188 263 107 147521 60 94 34 45127 34
1378 G 188789 162 49 225 144770 116 58 97 43278 34
1379 G 183591 70 51 174 141282 46 45 38 41853 32
1380 G 177849 167 247 88 137657 49 104 35 39456 46
1381 C 173292 64 35 135022 16 23 57 37966 71 38
1382 G 170599 66 65 7 133616 24 43 46 36695 37
1383 G 166222 47 105 22 131224 25 42 13 34710 34
1384 G 166425 37 57 9 131019 23 33 12 35170 65
1385 G 163539 22 34 17 129619 47 11 9 33745 35
1386 A 166992 127507 36 10 102 32107 14 21 3424 3771
1387 G 167712 84 33 10 130957 39 38 18 36487 46
1388 T 493291 10 309407 43 22 135 157770 107 7883 17914
1389 C 502683 324 33 339595 174 277 109 161666 278 227
1390 T 509353 37 358159 142 19 52 150532 173 36 203
1391 T 511824 47 356431 89 9 74 154963 91 17 103
1392 C 518451 110 133 360406 22 109 438 156728 79 426
1393 G 525703 71 134 36 367909 132 262 171 156523 465
1394 A 528976 372023 11 1 66 156293 111 34 143 294
1395 G 534129 32 141 13 375181 54 122 71 158293 222
1396 C 540886 710 571 384888 307 328 322 153184 267 309
1397 T 550563 931 402499 359 312 454 145158 296 166 388
1398 C 556509 285 799 403914 612 223 441 149753 294 188
1399 T 562929 195 409972 81 69 114 152115 134 34 215
1400 C 568567 150 119 411495 105 119 286 156105 81 107
1401 G 572571 138 171 46 418153 115 234 165 153309 240
1402 G 574662 59 104 19 424109 36 119 46 149954 216
1403 A 578489 428009 24 1 102 146756 42 23 821 2711
1404 C 584249 52 122 441558 25 110 182 141999 30 171
1405 G 589275 120 175 70 447966 105 106 58 140587 88
1406 A 593628 452145 109 66 113 140689 53 32 114 307
1407 A 598114 459078 42 41 171 138468 42 31 109 132
1408 A 600808 468106 15 6 66 132346 98 19 49 103
1409 G 600500 110 155 18 471941 658 121 35 125477 1985
1410 G 600093 62 91 30 481105 42 52 28 118580 103
1411 G 600027 76 101 12 488936 39 41 13 110589 220
1412 C 602460 91 108 497983 25 46 83 102875 371 878
1413 A 605865 504567 63 22 206 100693 34 32 66 182
1414 G 604818 512 287 47 511412 110 85 72 91927 366
1415 C 606871 107 133 518773 24 55 121 87315 49 294
1416 G 612095 116 185 162 524696 55 118 67 86348 348
1417 A 615025 529061 163 443 73 84759 58 94 91 283
1418 A 616565 534274 36 45 577 81025 45 59 118 386
1419 C 617977 143 252 540241 330 153 65 75987 63 743
1420 C 620679 89 47 547285 783 62 54 72039 115 205
1421 C 623058 109 110 553090 236 57 97 69183 45 131
1422 G 623840 373 294 30 557018 102 96 174 64738 1015
1423 A 625363 560663 40 12 160 63565 24 48 64 787
1424 T 625676 50 561723 59 5 97 63399 29 18 296
1425 C 626582 127 109 562268 35 44 66 63798 16 119
1426 G 626879 156 167 152 562947 59 42 75 63022 259
1427 T 628042 52 565088 595 67 30 60768 82 216 1144
1428 G 629589 206 184 153 571111 42 76 63 57510 244
1429 C 630734 79 70 572047 25 16 21 58198 67 211
1430 C 631900 59 67 575144 15 20 48 56380 25 142
1431 C 632986 65 134 581242 16 48 17 51309 41 114
1432 T 633527 54 583455 120 34 25 47849 341 25 1624
1433 C 633842 98 127 587141 47 95 43 46157 24 110
1434 T 633556 63 588123 709 166 19 44096 169 26 185
1435 T 633293 114 592212 181 85 14 40496 40 12 139
1436 T 632604 64 594614 118 195 16 37234 20 112 231
1437 T 632057 218 596100 225 131 126 35092 32 17 116
1438 G 630819 146 746 396 593066 120 650 35 31381 4279
1439 A 629828 597579 117 580 448 30544 45 147 48 320
1440 C 628771 203 218 599598 29 29 18 28323 10 343
1441 A 628367 601427 108 17 134 26452 12 6 14 197
1442 T 627607 44 603398 92 126 11 23647 8 20 261
1443 G 627021 124 237 90 605796 20 23 2 20559 170
1444 A 626012 607359 39 7 115 18075 8 0 26 383
1445 G 625202 94 196 70 609000 1 11 3 15744 83
1446 T 624332 60 600559 115 12 41 13347 10 498 9690
1447 A 623412 611060 22 8 88 12108 3 0 8 115
1448 A 622269 611653 37 2 56 10194 1 11 1 314
1449 T 621120 127 611563 154 33 21 8850 5 2 365
1450 G 620742 130 212 110 612025 12 14 8 8125 106
1451 A 619894 611708 186 99 76 7382 4 3 13 423
1452 A 619318 612048 81 51 201 6658 0 1 7 271
1453 G 618768 204 253 364 611559 94 4 1 6012 277
1454 G 618239 85 272 111 611516 6 6 1 6146 96
1455 A 617385 609827 307 52 425 5853 2 3 31 885
1456 T 616707 52 610437 68 1 11 5697 2 5 434
1457 C 616315 78 45 610268 23 6 2 5712 1 180
1458 T 615904 70 609875 97 8 10 5725 2 1 116
1459 T 615363 6 609515 94 2 9 5531 5 1 200
1460 A 614692 608975 45 4 72 5201 57 1 1 336
1461 T 614145 43 608835 63 7 1 4978 1 1 216
1462 T 613678 32 608604 92 2 0 4801 1 0 146
1463 T 613207 41 608246 67 2 8 4684 0 0 159
1464 C 612461 129 52 605037 29 8 207 4070 1 2928
1465 T 612112 28 607601 91 3 7 4228 5 0 149
1466 T 611485 54 607200 54 1 6 3928 2 1 239
1467 C 610787 138 93 606309 33 9 35 3539 1 630
1468 G 610427 166 158 37 606115 16 4 4 3544 383
1469 G 609880 61 168 38 606153 2 4 0 3358 96
1470 A 609446 604329 53 5 147 3180 4 2 64 1662
1471 G 608966 59 187 37 605334 4 3 2 3077 263
1472 A 608581 604975 69 7 171 2928 3 2 15 411
1473 C 608318 99 85 604989 38 6 4 2938 7 152
1474 A 607996 604806 30 67 76 2886 0 5 1 125
1475 A 607536 604238 33 10 253 2765 0 0 4 233
1476 T 607053 121 602951 106 40 25 2551 2 3 1254
1477 G 606759 289 249 45 603206 5 6 0 2545 414
1478 C 606340 148 177 603158 96 1 2 2516 4 238
1479 A 605992 602855 194 53 159 2427 0 0 0 304
1480 G 605632 83 189 80 602811 2 1 1 2345 120
1481 A 605223 602586 36 14 83 2266 1 0 1 236
1482 G 604775 388 173 31 601774 1 0 0 2231 177
1483 G 604342 91 144 38 601590 3 2 1 2156 317
1484 A 603799 600004 47 17 166 2019 0 0 34 1512
1485 G 603125 136 376 77 600449 1 0 1 1931 154
1486 T 602659 71 574958 79 24 4 1711 1 163 25648
1487 A 602276 599692 291 16 193 1836 1 1 1 245
1488 C 601305 128 410 598506 53 7 3 1741 1 456
1489 G 598336 2385 528 110 593365 7 3 1 1651 286
1490 A 593841 584911 3495 2038 1447 1567 16 6 4 357
1491 C 592456 913 1075 587005 1593 14 3 1570 4 279
1492 A 589132 584632 856 909 1051 1529 8 3 7 137
1493 A 585370 576054 719 1006 5984 1423 9 1 18 156
1494 T 581986 4823 570848 2034 2367 22 1374 6 13 499