# nucleotide counts
# upper case indicates nucleotide called by both reads
# lower case indicates nucleotide called by one read with other ambiguous
# N indicates disagreement between reads, or both ambiguous
# POSITION WT COUNTS A T C G a t c g N
1 A 1668338 1658059 103 10 272 9647 24 5 3 215
2 T 1670161 174 1658404 257 24 5 10673 4 2 618
3 G 1671737 299 329 75 1659417 1 16 3 11198 399
4 G 1672469 137 217 118 1660567 2 10 8 11137 273
5 C 1674442 409 878 1659949 136 9 16 12297 9 739
6 G 1676754 496 280 149 1661766 3 13 12 13487 548
7 T 1678942 2084 1659276 2038 272 29 14427 28 3 785
8 C 1681060 1831 1398 1661536 177 22 26 15764 5 301
9 C 1683388 1454 1893 1662189 575 25 25 16874 11 342
10 C 1685632 8181 8106 1649289 2012 93 80 17586 18 267
11 A 1688290 1654225 7860 5945 909 18835 88 77 13 338
12 A 1690751 1656607 4370 6238 2973 20105 59 79 40 280
13 G 1692009 669 1053 757 1668776 14 30 9 20412 289
14 G 1694359 387 260 878 1670828 9 16 15 21466 500
15 C 1697410 442 233 1673546 80 4 24 22843 6 232
16 A 1699492 1673677 108 17 428 23949 10 12 10 1281
17 C 1701779 188 169 1676294 45 6 4 24838 4 231
18 C 1705370 386 157 1677624 87 14 5 26850 2 245
19 A 1708648 1678689 81 29 225 29337 9 8 9 261
20 A 1711532 1680873 117 22 186 30025 6 5 3 295
21 A 1713813 1683152 115 107 238 29745 13 7 7 429
22 C 1716383 357 350 1685111 63 18 22 30160 3 299
23 G 1719087 324 346 103 1687643 17 37 11 30343 263
24 G 1722993 397 208 70 1690699 9 11 13 31339 247
25 T 1726436 559 1689254 400 425 14 32738 20 15 3011
26 C 1729735 565 466 1694454 177 7 25 33817 5 219
27 T 1733485 510 1695452 721 322 9 36175 21 10 265
28 T 1737208 433 1694243 1421 744 17 40095 42 17 196
29 A 1741801 1696170 760 509 555 43495 44 32 20 216
30 T 1746448 888 1697801 1113 203 39 45907 38 13 446
31 G 1748792 403 449 185 1699050 23 62 14 48202 404
32 A 1752821 1700678 176 154 347 51039 21 18 23 365
33 A 1756789 1702396 246 83 472 53138 32 8 27 387
34 C 1761814 4600 2612 1696870 1180 162 112 55922 61 295
35 A 1767090 1698624 1102 3354 2841 60568 69 137 102 293
36 G 1768948 2674 2284 3680 1696760 104 132 161 62941 212
37 A 1772958 1704323 280 88 334 67586 22 9 28 288
38 T 1777355 301 1701149 277 130 94 72596 52 32 2724
39 G 1780935 393 315 233 1701021 114 75 23 78488 273
40 G 1784613 12401 408 216 1687071 297 110 27 83793 290
41 A 1788704 1680388 193 80 12503 94010 112 20 332 1066
42 A 1793080 1690706 157 168 651 100920 23 28 63 364
43 A 1796710 1691420 146 197 289 103949 82 43 62 522
44 C 1801233 458 224 1690935 95 108 33 109091 27 262
45 T 1807438 365 1685202 411 111 88 120638 71 27 525
46 G 1810252 393 397 179 1680589 54 101 32 128289 218
47 A 1813156 1676798 157 188 412 134886 34 47 102 532
48 T 1816952 341 1673600 343 82 94 142133 38 44 277
49 G 1818367 883 545 757 1662126 121 167 103 153412 253
50 G 1818793 714 380 1033 1655216 129 152 146 160706 317
51 G 1818088 1058 824 693 1646615 177 177 90 168107 347
52 G 1818013 1032 579 1990 1636568 957 83 225 176256 323
53 A 1819249 1628745 588 2265 727 185158 826 275 120 545
54 A 1817267 1624109 606 1606 1451 187847 805 239 184 420
55 C 1816557 397 454 1612685 202 104 91 202269 130 225
56 G 1812611 759 370 216 1600789 829 89 109 209073 377
57 C 1812142 486 156 1590550 129 154 40 220264 42 321
58 C 1818673 371 259 1580361 115 185 651 236327 48 356
59 A 1822408 1563647 213 4498 746 251632 64 658 703 247
60 G 1815963 274 560 248 1559289 102 235 42 254961 252
61 A 1813422 1544879 833 936 589 264921 162 240 587 275
62 A 1810747 1523364 564 2300 1171 282289 149 416 238 256
63 T 1810822 1878 1508229 1475 755 677 296801 309 229 469
64 G 1803988 1984 648 2689 1482277 642 368 578 314496 306
65 C 1800539 937 1035 1460233 2839 387 272 333806 757 273
66 A 1798846 1434902 942 1655 1054 358988 277 460 318 250
67 A 1792673 1413804 2028 927 1160 372778 789 245 504 438
68 C 1788707 1066 596 1401360 734 742 217 383200 347 445
69 T 1787994 2162 1398978 1376 787 759 382853 373 404 302
70 G 1777850 760 525 476 1383969 326 245 256 391023 270
71 A 1770791 1365854 623 458 351 402361 346 170 326 302
72 G 1760676 1451 672 452 1346903 675 341 203 409755 224
73 A 1751687 1312261 276 207 284 437715 189 227 210 318
74 T 1740791 337 1284871 279 49 335 454225 244 195 256
75 C 1733343 386 251 1254283 252 616 252 476812 281 210
76 A 1726598 1228845 181 293 370 495800 294 159 290 366
77 G 1706406 268 327 162 1205172 332 276 124 499483 262
78 A 1692850 1170728 68 162 477 520651 96 116 342 210
79 G 1670782 413 390 348 1143638 364 330 397 524556 346
80 C 1653693 483 503 1131276 416 561 335 519501 379 239
81 A 1638411 1102049 184 270 511 534340 283 164 400 210
82 T 1622481 2235 1079273 602 788 1209 537164 350 592 268
83 C 1609063 2479 162 1064347 898 1622 304 538509 487 255
84 C 1615116 849 1900 1054725 618 1215 944 554100 547 218
85 G 1600238 742 271 93 1046143 797 378 97 551507 210
86 T 1579738 137 1026428 154 60 246 551431 180 445 657
87 C 1563853 999 309 1008655 107 781 481 551758 370 393
88 G 1524815 2725 316 118 999275 2780 335 246 518736 284
89 G 1495809 2229 248 116 980022 2586 240 88 510058 222
90 G 658412 134 178 426 502779 104 88 438 154174 91
91 A 650094 502044 74 132 151 147235 64 62 69 263
92 A 640605 493670 58 69 212 146256 82 35 112 111
93 G 636612 117 233 88 494882 70 137 39 140961 85
94 A 635221 494138 50 31 115 140665 39 10 56 117
95 T 637632 71 497090 103 38 61 140105 41 29 94
96 G 639745 109 170 51 507687 69 147 40 131376 96
97 A 641214 511823 98 144 228 128634 53 53 70 111
98 T 642709 101 515502 81 72 69 126729 26 24 105
99 T 645857 262 523334 131 48 83 121792 73 29 105
100 G 647914 457 608 320 531289 138 273 99 114630 100
101 A 652676 536359 865 574 570 113625 247 159 157 120
102 T 658673 697 548362 460 384 222 108250 102 92 104
103 G 663274 141 190 58 554343 53 179 38 108157 115
104 G 669921 104 147 121 561061 37 77 35 108228 111
105 A 674279 566137 74 84 183 107523 54 36 48 140
106 A 678926 578377 121 63 187 99615 42 27 361 133
107 T 682852 134 587017 127 20 289 94946 50 135 134
108 T 691224 176 590580 103 68 55 99955 29 116 142
109 G 697488 128 156 45 600407 37 186 30 96337 162
110 G 702918 81 129 57 611291 26 45 23 91124 142
111 A 710275 618274 107 41 338 91046 30 98 63 278
112 C 720302 163 149 625383 64 228 65 94059 21 170
113 G 729368 163 182 82 632699 98 65 36 95909 134
114 A 737387 641806 69 79 93 95062 21 25 114 118
115 T 745128 177 645746 486 336 79 97982 66 70 186
116 T 750984 85 651629 778 108 23 97980 150 75 156
117 C 754837 261 253 658778 569 44 83 94631 82 136
118 T 765037 73 667436 339 43 92 96837 73 8 136
119 A 773184 674922 112 48 156 97577 59 28 51 231
120 C 781482 244 128 683387 62 104 57 97310 44 146
121 A 790792 688145 219 528 373 101122 39 137 76 153
122 T 798502 307 695243 556 274 135 101589 128 68 202
123 C 806669 583 234 703655 787 154 86 100899 124 147
124 C 815811 196 149 711326 117 85 90 103647 33 168
125 A 824776 718203 90 65 187 105868 69 49 52 193
126 A 831212 724623 52 72 167 106036 19 35 41 167
127 A 839627 734365 49 91 147 104699 57 45 17 157
128 T 846943 616 744160 140 32 149 101676 27 15 128
129 G 851848 201 261 599 753079 81 98 136 97241 152
130 T 859723 159 761940 245 88 56 96697 58 59 421
131 G 866804 166 352 138 770448 49 83 42 95370 156
132 C 874354 252 425 774433 133 80 84 98768 22 157
133 A 881012 783691 237 137 421 96042 74 43 61 306
134 C 885909 280 385 788848 229 52 84 95845 32 154
135 T 891358 336 794136 547 180 59 95812 100 28 160
136 G 893613 218 239 77 800807 50 89 41 91949 143
137 A 900295 806342 131 86 157 93310 37 27 37 168
138 A 905977 811817 147 89 177 93337 49 19 47 295
139 C 911589 164 230 819318 34 51 59 91574 18 141
140 T 919442 75 827006 127 53 23 91914 35 16 193
141 T 926774 274 832384 335 146 52 93343 56 27 157
142 A 931407 836070 130 74 159 94717 40 16 29 172
143 A 938085 841213 83 89 166 96284 27 20 29 174
144 A 943385 843625 113 94 145 98956 35 39 29 349
145 C 949149 373 587 848404 224 75 104 99171 38 173
146 T 955619 219 852594 427 171 45 101820 92 42 209
147 C 961330 955 387 855338 492 143 81 103678 83 173
148 A 967530 855061 1523 1775 3376 104696 216 246 456 181
149 G 971074 917 510 3406 859768 164 101 479 105586 143
150 T 976719 1109 864064 3264 1947 164 104783 484 324 580
151 G 983114 785 368 388 872456 151 124 68 108613 161
152 A 987131 879226 446 960 335 105680 81 151 73 179
153 T 991315 489 881658 446 252 95 108066 78 45 186
154 T 998949 475 885988 419 451 85 111194 57 91 189
155 A 1005046 892575 293 829 521 110420 57 122 77 152
156 T 1009825 500 898531 805 390 96 109175 96 64 168
157 G 1013529 220 421 186 906057 56 90 41 106276 182
158 A 1017864 911271 164 162 289 105581 107 29 64 197
159 G 1019668 305 377 131 912207 66 115 25 106231 211
160 G 1021835 362 285 170 915639 55 123 21 104920 260
161 G 1023618 289 192 619 919695 57 95 78 102320 273
162 G 1024998 328 264 450 923652 43 89 165 99792 215
163 C 1030033 459 417 925909 228 215 133 102350 60 262
164 G 1035421 413 470 235 923583 127 116 56 110245 176
165 A 1038154 926939 382 348 347 109472 95 49 176 346
166 C 1042712 844 286 930640 332 332 74 109937 86 181
167 T 1050873 283 932964 967 106 274 115917 164 35 163
168 G 1052678 635 981 867 933501 120 385 137 115874 178
169 A 1057246 937930 210 881 704 116866 203 109 135 208
170 T 1061034 157 943231 298 137 191 116673 49 81 217
171 C 1067538 575 277 949395 843 109 210 115835 104 190
172 C 1072759 326 236 951993 152 256 99 119461 41 195
173 A 1076516 954876 153 155 381 120555 119 58 47 172
174 G 1075577 284 355 190 953729 101 104 52 120608 154
175 A 1083197 955347 187 175 234 126858 44 46 119 187
176 A 1085228 953796 167 142 321 130371 53 27 74 277
177 C 1087284 382 686 951605 135 91 180 133928 89 188
178 A 1089110 954161 375 203 205 133802 114 44 38 168
179 G 1087289 135 385 502 959530 45 106 126 126282 178
180 C 1088327 422 385 959490 326 140 92 127199 90 183
181 T 1096093 552 963061 217 468 151 131265 57 79 243
182 T 1101580 271 972111 235 137 74 128384 101 41 226
183 A 1105098 975220 350 353 463 128302 65 76 74 195
184 A 1108671 979057 568 255 348 127983 89 86 57 228
185 C 1112433 286 222 981350 582 213 58 129414 99 209
186 A 1118232 982942 434 1554 369 132366 75 233 90 169
187 A 1116960 985727 224 260 270 130121 43 50 100 165
188 T 1119924 197 990410 325 72 80 128463 129 40 208
189 A 1122571 989977 291 325 374 131136 145 41 84 198
190 G 1122689 200 437 417 994626 65 126 110 126481 227
191 A 1124060 996139 332 181 303 126692 107 38 79 189
192 G 1123617 454 388 377 999524 97 75 82 122424 196
193 A 1125879 998186 161 163 255 126662 57 25 90 280
194 G 1124846 218 304 142 996886 89 68 34 126930 175
195 A 1124043 998519 114 126 344 124514 65 31 83 247
196 A 1125748 1003315 112 36 172 121785 32 10 38 248
197 T 1127239 100 1002355 135 65 60 124211 23 17 273
198 G 1125043 207 293 51 1000608 72 113 35 123429 235
199 G 1126907 297 158 66 996294 85 57 30 129675 245
200 T 1130409 142 995186 214 77 70 133357 44 104 1215
201 G 1136391 314 404 190 997421 71 92 51 137642 206
202 C 1139788 453 277 997727 135 116 66 140773 34 207
203 T 1144549 207 996456 285 108 80 147015 75 44 279
204 C 1148215 316 834 999627 282 132 141 146626 61 196
205 T 1149560 421 994468 280 120 165 153783 82 41 200
206 C 1148213 285 111 989501 456 127 58 157395 106 174
207 T 1149786 259 984851 669 148 141 163259 218 38 203
208 G 1141814 1062 617 86 978727 311 178 107 160571 155
209 C 1142111 343 187 975190 283 194 218 165411 99 186
210 T 1148193 411 974377 412 785 91 171537 206 125 249
211 T 1149200 146 973700 316 111 63 174340 70 212 242
212 T 1150809 353 972819 167 88 100 176804 164 44 270
213 T 1149895 151 966465 357 95 104 182281 98 125 219
214 G 1142566 163 291 140 962250 173 149 45 179159 196
215 A 1136331 957753 125 67 246 177658 50 58 120 254
216 C 1134669 210 697 954276 100 126 231 178638 156 235
217 G 1133565 556 1218 1282 951357 261 330 335 178078 148
218 A 1133390 954057 1394 527 1051 175409 355 107 284 206
219 A 1132774 952497 779 805 522 177355 196 205 195 220
220 A 1130913 953942 118 202 280 175910 87 45 113 216
221 G 1125331 490 350 201 954494 158 128 56 169306 148
222 A 1126036 957114 156 161 567 167531 105 49 151 202
223 A 1123098 956576 71 603 157 165202 63 109 138 179
224 G 1119785 133 223 46 957062 125 136 40 161827 193
225 G 1113618 169 643 175 954491 108 162 76 157608 186
226 A 1107845 949547 166 165 771 156696 55 37 200 208
227 A 1107736 947641 858 160 230 158374 208 41 31 193
228 T 1105282 151 946111 454 728 135 157165 120 159 259
229 A 1104109 941423 840 703 955 159334 208 221 244 181
230 A 1100691 939969 683 601 1579 156957 162 197 361 182
231 A 1092862 936856 1304 858 361 152722 271 216 110 164
232 T 1089862 113 934769 348 23 61 154154 73 69 252
233 A 1088216 938127 160 38 161 149422 69 45 32 162
234 T 1081683 142 939073 192 34 40 141882 55 62 203
235 C 1078819 387 105 940155 128 106 64 137654 55 165
236 T 1080040 185 931140 246 39 69 148069 54 42 196
237 G 1072819 294 354 267 927499 94 174 67 143863 207
238 G 1071242 525 980 383 922017 182 249 77 146633 196
239 A 1069805 917464 430 819 359 150101 111 193 130 198
240 A 1067906 914224 450 980 445 151141 153 199 139 175
241 G 1063681 454 588 275 913847 200 124 55 147925 213
242 A 1060485 911551 490 171 494 147306 158 41 90 184
243 A 1060672 910276 638 374 399 148319 129 122 131 284
244 C 1058900 1491 1637 906163 546 381 312 148053 121 196
245 A 1061998 905871 1299 636 1137 152083 327 173 284 188
246 T 1060635 1599 900971 1321 1188 328 154376 348 241 263
247 C 1061547 780 462 900822 1165 199 131 157580 243 165
248 C 1063123 633 504 900726 996 526 114 159203 201 220
249 C 1068498 591 1026 900896 1172 261 215 163643 491 203
250 A 1073353 903540 925 314 1519 166269 192 97 285 212
251 G 1066637 561 815 1319 908089 119 190 476 154844 224
252 C 1061844 1166 1098 906308 717 421 198 151452 257 227
253 G 1057923 1343 853 1209 903074 248 360 228 150429 179
254 C 1055617 968 399 903509 1192 202 184 148354 450 359
255 G 1054855 1208 994 959 903991 315 296 217 146685 190
256 G 1051719 1193 686 2066 898653 188 206 330 148228 169
257 G 1049468 2004 672 879 898721 339 170 139 146315 229
258 G 1046484 1207 971 1432 897808 294 164 238 144198 172
259 A 1047602 902209 123 67 201 144520 69 83 101 229
260 A 1047104 908470 80 61 241 137140 469 18 451 174
261 G 1044463 229 321 81 909316 67 409 28 133835 177
262 G 1040570 2176 748 135 906667 393 531 284 129444 192
263 A 1038375 908438 114 254 890 127546 670 55 175 233
264 T 1036197 275 909460 1624 188 96 123532 659 62 301
265 C 1032884 560 1158 907561 1368 189 579 120974 272 223
266 C 1036267 836 553 905164 909 212 654 127403 294 242
267 T 1043168 843 907100 2041 777 570 130954 574 132 177
268 A 1042082 908268 247 1544 1159 129868 81 423 260 232
269 A 1040719 910704 841 569 1944 125693 184 129 445 210
270 G 1039195 916 1232 819 914118 246 319 140 121140 265
271 A 1038576 916843 116 656 163 120327 107 127 61 176
272 A 1039037 914650 55 38 1048 122712 120 73 165 176
273 A 1037377 912461 540 98 491 123318 150 33 92 194
274 A 1034422 913254 102 90 115 120231 103 65 36 426
275 C 1034527 215 77 913283 59 105 56 120525 26 181
276 T 1035521 191 909544 570 197 44 124522 108 88 257
277 G 1032231 171 254 95 910438 50 142 31 120885 165
278 G 1031776 106 131 66 911862 67 49 41 119291 163
279 A 1035802 913922 109 33 414 120926 49 26 108 215
280 G 1034503 139 204 53 914470 47 67 34 119305 184
281 G 1033451 159 200 65 914009 57 63 25 118662 211
282 A 1032377 912000 112 456 377 118344 43 132 97 816
283 C 1033170 205 306 912184 148 51 90 119865 51 270
284 C 1035181 240 116 912246 153 77 75 122004 35 235
285 C 1035763 363 410 908798 137 140 90 125565 33 227
286 A 1037864 908381 201 109 294 128566 62 24 51 176
287 T 1035737 159 908005 158 61 66 127036 45 24 183
288 A 1032103 907089 120 106 253 124261 51 29 39 155
289 T 1033365 114 906385 215 58 56 126234 54 16 233
290 A 1031524 904889 165 58 192 125758 53 25 40 344
291 C 1030630 239 318 906131 110 121 57 123318 32 304
292 A 1032671 903905 210 216 216 127781 49 35 35 224
293 A 1032965 902119 247 176 470 129551 88 46 67 201
294 G 1031724 350 329 265 901281 74 92 49 129138 146
295 A 1030625 898371 157 513 285 130852 71 88 62 226
296 G 1025448 210 293 194 895925 52 86 45 128469 174
297 A 1025025 895859 137 327 274 128000 31 70 79 248
298 G 1022901 696 819 1016 894055 139 175 160 125666 175
299 T 1024772 742 894256 1345 569 283 124639 246 214 2478
300 A 1025624 895665 670 1072 1394 126070 139 184 240 190
301 G 1023714 214 375 362 898943 74 118 81 123348 199
302 A 1024776 899791 194 356 160 123918 49 65 35 208
303 T 1026184 247 899261 468 155 78 125642 78 43 212
304 A 1026593 898098 413 715 529 126377 95 98 123 145
305 G 1023941 417 367 356 897726 109 75 107 124603 181
306 A 1023934 896046 612 499 615 125644 112 105 117 184
307 A 1026555 900282 120 361 383 124996 62 64 80 207
308 A 1025993 902255 192 257 540 122362 51 63 85 188
309 G 1027429 269 582 198 901135 52 127 64 124779 223
310 T 1029723 134 898010 178 61 109 129488 48 174 1521
311 G 1029909 246 247 95 897767 54 121 40 131127 212
312 G 1028315 155 284 115 897538 53 70 47 129827 226
313 A 1028571 895094 269 650 533 131583 48 100 91 203
314 T 1024276 599 894843 424 295 117 127551 65 69 313
315 G 1024553 421 732 567 897195 98 175 94 125111 160
316 A 1024498 892275 133 213 244 131153 108 38 76 258
317 G 1017627 299 286 91 885325 60 146 25 131216 179
318 G 1014863 209 171 165 884556 62 89 36 129293 282
319 G 1010936 521 265 95 883029 107 95 21 126395 408
320 A 1010472 880974 78 57 191 128806 30 20 55 261
321 A 1007913 880486 175 68 201 125757 51 118 41 1016
322 C 1004174 181 192 881426 102 52 44 121971 18 188
323 T 1005067 120 880100 455 161 40 123709 114 39 329
324 C 1008068 341 275 880863 97 109 83 126124 29 147
325 G 1006281 494 395 249 879547 165 107 78 125072 174
326 T 1008512 285 878238 271 260 79 128921 59 55 344
327 C 1010610 399 231 874606 355 95 74 134548 97 205
328 C 1012907 472 101 873972 57 134 64 137827 28 252
329 T 1014783 61 874825 205 30 103 139322 56 11 170
330 T 1014134 201 873973 172 118 84 139274 95 16 201
331 T 1010695 1042 870604 244 114 208 138217 41 42 183
332 A 1006317 865940 543 721 185 138366 204 144 32 182
333 T 1003855 958 861031 473 104 187 140786 94 41 181
334 G 999317 428 262 144 858177 111 134 89 139778 194
335 A 998274 856648 158 186 309 140499 99 52 71 252
336 C 999739 265 204 853992 235 264 61 144316 75 327
337 A 1004045 853298 65 69 124 150173 49 37 41 189
338 A 1002630 849039 54 71 133 153053 27 34 25 194
339 A 1005971 849898 56 62 293 155308 71 19 86 178
340 G 1006699 144 402 204 854607 119 128 61 150820 214
341 A 1008425 859455 257 88 199 148108 55 27 59 177
342 A 1010562 863161 240 98 253 146432 63 24 64 227
343 G 1006792 118 227 83 867471 117 83 26 138378 289
344 A 1006558 864336 70 30 162 141693 25 10 46 186
345 A 1004319 860620 64 34 169 143189 16 16 36 175
346 A 1003726 860797 124 93 277 142160 34 16 66 159
347 T 1002960 81 855070 143 70 95 147152 42 22 285
348 A 1009503 858130 329 222 247 150220 99 58 38 160
349 A 1012281 861070 157 188 248 150224 68 53 63 210
350 G 1009541 247 393 163 863730 68 105 36 144605 194
351 G 1005721 202 379 125 863869 61 92 53 140699 241
352 C 1005754 314 196 866083 68 90 90 138570 75 268
353 G 1005540 253 236 112 864370 108 85 45 140091 240
354 A 1006992 866796 120 65 162 139554 42 27 39 187
355 A 1006633 864860 119 79 299 140905 51 23 71 226
356 T 1008696 122 866385 334 73 37 141412 86 25 222
357 C 1007894 343 390 867846 206 84 103 138643 73 206
358 T 1014271 98 868864 222 64 63 144579 46 52 283
359 G 1013322 166 192 82 870343 65 96 22 142148 208
360 G 1010904 178 179 80 870190 57 44 36 139894 246
361 C 1014775 437 778 870310 334 120 178 142256 107 255
362 G 1012754 828 495 251 871749 161 115 101 138809 245
363 C 1011834 262 434 874594 440 66 88 135695 91 164
364 C 1019067 1150 297 875040 495 344 73 141106 87 475
365 A 1019826 870860 660 683 475 146595 137 135 84 197
366 A 1019589 869224 767 466 547 147999 149 97 101 239
367 G 1016714 276 462 73 873003 68 89 41 142552 150
368 C 1012588 216 226 877494 189 59 50 134133 45 176
369 C 1012263 236 274 878372 204 107 65 132783 43 179
370 A 1014568 880154 62 167 190 133663 40 60 42 190
371 A 1019719 883522 121 91 114 135544 49 38 54 186
372 T 1020546 189 885212 235 41 88 134520 65 22 174
373 A 1023467 888958 841 240 463 132442 214 55 90 164
374 A 1025274 889616 561 293 638 133662 115 83 134 172
375 T 1029104 622 890701 687 220 151 136392 123 50 158
376 G 1027989 575 475 336 888573 109 157 95 137516 153
377 G 1027354 532 292 357 888063 128 88 74 137670 150
378 T 1027936 459 889048 458 510 169 135463 104 205 1520
379 G 1027009 634 1175 553 893694 141 261 106 130308 137
380 A 1026663 895373 591 848 482 128846 118 130 93 182
381 T 1027192 1056 895909 621 367 178 128656 121 78 206
382 G 1028471 1327 617 857 895422 254 151 192 129482 169
383 A 1027653 898351 1115 927 611 125905 251 166 136 191
384 T 1028000 1024 897887 895 748 227 126710 162 130 217
385 G 1029442 1390 428 244 900356 251 127 45 126420 181
386 C 1029428 446 613 901614 606 110 162 125563 115 199
387 A 1033871 905072 381 1391 549 125856 92 207 105 218
388 A 1035938 910378 183 550 225 124106 56 105 35 300
389 C 1037382 807 223 912645 186 182 40 123014 51 234
390 A 1039881 912174 308 413 274 126349 59 73 34 197
391 G 1043236 229 545 1121 915659 68 131 165 125161 157
392 C 1042796 397 225 915422 112 102 75 126267 37 159
393 T 1043472 168 913146 1216 393 58 128036 178 74 203
394 G 1042490 164 266 66 910938 74 110 26 130680 166
395 G 1034815 130 184 88 906950 33 55 27 127177 171
396 T 1032143 154 904038 638 51 39 126585 105 48 485
397 C 1031267 373 221 900991 71 109 57 129261 22 162
398 T 1031822 64 899054 248 80 43 132095 38 20 180
399 G 1025753 365 301 239 896941 84 71 60 127531 161
400 A 1024035 898786 238 78 251 124263 58 36 51 274
401 C 1027894 287 153 899053 100 62 35 128027 29 148
402 T 1030004 181 898795 588 144 50 129948 80 29 189
403 C 1030379 308 144 897949 115 61 38 131573 39 152
404 A 1031441 898932 145 76 211 131610 44 34 56 333
405 C 1031720 302 258 902748 142 63 66 127933 29 179
406 A 1036640 903970 256 212 289 131592 49 55 53 164
407 T 1038842 128 906038 227 80 53 132083 39 18 176
408 G 1036882 303 547 654 911197 43 178 105 123727 128
409 A 1035771 913853 105 81 173 121290 26 19 43 181
410 T 1035975 123 911120 206 31 53 124181 56 15 190
411 G 1036000 201 283 110 911648 51 110 34 123377 186
412 A 1037264 913504 114 67 139 123168 36 24 26 186
413 T 1035653 99 915066 139 28 27 120040 21 30 203
414 C 1035027 313 122 911538 101 78 35 122644 33 163
415 T 1037716 95 911593 280 60 57 125368 51 15 197
416 G 1031119 210 223 85 910679 59 87 24 119568 184
417 G 1027473 206 225 60 912368 42 45 18 114322 187
418 C 1027748 278 218 912086 86 69 35 114744 26 206
419 A 1028874 912329 91 31 191 115982 23 7 40 180
420 T 1030240 64 912468 263 84 11 117097 45 15 193
421 T 1029787 236 913795 205 151 43 115077 42 25 213
422 C 1028662 247 90 914462 247 81 27 113225 45 238
423 C 1028688 291 229 912737 68 123 46 114949 27 218
424 A 1030267 911325 84 95 200 118287 24 19 38 195
425 A 1028465 910780 72 71 134 117155 20 20 38 175
426 T 1027185 97 909108 622 36 24 116995 92 13 198
427 T 1030367 74 910561 175 28 19 119237 44 13 216
428 T 1032438 78 910298 202 50 27 121517 33 15 218
429 G 1032217 173 301 107 909988 42 132 29 121287 158
430 A 1033506 914005 105 53 277 118760 41 15 47 203
431 A 1032322 912536 143 95 187 119042 36 18 54 211
432 T 1031579 147 909003 210 43 33 121897 48 22 176
433 G 1028316 138 282 86 909064 33 107 37 118418 151
434 A 1026389 910103 111 19 123 115804 28 10 28 163
435 T 1025850 103 907978 164 33 32 117324 33 13 170
436 A 1026763 904527 493 45 546 120647 82 21 101 301
437 C 1027198 227 128 903405 476 116 50 122508 105 183
438 A 1031392 903791 144 752 444 125807 44 158 57 195
439 A 1029480 904064 76 32 197 124766 36 21 28 260
440 C 1028911 238 107 903258 65 78 81 124902 29 153
441 A 1028626 901096 51 46 176 126963 26 13 96 159
442 T 1024206 61 896124 153 31 26 127504 99 15 193
443 A 1024223 895910 93 19 158 126952 49 146 47 849
444 C 1027250 142 103 897400 82 46 32 129183 96 166
445 C 1029296 258 174 895932 66 95 56 132390 113 212
446 A 1037019 898638 93 32 240 137630 155 15 41 175
447 G 1036901 167 276 95 901073 48 75 22 134991 154
448 A 1039665 896621 58 46 155 142405 36 137 42 165
449 G 1037015 113 227 61 894208 35 107 28 142052 184
450 G 1032957 161 185 43 893592 166 55 27 138559 169
451 A 1034219 893123 188 48 245 140056 55 33 65 406
452 C 1034411 211 146 893749 77 73 69 139845 29 212
453 A 1037534 893465 153 142 392 142997 52 38 79 216
454 A 1033602 891947 101 422 202 140537 62 88 43 200
455 G 1034926 188 178 108 893611 104 84 40 140309 304
456 A 1032531 895265 262 137 388 136067 51 38 85 238
457 G 1028195 203 361 133 898393 50 96 35 128762 162
458 C 1030188 313 126 896520 151 69 37 132761 47 164
459 T 1035209 321 898381 313 65 67 135795 58 12 197
460 C 1035546 484 378 900380 173 118 116 133531 46 320
461 T 1035859 148 903370 171 79 58 131736 41 29 227
462 T 1040787 552 902505 422 318 118 136493 86 82 211
463 G 1039741 458 384 149 900835 104 109 41 137480 181
464 T 1038761 264 897128 353 181 69 140313 78 59 316
465 T 1038370 414 894103 260 216 143 142758 168 61 247
466 C 1036802 392 273 893115 134 131 126 142376 48 207
467 G 1040826 385 244 97 897158 166 178 34 142345 219
468 C 1044250 347 574 905903 361 90 142 136593 70 170
469 A 1047137 905443 403 189 839 138546 213 128 185 1191
470 C 1049349 268 1002 904467 320 73 191 142646 187 195
471 C 1052997 520 992 902103 1329 178 244 147165 309 157
472 G 1055554 418 429 189 902616 152 226 48 151243 233
473 G 1053934 455 249 220 905382 160 83 73 147124 188
474 C 1054299 467 387 904355 334 94 134 148232 84 212
475 A 1050947 902327 546 353 226 147046 106 83 84 176
476 T 1050275 188 901655 171 69 52 147868 42 52 178
477 G 1046857 512 392 241 899578 141 157 48 145543 245
478 G 1042547 188 308 81 902727 62 81 49 138854 197
479 A 1044085 904850 101 90 307 138393 34 43 85 182
480 T 1044999 163 906517 262 128 71 137488 68 51 251
481 C 1045004 484 656 904858 755 119 136 137662 147 187
482 C 1048666 341 330 909500 538 102 86 137404 112 253
483 C 1050066 817 335 908823 667 219 93 138731 141 240
484 A 1055798 914377 132 447 320 140079 72 84 86 201
485 G 1055141 193 367 106 915929 77 123 47 138124 175
486 G 1053793 405 559 169 917748 135 121 35 134455 166
487 A 1052963 915571 344 88 557 135881 134 29 108 251
488 T 1054979 106 917053 822 169 49 136316 156 99 209
489 G 1053057 476 897 188 918171 102 206 45 132795 177
490 T 1053633 554 918644 243 579 119 132740 47 122 585
491 G 1052363 376 632 627 916899 105 141 98 133307 178
492 C 1052250 527 586 914533 362 111 106 135755 80 190
493 T 1058044 951 912327 234 167 196 143771 69 124 205
494 C 1060911 900 94 909728 311 313 44 149105 70 346
495 T 1063916 154 908315 1188 206 142 153388 221 87 215
496 C 1064946 603 206 908316 116 157 63 155285 32 168
497 T 1068160 196 910177 289 41 176 156937 87 71 186
498 G 1064167 236 399 377 911924 159 134 144 150639 155
499 A 1063775 913769 236 534 174 148465 98 158 147 194
500 T 1068465 150 919481 205 54 91 148179 96 23 186
501 G 1070465 427 336 117 917973 173 95 65 151114 165
502 C 1071601 351 521 922358 324 93 213 147477 81 183
503 A 1070122 922465 131 538 452 145960 95 110 134 237
504 G 1066290 595 361 210 923067 126 173 71 141485 202
505 G 1061209 159 232 53 920925 68 135 77 139357 203
506 G 1062338 174 183 67 921058 49 107 26 140507 167
507 T 1062665 120 921897 309 258 65 139022 128 138 728
508 T 1059290 154 924851 154 58 74 133710 89 23 177
509 C 1060344 287 290 927058 103 107 195 132116 39 149
510 G 1061752 378 304 137 927560 220 84 73 132805 191
511 A 1061977 927772 171 29 168 132842 70 53 71 801
512 C 1065485 208 129 933847 84 88 52 130912 24 141
513 T 1068898 74 933694 346 52 30 134264 103 37 298
514 C 1067361 404 138 932428 90 91 50 133990 22 148
515 T 1069556 151 931203 287 77 125 137318 80 29 286
516 C 1072131 511 361 931979 83 100 87 138765 40 205
517 C 1078207 388 280 932947 343 143 78 143735 71 222
518 C 1082673 471 236 937089 101 172 78 144289 44 193
519 T 1085294 404 934960 625 612 130 148157 117 109 180
520 A 1084129 929217 181 46 174 154153 74 40 48 196
521 G 1082304 147 325 82 929509 42 108 70 151850 171
522 G 1083478 200 178 88 932284 104 63 41 150329 191
523 A 1083197 930947 73 71 205 151418 42 51 65 325
524 G 1085471 810 273 49 932489 186 66 81 151334 183
525 G 1085241 178 160 48 935836 48 128 26 148635 182
526 T 1089593 102 936616 169 69 76 151283 159 146 973
527 C 1092036 178 104 940121 108 84 49 151194 30 168
528 T 1098853 85 948331 625 105 60 149287 122 27 211
529 G 1100859 191 180 104 950661 79 240 37 149195 172
530 G 1104406 147 149 62 956510 46 188 20 147068 216
531 A 1106681 961674 116 152 319 143875 37 36 200 272
532 G 1108486 297 380 497 964631 177 99 86 142176 143
533 C 1113380 502 284 969690 135 115 60 142380 37 177
534 T 1120083 286 975947 713 227 54 142480 119 42 215
535 G 1120781 379 349 63 980876 71 110 19 138721 193
536 C 1124071 310 194 978733 67 76 88 144412 22 169
537 A 1128543 977555 331 805 1022 148199 141 138 163 189
538 G 1127343 120 235 89 982039 47 73 29 144534 177
539 G 1125822 150 183 38 981887 44 44 29 143244 203
540 C 1127206 468 480 979660 150 115 89 145914 37 293
541 G 1131960 436 637 280 979938 92 180 66 150153 178
542 C 1135860 371 264 982858 331 89 83 151626 61 177
543 T 1141652 152 987996 784 388 41 151873 139 65 214
544 G 1144868 404 383 160 987613 120 103 59 155850 176
545 C 1150472 406 493 989087 133 105 112 159886 45 205
546 A 1157031 991414 211 278 394 164270 76 79 82 227
547 G 1159471 679 297 103 993438 146 93 47 164537 131
548 T 1161605 111 995687 564 69 71 164453 242 61 347
549 C 1166022 413 263 1002676 173 114 215 161905 51 212
550 A 1170824 1004118 140 65 244 165729 42 182 60 244
551 A 1176616 1011890 96 53 183 163850 93 121 56 274
552 A 1178752 1018908 74 99 546 158655 51 53 113 253
553 G 1182531 196 259 109 1017019 54 101 59 164546 188
554 G 1182594 218 255 63 1015344 169 88 23 166245 189
555 A 1187146 1019176 354 115 392 166457 65 113 127 347
556 G 1185607 677 243 328 1024743 166 78 124 159120 128
557 T 1185866 234 1028690 383 77 90 155366 87 81 858
558 T 1194016 518 1039161 601 239 107 152912 138 85 255
559 G 1195095 213 301 54 1044341 72 179 51 149640 244
560 G 1194826 208 233 210 1048738 68 93 48 144996 232
561 G 1195680 277 230 179 1052281 83 56 27 142319 228
562 A 1197803 1050887 294 43 289 145725 61 28 76 400
563 C 1200273 186 179 1054392 84 72 58 145014 44 244
564 A 1203391 1055758 141 282 278 146542 46 59 46 239
565 A 1205102 1059142 415 569 367 144120 85 94 68 242
566 T 1210908 342 1066066 278 356 74 143441 46 77 228
567 G 1210554 382 627 725 1068948 69 150 157 139245 251
568 G 1209312 346 234 64 1071081 89 58 20 137210 210
569 T 1211063 141 1067970 387 230 75 139259 94 291 2616
570 G 1211140 388 393 309 1073736 85 124 78 135837 190
571 A 1211311 1073424 357 80 152 136904 66 43 43 242
572 T 1212720 203 1073856 159 50 46 138091 46 24 245
573 G 1215644 409 350 82 1076746 134 133 25 137579 186
574 G 1215104 192 271 168 1073676 67 57 57 140423 193
575 A 1216722 1070806 130 36 430 144841 37 21 130 291
576 G 1217432 551 325 133 1071203 116 121 24 144770 189
577 T 1218549 155 1075653 661 163 72 140756 112 90 887
578 T 1222573 72 1078696 295 118 24 143062 57 38 211
579 G 1221084 790 379 196 1081406 118 143 37 137838 177
580 A 1223433 1084320 211 136 381 137992 44 30 70 249
581 T 1226516 106 1083843 321 89 66 141773 62 41 215
582 A 1231494 1080792 148 177 296 149690 66 41 58 226
583 A 1235601 1082083 100 252 220 152566 80 38 53 209
584 G 1238532 151 340 170 1087132 57 168 46 150266 202
585 G 1236549 323 334 131 1086858 96 97 39 148468 203
586 A 1239078 1088725 246 151 385 149177 77 34 76 207
587 T 1244485 246 1092496 300 146 64 150868 67 46 252
588 G 1243624 345 406 185 1093800 83 170 48 148402 185
589 A 1244420 1094928 161 80 437 148481 42 15 73 203
590 T 1246124 206 1095613 257 94 52 149536 50 27 289
591 C 1247998 384 261 1093395 216 168 76 153208 48 242
592 A 1254074 1095856 71 48 200 157601 12 26 46 214
593 A 1255093 1098528 58 47 180 155955 15 15 38 257
594 A 1253345 1094722 55 139 219 157777 29 71 43 290
595 C 1254153 281 207 1094686 78 98 97 158422 45 239
596 G 1253949 360 247 91 1098290 63 85 76 154554 183
597 T 1258048 129 1103329 391 245 35 153196 86 92 545
598 G 1257824 393 320 63 1104123 116 170 41 152348 250
599 G 1259125 207 232 190 1103583 41 173 44 154361 294
600 G 1260307 373 303 138 1100763 61 80 78 158291 220
601 A 1263124 1103871 286 129 419 157960 49 33 85 292
602 T 1264108 168 1104855 350 164 54 158154 72 34 257
603 C 1260039 330 235 1098812 249 119 102 159897 43 252
604 A 1259580 1099414 273 647 327 158469 53 108 58 231
605 A 1261369 1098575 638 184 283 161233 160 37 47 212
606 T 1264653 577 1099472 383 210 108 163466 102 64 271
607 G 1267592 170 299 99 1106360 53 143 60 160228 180
608 A 1267863 1110033 119 34 169 157117 69 19 34 269
609 T 1265455 139 1108673 296 34 45 155938 57 18 255
610 C 1268394 398 319 1111194 78 164 129 155866 35 211
611 G 1272116 334 266 66 1114117 135 195 33 156751 219
612 G 1269287 320 390 308 1114883 70 109 57 152941 209
613 A 1271691 1114543 414 53 408 155803 77 26 72 295
614 A 1275048 1110005 103 283 506 163465 31 77 81 497
615 C 1276695 315 338 1106726 68 71 78 168873 17 209
616 T 1279091 216 1106140 253 124 56 171994 42 29 237
617 T 1274905 102 1103713 235 60 36 170442 61 11 245
618 C 1273795 420 152 1104912 159 96 75 167709 38 234
619 T 1274640 124 1098753 304 36 51 175090 67 19 196
620 G 1271895 237 501 96 1099105 52 259 41 171421 183
621 G 1267319 192 307 285 1098904 47 96 68 167244 176
622 A 1267178 1096928 160 569 288 168674 71 113 66 309
623 G 1267982 170 341 119 1097011 55 104 38 169999 145
624 A 1267806 1095534 89 243 837 170494 51 54 173 331
625 G 1267389 188 260 78 1101654 39 80 20 164845 225
626 G 1264456 166 161 69 1103096 33 46 20 160655 210
627 T 1269671 196 1100639 269 262 122 164764 92 331 2996
628 G 1276140 198 267 58 1109509 96 96 21 165678 217
629 A 1277943 1110801 108 20 236 166380 41 10 64 283
630 A 1278197 1113260 194 107 216 164018 65 32 34 271
631 A 1277680 1112692 463 880 1543 161362 101 136 253 250
632 A 1278195 1113678 869 1098 881 160908 184 211 142 224
633 T 1280244 323 1115938 1224 858 76 161197 219 185 224
634 G 1277130 327 341 96 1121465 65 201 40 154353 242
635 G 1277964 197 227 176 1118199 63 60 29 158751 262
636 A 1278784 1115870 137 436 546 161267 42 102 104 280
637 C 1282849 454 355 1117697 87 141 110 163667 65 273
638 G 1285856 339 319 153 1117461 131 77 58 167083 235
639 A 1287110 1118176 156 372 378 167654 27 44 90 213
640 A 1289612 1117929 297 469 241 170255 63 59 54 245
641 A 1288569 1112643 162 146 711 174483 43 30 113 238
642 A 1288063 1111812 69 497 684 174552 16 81 135 217
643 A 1284708 1109422 339 285 629 173439 70 103 109 312
644 C 1285913 196 243 1112395 207 146 64 172370 50 242
645 A 1289244 1113064 410 708 595 173983 92 126 75 191
646 A 1289525 1111233 114 82 237 177461 64 20 74 240
647 G 1285110 231 292 74 1106615 75 169 39 177380 235
648 G 1284688 274 212 80 1107534 114 80 31 176133 230
649 A 1283580 1103501 384 472 696 177929 97 98 170 233
650 G 1279691 904 633 885 1101636 192 151 167 174905 218
651 T 1279566 770 1098292 558 402 231 177643 151 301 1218
652 G 1278107 1028 357 96 1099742 211 148 44 176268 213
653 C 1273542 335 140 1097361 787 105 64 174373 150 227
654 T 1279729 154 1100723 825 74 76 177479 162 25 211
655 T 1285606 63 1106625 268 35 77 178192 98 12 236
656 A 1285801 1107538 136 56 200 177451 57 56 47 260
657 C 1286541 187 255 1108452 120 95 233 176947 46 206
658 G 1289497 300 297 67 1112687 89 139 32 175684 202
659 A 1289046 1112079 124 99 200 176107 106 32 71 228
660 G 1286694 147 288 84 1116780 70 98 30 168991 206
661 A 1288603 1117039 95 80 221 170793 55 35 78 207
662 G 1285643 315 264 63 1116448 95 81 29 168140 208
663 A 1280111 1107344 59 84 229 172046 38 17 56 238
664 A 1276621 1103376 233 77 315 172236 78 17 72 217
665 T 1272178 294 1094972 136 285 62 176098 23 74 234
666 G 1268316 308 482 200 1093053 88 120 45 173843 177
667 T 1265126 224 1092000 219 29 74 171837 43 48 652
668 G 1260103 193 217 139 1087301 58 73 42 171878 202
669 C 1255146 229 300 1086355 79 92 92 167701 39 259
670 A 1254576 1084984 77 19 198 168973 43 15 40 227
671 A 1256218 1086527 118 24 178 168939 36 23 31 342
672 C 1255107 207 208 1087155 39 91 49 167104 24 230
673 A 1256252 1086474 222 35 242 168984 60 16 33 186
674 T 1258059 69 1090926 374 176 21 166151 75 40 227
675 T 1259298 80 1089489 454 11 44 168913 80 10 217
676 C 1257950 247 55 1090854 75 89 48 166314 34 234
677 T 1256403 128 1086937 200 22 77 168769 52 13 205
678 C 1253798 262 134 1085193 54 141 66 167584 38 326
679 A 1255880 1084746 43 18 205 170490 50 25 48 255
680 A 1252481 1082420 83 16 159 169410 48 18 41 286
681 A 1246929 1077910 59 23 439 168166 40 3 91 198
682 G 1244678 157 217 79 1074320 63 91 25 169524 202
683 G 1240917 186 214 132 1071657 71 80 40 168293 244
684 A 1232494 1068903 142 50 373 162662 32 17 97 218
685 A 1228315 1068239 41 33 204 159510 6 6 47 229
686 A 1225805 1064768 37 28 158 160525 15 20 38 216
687 A 1219102 1062360 98 40 185 156100 42 12 29 236
688 T 1216131 80 1060530 165 55 34 154959 38 13 257
689 T 1214607 49 1060841 175 27 18 153248 28 4 217
690 T 1208611 115 1056590 313 35 32 151186 83 5 252
691 C 1202738 795 304 1052581 279 475 98 147558 64 584
692 A 1198215 1051022 394 759 799 144699 93 132 108 209
693 A 1192193 1047581 199 799 451 142678 52 148 78 207
694 A 1187157 1043105 74 561 288 142671 26 109 51 272
695 C 1183377 821 262 1039196 436 195 62 142115 89 201
696 A 1179895 1036091 222 451 167 142638 41 72 28 185
697 G 1175897 343 376 336 1033615 58 75 69 140848 177
698 C 1171072 425 169 1030887 154 87 41 139120 37 152
699 T 1166735 186 1028212 444 259 37 137119 84 65 329
700 G 1160916 542 335 546 1023117 104 82 105 135901 184
701 C 1156286 257 200 1021752 208 92 60 133433 48 236
702 A 1152528 1017280 241 497 304 133675 41 99 45 346
703 C 1146690 230 178 1011526 70 1023 38 130556 28 3041
704 A 1144444 1010141 90 71 168 133700 30 31 26 187
705 A 1136769 1004642 98 28 236 131440 31 7 40 247
706 A 1132385 1002252 73 280 321 128878 35 39 136 371
707 G 1126133 254 330 86 999730 59 69 13 125345 247
708 G 1114897 295 189 154 993199 58 32 44 120650 276
709 G 1108862 502 357 159 989143 73 63 38 118236 291
710 C 1104107 390 251 987720 610 264 52 114099 84 637
711 A 1098621 983156 645 303 363 113739 88 41 41 245
712 A 1090308 975804 145 228 263 113502 30 36 55 245
713 T 1082319 156 968398 229 112 39 113137 41 37 170
714 G 1073448 254 364 140 963309 62 83 37 109043 156
715 A 1064629 955114 313 89 467 108324 47 19 75 181
716 T 1057106 122 949781 358 89 33 106352 41 77 253
717 G 1051873 342 305 160 945364 49 75 24 105346 208
718 G 1044630 379 243 369 939453 85 47 46 103815 193
719 A 1034106 929488 107 215 396 103594 17 28 62 199
720 T 1026724 282 922531 211 286 62 103025 37 42 248
721 C 1018972 273 136 912780 90 163 28 105071 24 407
722 A 1010918 899690 99 58 289 110523 19 6 35 199
723 A 1000489 887795 94 46 293 111957 17 9 55 223
724 G 992832 223 299 112 879921 49 46 27 112012 143
725 T 984032 131 870774 293 100 100 111747 57 78 752
726 G 975899 556 476 150 863885 99 64 27 110466 176
727 A 966719 858312 167 233 316 107372 31 37 59 192
728 G 953743 393 323 177 850497 69 32 27 102091 134
729 A 947456 845434 140 204 783 100544 34 21 112 184
730 G 937256 181 211 99 835289 87 27 11 100992 359
731 A 927514 825916 76 110 248 100892 20 17 41 194
732 A 914403 814369 67 112 177 99462 10 18 30 158
733 A 905417 805156 127 169 764 98886 23 28 89 175
734 G 895955 143 184 536 796753 22 39 68 98021 189
735 T 890049 214 790087 446 281 95 98187 98 65 576
736 C 879370 261 301 778755 122 60 50 99600 35 186
737 G 866271 400 176 136 768489 84 39 21 96733 193
738 G 856681 295 155 228 761711 65 25 30 93888 284
739 A 848118 753786 202 60 358 93471 35 9 58 139
740 A 837944 739458 117 284 275 92517 19 473 42 4759
741 C 826390 172 287 732871 189 42 41 92569 43 176
742 C 813873 138 180 720801 54 51 34 92402 18 195
743 C 803162 161 124 709197 142 79 26 93076 22 335
744 A 795588 699284 130 112 193 95627 25 17 51 149
745 G 783943 112 166 54 688169 22 27 12 95212 169
746 G 771690 123 142 68 676403 66 28 6 94399 455
747 A 761162 668742 81 30 189 91907 10 7 38 158
748 A 753469 659716 117 74 207 93127 22 13 46 147
749 A 746848 651648 93 107 145 94602 22 23 44 164
750 T 740266 90 644754 162 79 29 94875 31 38 208
751 G 729452 149 284 60 635751 27 62 19 92955 145
752 C 719505 144 199 631457 50 64 43 87385 24 139
753 T 709772 68 621381 229 141 41 87700 40 34 138
754 G 702897 78 135 44 614506 57 37 8 87926 106
755 A 692579 604977 59 7 87 87281 14 6 23 125
756 G 681300 97 145 31 595553 24 35 3 85323 89
757 A 671668 590257 70 22 94 81050 21 11 24 119
758 T 661730 44 579611 78 18 16 81760 26 13 164
759 C 651986 204 166 568517 64 133 30 82722 33 117
760 G 640549 117 142 25 557005 108 52 5 82951 144
761 A 629537 549195 50 4 69 80059 11 8 29 112
762 A 622634 537853 26 7 111 84460 10 5 31 131
763 G 610802 35 100 27 523247 38 29 7 87226 93
764 A 600306 512877 48 16 63 87152 24 7 17 102
765 T 590403 49 504227 66 17 17 85871 29 15 112
766 C 580203 160 219 493743 73 55 41 85781 31 100
767 T 574419 62 483013 94 62 76 90958 27 14 113
768 C 564669 152 173 471080 229 71 34 92791 58 81
769 A 553490 460830 175 656 78 91256 42 136 20 297
770 T 546345 85 453797 79 28 25 92203 19 11 98
771 C 539519 260 98 444857 69 79 34 93425 30 667
772 T 531772 36 431826 112 24 85 99559 25 13 92
773 T 522031 39 421865 88 19 12 99858 27 10 113
774 T 512068 44 415660 111 20 25 96067 30 10 101
775 C 504209 171 87 409259 106 67 29 94380 33 77
776 T 497175 82 403792 96 30 67 92881 35 15 177
777 G 484289 116 167 47 395604 53 40 19 88150 93
778 G 471217 142 151 19 388486 33 49 10 82215 112
779 C 459570 144 143 377933 94 42 36 81017 39 122
780 A 450932 369602 104 55 114 80610 26 30 26 365
781 C 442682 102 126 362057 24 39 28 80099 31 176
782 G 432901 82 79 10 354871 34 33 10 77698 84
783 G 422061 75 87 16 345303 23 23 9 76408 117
784 T 415096 26 336285 45 48 32 78381 34 39 206
785 C 406828 82 52 329261 79 55 21 77188 25 65
786 T 398276 55 321778 247 23 51 75941 73 11 97
787 G 385838 177 234 26 312389 97 61 14 72750 90
788 C 374905 121 77 303737 188 45 26 70610 51 50
789 A 365805 290962 95 123 91 73173 16 57 40 1248
790 C 357198 107 52 283729 43 41 23 73113 31 59
791 T 349715 77 274133 69 22 48 75252 22 16 76
792 C 341344 161 78 265296 41 100 25 75537 27 79
793 A 334123 251798 119 154 127 81690 52 64 50 69
794 T 324268 37 243616 123 18 26 80345 47 10 46
795 A 312922 233619 28 130 223 78592 25 52 87 166
796 T 304728 51 220815 115 144 28 83426 39 64 46
797 T 298701 31 212867 41 20 34 85582 25 29 72
798 G 292128 119 72 109 208125 64 44 49 83494 52
799 A 284819 202449 25 41 55 82091 20 28 43 67
800 G 279047 72 42 16 197346 46 29 16 81431 49
801 A 271480 188977 20 14 138 81958 16 18 117 222
802 G 261852 86 217 58 182432 67 111 16 78840 25
803 G 254752 45 127 226 175690 53 64 104 78413 30
804 G 243077 39 136 171 168132 36 88 88 74328 59
805 T 234778 41 161196 58 18 79 73153 42 62 129
806 C 225637 48 34 152782 31 78 14 72574 41 35
807 A 216613 145249 31 25 75 71072 31 27 57 46
808 G 205714 27 27 19 137120 26 43 19 68337 96
809 T 197079 22 125619 32 20 58 71228 30 20 50
810 T 191011 77 118071 50 14 80 72640 35 20 24
811 G 179541 57 41 9 109751 87 36 29 69479 52
812 C 172864 41 23 105612 63 41 17 66975 72 20
813 T 167349 18 94694 90 23 51 72300 97 19 57
814 C 161763 28 23 87062 15 75 47 74464 32 17
815 A 156819 82651 14 5 16 74024 24 16 40 29
816 C 150564 25 18 80567 16 140 33 69329 27 409
817 A 144950 75265 15 3 14 69585 23 9 17 19
818 A 139216 68114 13 3 19 70999 11 8 23 26
819 A 133339 65418 9 3 26 67702 63 20 32 66
820 T 127193 32 61954 10 8 58 65076 22 20 13
821 C 120692 19 2 53903 7 84 136 66323 29 189
822 T 114936 8 48534 13 33 40 66191 43 64 10
823 T 107919 5 47667 20 12 29 60108 31 33 14
824 G 99840 7 19 17 44457 28 80 33 55135 64
825 T 93970 21 42299 40 7 32 51460 58 20 33
826 C 88345 19 12 38520 4 47 41 49658 23 21
827 T 84663 8 35333 3 2 86 48726 150 115 240
828 G 77248 0 5 5 31414 47 29 940 43757 1051
829 C 73656 39 74 31380 22 36 34 42045 20 6
830 C 73107 60 37 29841 35 50 27 43031 21 5
831 C 76967 87 90 28872 98 106 67 47572 56 19
832 G 77497 82 56 28 27618 130 48 218 49184 133
833 C 75839 82 48 25557 68 34 40 49973 29 8
834 C 78493 166 60 24394 82 78 880 52027 97 709
835 T 81419 5 24208 114 13 27 56815 65 114 58
836 G 79323 8 52 7 21690 17 105 19 57403 22
837 T 79662 19 22390 16 41 32 56894 31 149 90
838 G 82421 40 10 5 24195 66 120 8 57900 77
839 T 84710 7 26249 5 6 23 58319 19 62 20
840 G 87081 20 4 14 28307 67 348 37 57986 298
841 T 88029 3 31179 10 5 54 56703 21 15 39
842 A 88793 33670 8 4 12 54736 136 9 68 150
843 T 91712 6 35124 15 3 23 52411 20 2108 2002
844 G 96472 21 22 9 41839 30 144 23 54371 13
845 G 101279 22 10 26 47206 84 117 258 53141 415
846 A 105466 29891 66 17 120 35225 116 16310 105 23616
847 C 110562 883 348 58061 1319 240 131 49100 464 16
848 C 118044 255 701 65196 1008 238 165 50249 223 9
849 T 127344 425 72522 337 1666 327 51594 100 359 14
850 G 133311 161 143 209 81163 55 55 62 51448 15
851 C 138672 77 203 85897 251 22 205 51948 61 8
852 C 146929 205 266 90737 133 78 98 55362 28 22
853 G 155066 38 131 20 94495 18 55 23 60274 12
854 T 164033 42 100220 52 51 18 63602 22 17 9
855 A 172594 104330 29 88 41 67989 47 29 28 13
856 G 183258 24 25 15 111680 32 45 23 71397 17
857 C 192137 47 24 117023 16 20 30 74927 32 18
858 C 200380 39 46 122491 8 30 52 77663 14 37
859 A 208663 127130 15 46 12 81378 25 23 18 16
860 G 215632 24 28 37 133960 19 26 73 81455 10
861 T 222184 30 140093 20 7 18 81939 20 21 36
862 G 229367 29 35 12 147325 24 49 28 81839 26
863 G 233869 19 37 7 156228 7 42 13 77494 22
864 C 242056 55 18 166375 15 24 13 75514 11 31
865 T 254809 24 175879 195 51 18 78483 104 38 17
866 A 263455 184868 92 32 63 78224 61 55 30 30
867 C 272300 104 145 195959 24 52 82 75880 20 34
868 G 284636 77 41 28 207502 53 61 40 76804 30
869 A 294562 217609 22 27 80 76635 43 34 51 61
870 C 304899 90 24 227879 27 45 41 76738 16 39
871 T 314966 12 234791 46 26 14 79950 69 13 45
872 T 319842 21 241953 45 25 13 77668 57 17 43
873 C 329117 86 77 252323 24 45 74 76401 27 60
874 G 339659 137 102 48 260723 104 78 42 78369 56
875 A 350481 265263 98 66 166 84686 51 56 56 39
876 A 360898 273030 90 42 83 87509 50 20 26 48
877 A 372323 280490 15 72 47 91571 24 30 25 49
878 A 383559 285822 21 23 73 97487 33 14 28 58
879 A 393693 294947 33 64 144 98299 55 32 69 50
880 G 402618 266 157 327 306956 140 103 136 94478 55
881 A 411010 313342 185 164 634 96166 114 67 275 63
882 G 415688 486 164 196 321348 191 115 87 93035 66
883 G 423383 65 53 16 335384 15 90 20 87686 54
884 G 431539 62 89 19 346064 18 50 18 85167 52
885 A 440042 357406 40 6 90 82351 28 9 30 82
886 T 448986 34 366980 61 4 24 81798 20 3 62
887 A 458489 373197 29 16 78 84435 87 108 38 501
888 C 470116 78 43 384926 13 35 25 84921 3 72
889 T 479560 75 395524 74 10 27 83717 38 9 86
890 C 491484 124 32 409253 61 26 43 81864 18 63
891 T 500711 27 420902 101 50 9 79490 43 10 79
892 T 507802 30 431862 113 13 7 75670 17 5 85
893 T 520770 29 446041 81 20 5 74491 16 7 80
894 A 530333 456383 35 42 120 73616 48 7 16 66
895 G 539507 59 144 28 465025 30 63 28 74068 62
896 T 550974 57 474735 80 14 28 75743 13 18 286
897 G 559127 89 138 40 481374 16 109 15 77272 74
898 G 568291 69 93 26 488332 23 86 11 79551 100
899 G 575946 109 120 35 493366 29 48 20 82102 117
900 A 581590 499889 390 38 110 80901 93 20 34 115
901 A 588698 508918 159 106 230 79108 26 23 35 93
902 T 598058 104 519013 211 72 31 78486 38 12 91
903 A 607105 528741 271 125 227 77487 117 21 36 80
904 G 616072 178 165 200 541165 47 65 43 74117 92
905 A 626510 552841 65 134 195 72714 41 62 53 405
906 C 637933 162 124 565434 212 43 28 71809 32 89
907 C 648730 88 79 574609 62 19 31 73695 11 136
908 C 657741 145 64 584827 31 39 19 72494 6 116
909 T 663970 60 592136 446 114 7 70981 87 25 114
910 T 670785 132 599289 234 412 9 70509 25 54 121
911 T 677513 82 609823 324 35 19 67034 39 9 148
912 C 684694 227 128 613432 273 41 51 70412 31 99
913 A 696732 622260 68 105 182 73909 25 30 29 124
914 A 706637 628127 98 83 325 77804 23 15 37 125
915 A 715794 636399 81 128 154 78747 36 28 33 188
916 C 726846 198 72 645378 149 48 18 80872 22 89
917 T 738904 123 656644 203 79 16 81617 55 13 154
918 G 749610 296 241 97 668168 51 88 34 80522 113
919 C 760102 193 110 676989 90 34 22 82515 48 101
920 T 770892 85 687164 175 99 13 83132 59 22 143
921 T 780915 180 697158 181 161 24 82945 35 31 200
922 C 790708 402 232 707859 353 59 81 81518 48 156
923 A 799636 716110 364 195 305 82349 87 52 37 137
924 A 808510 725204 226 218 440 82148 31 40 65 138
925 A 817664 733130 102 478 489 83174 25 64 69 133
926 A 826417 741455 292 411 703 83128 63 72 97 196
927 C 834305 411 291 751012 615 63 60 81645 88 120
928 A 844430 762483 320 75 526 80767 37 30 66 126
929 G 853002 268 337 436 772444 60 62 78 79189 128
930 C 860108 352 437 778076 305 63 55 80641 45 134
931 C 868486 567 719 785397 202 88 94 81206 23 190
932 A 878971 797039 191 732 459 80238 24 86 57 145
933 A 888319 806347 234 711 457 80269 42 79 40 140
934 G 895917 286 281 89 817413 39 61 21 77602 125
935 T 905702 88 828085 225 105 15 76774 38 19 353
936 A 913701 836369 246 169 263 76432 44 20 30 128
937 T 924045 87 846984 183 71 15 76520 22 13 150
938 A 932909 858104 156 30 222 74111 36 14 18 218
939 C 942481 270 523 865887 123 32 80 75415 16 135
940 A 953792 875478 241 65 476 77300 41 12 38 141
941 G 959568 150 333 344 881689 19 71 38 76784 140
942 C 967814 304 226 890575 168 25 30 76286 21 179
943 C 976797 472 464 899100 116 54 58 76368 23 142
944 T 985439 150 904705 268 69 26 80000 39 19 163
945 A 993670 912392 253 416 305 79953 63 55 50 183
946 A 1003410 924462 296 272 266 77856 39 24 29 166
947 T 1011661 104 933649 185 117 36 77307 23 15 225
948 C 1019240 480 216 938261 358 52 50 79629 66 128
949 A 1027001 941275 52 135 326 84966 33 13 29 172
950 G 1035031 158 229 85 949448 10 49 13 84846 193
951 A 1039323 952482 67 47 345 85934 15 24 29 380
952 C 1048187 323 318 958998 366 66 41 87837 33 205
953 C 1056735 453 484 964784 298 61 126 90306 29 194
954 G 1065034 392 379 278 971841 43 95 36 91786 184
955 A 1073660 978871 485 1262 722 91835 103 117 82 183
956 A 1080253 982509 363 484 1868 94359 53 87 217 313
957 C 1086664 1151 1213 986547 1001 148 246 96047 127 184
958 G 1092355 202 278 75 998182 22 108 20 93314 154
959 A 1099825 1005032 139 39 219 94063 48 32 51 202
960 G 1104533 344 302 84 1007928 60 56 45 95485 229
961 A 1110711 1008736 186 111 420 100906 55 44 45 208
962 A 1115976 1010161 338 132 370 104651 46 26 59 193
963 T 1120801 218 1014125 346 365 36 105336 70 53 252
964 C 1126043 465 200 1018574 269 70 34 106204 38 189
965 C 1132567 266 316 1020529 220 72 75 110863 22 204
966 A 1135630 1017340 258 156 703 116792 72 32 75 202
967 G 1138797 972 510 568 1019223 158 87 123 116975 181
968 C 1145164 736 670 1025375 741 140 124 117083 104 191
969 A 1148066 1028116 404 880 695 117287 89 121 92 382
970 C 1151149 299 176 1031771 66 55 22 118598 15 147
971 A 1153814 1032464 170 90 202 120402 62 21 20 383
972 C 1155728 307 301 1033482 90 57 62 121208 14 207
973 A 1160254 1034156 54 12 201 125565 16 15 30 205
974 A 1163857 1036734 84 35 240 126443 56 18 28 219
975 G 1165049 220 291 60 1035465 75 45 13 128616 264
976 A 1165621 1036523 73 7 215 128482 26 8 32 255
977 G 1163467 142 160 24 1038144 24 41 18 124694 220
978 T 1162857 109 1034181 191 19 72 127124 49 44 1068
979 C 1164682 244 142 1031818 91 63 42 132058 31 193
980 A 1167529 1030817 71 11 320 136035 32 6 45 192
981 G 1163180 136 332 51 1027405 26 70 27 134948 185
982 C 1163949 505 558 1023134 207 116 83 139089 49 208
983 T 1168308 137 1022773 184 102 45 144798 37 24 208
984 G 1165381 364 436 189 1018617 62 118 51 145334 210
985 G 1161762 265 213 62 1017583 46 54 15 143342 182
986 T 1161447 130 1014924 162 77 99 144297 57 159 1542
987 G 1161461 402 415 119 1016702 80 107 30 143418 188
988 T 1166211 144 1021466 150 88 57 143568 30 94 614
989 G 1166752 287 332 114 1021701 71 121 50 143856 220
990 G 1167063 168 306 103 1020886 58 109 39 145176 218
991 A 1166976 1014499 204 116 258 151526 52 37 48 236
992 T 1168902 159 1010891 160 92 57 157180 36 51 276
993 G 1165179 361 327 105 1011809 83 112 40 152041 301
994 G 1163974 259 322 120 1014550 91 101 34 148282 215
995 C 1164888 392 273 1017581 147 107 96 146042 40 210
996 A 1166042 1018240 210 128 287 146789 63 35 68 222
997 T 1166077 224 1018527 358 196 61 146339 61 50 261
998 G 1165414 266 434 224 1024605 55 111 48 139483 188
999 C 1164406 305 680 1023026 193 117 144 139674 49 218
1000 A 1166402 1018316 213 291 317 146841 56 61 57 250
1001 A 1167833 1017009 119 223 206 149909 34 53 47 233
1002 T 1166985 160 1013712 304 109 49 152307 69 26 249
1003 T 1166300 208 1011302 182 148 65 154049 33 41 272
1004 C 1166982 362 139 1008751 302 89 51 156999 79 210
1005 T 1168051 334 1004756 486 258 136 161730 101 38 212
1006 G 1164315 717 1053 312 1000219 137 293 149 161193 242
1007 C 1163276 350 1034 1003116 280 139 238 157851 65 203
1008 T 1165601 828 997135 466 587 203 165893 168 124 197
1009 G 1167678 247 344 93 997386 86 126 83 169118 195
1010 C 1169943 332 146 999457 137 158 48 169409 44 212
1011 A 1171595 1000646 157 82 305 169977 56 52 119 201
1012 T 1171477 113 999162 111 156 40 171586 46 58 205
1013 T 1175442 72 998719 263 73 54 175964 81 22 194
1014 T 1174738 156 998392 298 105 50 175415 75 24 223
1015 G 1166819 110 263 82 998825 59 150 30 167059 241
1016 A 1168488 1000311 102 34 275 167373 47 11 79 256
1017 A 1168594 1001025 504 45 506 166079 143 15 82 195
1018 G 1162542 184 277 70 997838 83 105 31 163725 229
1019 A 1160491 994686 106 23 197 165126 36 28 41 248
1020 T 1156986 106 994089 291 29 39 162126 76 22 208
1021 C 1155190 428 70 993068 135 114 51 161067 39 218
1022 T 1161937 104 994913 222 21 96 166354 48 9 170
1023 A 1162120 994601 63 193 221 166721 32 46 54 189
1024 A 1160657 995414 120 212 392 164107 89 36 82 205
1025 G 1157111 259 314 221 993623 80 102 67 162277 168
1026 A 1154396 995212 227 188 590 157736 50 28 126 239
1027 G 1151150 295 448 40 997178 94 94 10 152831 160
1028 T 1150820 86 992161 157 67 145 155825 58 137 2184
1029 A 1148777 995961 88 19 247 152178 34 6 63 181
1030 T 1150666 87 992701 175 72 26 157327 50 22 206
1031 T 1153263 132 995104 148 50 58 157525 27 13 206
1032 A 1160427 996197 164 50 311 163375 60 17 48 205
1033 A 1163455 994186 435 77 298 168073 101 14 57 214
1034 G 1166517 172 279 580 995896 44 95 139 169166 146
1035 C 1168556 670 207 998650 219 163 63 168353 57 174
1036 T 1170917 108 1000788 273 481 34 168792 64 107 270
1037 T 1171721 136 1004054 456 190 49 166470 81 52 233
1038 C 1168635 356 305 1005705 259 111 90 161550 71 188
1039 A 1168406 1004793 268 101 308 162574 53 38 67 204
1040 T 1165618 97 999460 154 183 84 165314 24 55 247
1041 C 1168233 333 143 995008 326 174 65 171940 67 177
1042 A 1171315 990470 102 163 265 179880 121 56 69 189
1043 G 1166996 213 266 100 991078 80 135 28 174885 211
1044 A 1169849 992926 145 27 501 175793 120 58 82 197
1045 G 1169177 137 193 99 996696 83 131 29 171554 255
1046 G 1163112 164 197 72 997742 71 115 31 164465 255
1047 G 1167775 351 237 115 1006195 93 92 63 160366 263
1048 A 1168170 1004884 517 302 847 160794 125 80 173 448
1049 C 1172261 245 472 1006763 651 112 102 163557 149 210
1050 C 1179393 547 584 1007735 900 243 135 168816 197 236
1051 A 1188033 1013898 103 46 158 173515 55 41 31 186
1052 A 1188412 1013777 87 25 141 174056 54 11 40 221
1053 A 1187129 1012489 74 51 712 173393 78 16 138 178
1054 G 1181602 139 127 54 1013398 79 117 31 167482 175
1055 T 1182159 99 1012380 180 24 135 168370 33 96 842
1056 A 1181568 1015168 86 40 200 165657 134 21 58 204
1057 T 1184773 640 1019890 1319 59 194 162064 273 10 324
1058 C 1188069 617 452 1022250 331 169 151 163825 76 198
1059 C 1191646 267 631 1022390 521 112 140 167172 110 303
1060 C 1197509 339 182 1021535 115 129 66 174782 34 327
1061 C 1203624 236 158 1018932 263 242 50 183418 65 260
1062 A 1210644 1020322 98 67 292 189430 55 99 59 222
1063 A 1209783 1019483 51 27 117 189615 99 15 130 246
1064 G 1208049 204 315 52 1019515 137 192 35 187400 199
1065 G 1207665 120 163 43 1027753 61 133 133 179051 208
1066 G 1203173 120 202 35 1034156 180 104 8 168085 283
1067 G 1198889 109 140 43 1031102 237 102 22 166855 279
1068 G 1197785 297 223 62 1028269 143 260 21 168300 210
1069 A 1198630 1023212 85 52 202 174406 250 22 127 274
1070 A 1201907 1025980 94 34 221 174966 283 14 54 261
1071 A 1203092 1029429 86 141 178 172547 37 80 265 329
1072 C 1204991 92 109 1029322 40 109 308 174797 18 196
1073 T 1207769 42 1030835 224 26 269 176072 91 7 203
1074 T 1211337 65 1035269 224 47 23 175173 280 15 241
1075 T 1213056 481 1036866 1526 200 121 173211 281 39 331
1076 C 1213335 687 588 1042424 952 146 168 167929 223 218
1077 C 1215866 661 452 1051015 1045 201 106 161921 224 241
1078 A 1214018 1055455 245 38 211 157534 110 69 45 311
1079 C 1214321 294 140 1053317 67 110 52 160136 44 161
1080 T 1218020 179 1049266 274 127 64 167785 116 29 180
1081 A 1222639 1043758 125 172 166 177922 152 108 50 186
1082 G 1223163 157 299 86 1044356 64 186 42 177798 175
1083 A 1222711 1046747 86 19 369 175083 67 50 77 213
1084 G 1224530 120 203 54 1052808 39 165 23 170900 218
1085 G 1222112 100 224 67 1054594 61 84 28 166736 218
1086 A 1222108 1059843 124 92 363 161219 42 21 72 332
1087 G 1219868 193 512 104 1061518 102 119 29 157126 165
1088 T 1221653 104 1065331 259 40 188 153709 64 133 1825
1089 A 1220986 1068029 175 37 370 151911 62 16 125 261
1090 C 1222080 547 173 1068029 127 163 97 152663 34 247
1091 A 1227737 1071433 567 163 218 154901 191 34 46 184
1092 A 1228797 1074983 319 121 616 152266 107 27 106 252
1093 A 1227683 1076804 278 76 177 150008 42 41 39 218
1094 T 1226237 98 1078457 166 34 33 147134 36 6 273
1095 T 1228360 62 1084039 231 259 37 143415 40 43 234
1096 G 1227188 272 448 58 1087499 48 139 29 138457 238
1097 C 1228239 239 116 1087976 323 60 39 139230 69 187
1098 T 1230958 713 1087872 315 319 112 141228 68 46 285
1099 T 1231533 390 1086696 169 794 75 142948 39 136 286
1100 C 1234775 433 204 1086281 810 110 75 146471 167 224
1101 A 1239379 1086168 366 273 648 151440 86 74 101 223
1102 A 1237572 1080763 400 202 1112 154545 74 53 194 229
1103 A 1235165 1079268 185 979 680 153508 44 170 118 213
1104 T 1234963 536 1081290 559 581 125 151447 98 109 218
1105 G 1233222 205 272 134 1084457 81 80 37 147766 190
1106 A 1232426 1087975 103 108 227 143690 30 19 52 222
1107 A 1230759 1088987 62 90 259 141057 24 22 41 217
1108 A 1233262 1084878 255 643 471 146490 56 112 96 261
1109 A 1232023 1083614 473 329 337 146677 85 92 72 344
1110 C 1233262 518 315 1084949 819 166 72 146072 146 205
1111 A 1237153 1088114 295 192 234 147971 59 48 54 186
1112 T 1239262 133 1090192 189 168 27 148266 47 35 205
1113 G 1239514 416 528 465 1092505 94 164 79 145042 221
1114 G 1235622 225 213 84 1092224 58 74 52 142466 226
1115 A 1234537 1092740 154 66 315 140847 76 33 51 255
1116 T 1236101 145 1095287 231 90 39 139994 38 62 215
1117 G 1236780 308 600 384 1093543 65 124 121 141454 181
1118 C 1235215 381 540 1090885 298 84 167 142569 71 220
1119 T 1237238 276 1093704 636 407 79 141785 107 62 182
1120 A 1238533 1096162 159 68 290 141473 38 83 33 227
1121 T 1239048 110 1100513 200 49 29 137860 27 16 244
1122 G 1238813 417 284 92 1098382 87 158 102 139039 252
1123 G 1235412 197 296 158 1095817 142 79 29 138454 240
1124 A 1234321 1094093 183 111 280 139184 57 21 137 255
1125 A 1234824 1094385 88 117 427 139352 104 21 83 247
1126 T 1232886 149 1093240 181 427 44 138452 59 69 265
1127 C 1235642 317 314 1094353 262 97 75 140000 49 175
1128 A 1237601 1091498 269 192 404 144833 49 60 71 225
1129 A 1233719 1085725 509 629 620 145688 111 103 97 237
1130 G 1227757 547 841 428 1082036 106 175 70 143371 183
1131 T 1228358 270 1082754 720 878 105 142934 118 137 442
1132 A 1230354 1083988 356 138 493 143887 114 79 107 1192
1133 C 1226916 271 149 1080829 590 70 43 144658 110 196
1134 T 1229921 663 1081274 503 259 136 146707 85 42 252
1135 C 1231432 357 435 1081585 218 91 89 148389 58 210
1136 T 1232535 111 1078062 293 352 84 153262 61 57 253
1137 T 1233163 409 1075199 355 193 79 156575 76 41 236
1138 G 1228955 209 273 86 1070803 63 90 41 157177 213
1139 A 1230521 1067896 125 30 258 161861 49 18 50 234
1140 A 1229121 1063769 130 45 363 164344 46 26 67 331
1141 C 1229218 289 293 1065542 145 90 62 162533 38 226
1142 T 1232562 68 1067696 238 86 27 164152 55 22 218
1143 G 1234151 447 308 215 1069268 103 111 52 163460 187
1144 A 1234371 1062707 136 673 311 170067 75 114 71 217
1145 G 1232401 188 111 88 1059829 64 59 29 171869 164
1146 A 1232769 1060093 141 58 877 171126 60 27 158 229
1147 A 1233139 1063366 233 45 695 168362 61 32 102 243
1148 G 1230406 226 578 362 1063442 57 98 60 165423 160
1149 C 1227529 362 599 1065090 370 97 139 160569 72 231
1150 A 1229047 1063394 315 783 543 163495 79 107 114 217
1151 G 1224006 355 311 188 1062358 75 127 44 160358 190
1152 G 1223255 565 262 392 1062883 124 76 100 158630 223
1153 T 1223959 174 1059890 406 92 126 161635 124 118 1394
1154 A 1223749 1063269 279 61 340 159261 76 21 66 376
1155 C 1222488 305 605 1063143 116 85 123 157880 42 189
1156 T 1227403 149 1065336 210 101 45 161253 42 57 210
1157 G 1227688 222 340 71 1067462 62 188 34 159079 230
1158 G 1223015 210 201 103 1063759 61 89 31 158322 239
1159 G 1219354 258 197 65 1063447 86 89 45 154926 241
1160 C 1219094 246 218 1057799 409 67 107 159827 79 342
1161 C 1218445 266 448 1055755 255 101 104 161219 52 245
1162 A 1218010 1051239 154 40 233 165979 61 42 47 215
1163 T 1216605 350 1046132 192 64 110 169494 49 25 189
1164 A 1216484 1044880 152 326 613 170067 62 55 120 209
1165 A 1222748 1051539 69 75 234 170456 77 24 101 173
1166 G 1220198 190 309 65 1044901 111 92 64 174253 213
1167 A 1221112 1042646 98 35 214 177736 48 30 70 235
1168 A 1222147 1043869 138 27 196 177269 81 58 62 447
1169 C 1222942 157 140 1043186 77 62 37 178959 30 294
1170 C 1228464 346 155 1044852 112 186 41 182487 39 246
1171 A 1231731 1049232 117 386 257 181326 64 69 72 208
1172 G 1229148 254 215 54 1046536 139 133 38 181563 216
1173 A 1228163 1045802 53 145 657 181025 43 34 179 225
1174 A 1229265 1045279 499 63 291 182618 219 18 67 211
1175 G 1230041 186 236 520 1048323 55 106 111 180318 186
1176 T 1232824 256 1049864 216 213 144 180651 172 120 1188
1177 G 1232643 202 260 85 1054532 165 210 32 176970 187
1178 G 1228223 109 263 169 1053959 59 97 62 173308 197
1179 A 1228245 1052768 102 104 712 173983 65 25 264 222
1180 G 1225389 156 191 78 1052835 74 250 42 171538 225
1181 G 1221710 142 192 72 1053097 122 193 26 167637 229
1182 A 1218846 1049639 101 132 384 167938 70 109 208 265
1183 A 1217986 1047646 328 479 351 168348 273 231 84 246
1184 A 1216348 1046152 156 297 626 168265 49 82 371 350
1185 C 1214973 495 533 1045750 218 419 133 167054 105 266
1186 A 1210161 1038833 1032 1943 1172 165463 520 343 229 626
1187 C 1208989 1152 1001 1035139 3633 254 482 166488 665 175
1188 T 1209517 956 1034024 929 3702 214 168568 206 704 214
1189 A 1208341 1039215 401 1436 422 165861 153 212 420 221
1190 A 1207478 1035838 450 318 2187 167844 174 78 384 205
1191 T 1204604 1729 1038011 420 992 308 162187 472 170 315
1192 C 1204331 1418 521 1029001 216 361 122 172469 60 163
1193 A 1208011 1024813 244 213 2239 179346 494 58 400 204
1194 A 1204526 1025003 484 500 1377 176003 112 117 580 350
1195 C 1207887 2853 604 1019420 1892 587 154 181804 358 215
1196 A 1216375 1013523 432 892 7731 191936 134 190 1344 193
1197 G 1213782 1688 1391 1155 1018037 399 339 245 190333 195
1198 A 1214883 1022161 212 206 421 191377 145 43 102 216
1199 G 1211225 253 153 138 1021333 90 95 47 188887 229
1200 G 1206411 297 147 141 1019204 101 77 38 186124 282
1201 G 1201675 2130 314 5371 1010748 449 92 1080 181281 210
1202 C 1203886 1261 329 1015028 5543 338 91 179935 1079 282
1203 C 1208415 4470 513 1015606 2153 920 114 183984 448 207
1204 T 1216048 839 1021265 995 481 277 191645 208 106 232
1205 C 1214601 670 261 1015991 726 214 106 196314 150 169
1206 T 1215916 740 1013134 725 1141 226 199260 174 232 284
1207 G 1210090 1145 468 901 1014356 251 148 173 192438 210
1208 C 1209765 1164 692 1016428 482 285 572 189842 113 187
1209 A 1210162 1013782 422 821 687 193448 489 180 140 193
1210 G 1206052 261 343 93 1015640 84 164 35 189215 217
1211 G 1200904 244 219 421 1024359 396 79 84 174881 221
1212 T 1196202 204 1020680 580 1317 88 171604 127 328 1274
1213 C 1198532 295 179 1024944 63 99 370 172340 40 202
1214 A 1203636 1026344 150 61 161 176547 55 50 38 230
1215 A 1206653 1028746 93 57 355 176759 52 17 329 245
1216 A 1209899 1026309 96 55 263 182584 271 24 58 239
1217 T 1211639 102 1027077 280 51 43 183491 90 219 286
1218 C 1214795 328 175 1036372 78 126 195 177291 40 190
1219 A 1216894 1040256 110 29 300 175737 148 17 92 205
1220 G 1214131 146 291 79 1043707 34 143 33 169501 197
1221 T 1214180 137 1047720 231 16 61 165089 49 79 798
1222 G 1209683 802 286 121 1044125 129 87 47 163879 207
1223 T 1209438 122 1048066 317 35 63 160056 74 65 640
1224 G 1210645 807 227 61 1053926 151 92 34 155120 227
1225 C 1211695 1653 1053 1048478 892 331 211 158648 166 263
1226 A 1215477 1044313 930 1297 798 167333 202 217 131 256
1227 A 1219361 1046112 1041 337 1338 169359 216 101 245 612
1228 C 1223039 150 286 1050259 1078 61 97 170690 192 226
1229 C 1228759 282 116 1057070 141 108 47 170711 56 228
1230 T 1234581 211 1059207 684 443 64 173508 121 111 232
1231 G 1236472 1394 523 57 1061138 299 145 35 172725 156
1232 C 1241877 260 307 1065563 474 105 91 174709 125 243
1233 A 1249010 1069369 312 354 206 178260 109 89 69 242
1234 T 1252750 367 1073300 491 38 87 178052 111 90 214
1235 T 1258579 93 1073610 143 61 90 184281 39 28 234
1236 T 1262956 75 1075024 278 529 47 186482 76 195 250
1237 T 1268405 180 1079531 186 86 66 187990 54 100 212
1238 C 1269856 278 151 1081967 214 113 96 186756 68 213
1239 T 1271800 126 1081029 867 103 58 189130 232 46 209
1240 G 1266297 512 731 251 1083091 128 215 144 181019 206
1241 T 1265264 167 1092037 646 298 66 171322 151 110 467
1242 G 1265769 460 755 391 1096157 106 191 126 167371 212
1243 C 1269655 2730 2135 1093482 2203 500 450 167518 408 229
1244 A 1275677 1096241 1786 1193 5244 169550 318 202 899 244
1245 A 1279201 1101885 2518 1078 3818 168391 427 216 641 227
1246 A 1282890 1106885 98 468 311 174614 146 74 69 225
1247 G 1281175 171 226 74 1107317 92 87 47 172926 235
1248 A 1279039 1111736 167 40 355 166331 66 21 85 238
1249 A 1279962 1112652 1003 1317 1397 162677 202 213 270 231
1250 A 1277505 1113377 565 804 1999 158499 187 211 361 1502
1251 C 1276902 705 1007 1117534 1365 208 183 155440 218 242
1252 C 1281602 533 147 1122072 128 129 125 158205 38 225
1253 T 1285114 107 1127097 300 75 27 156967 110 67 364
1254 C 1284202 845 429 1128089 327 141 102 153952 58 259
1255 C 1286951 282 167 1126993 638 136 39 158323 117 256
1256 C 1287878 365 514 1128773 144 173 79 157562 84 184
1257 A 1287639 1129223 142 151 439 157247 56 54 122 205
1258 T 1284691 589 1129602 964 923 130 151847 153 157 326
1259 T 1283787 2386 1132493 925 211 354 146900 130 43 345
1260 T 1283319 224 1135526 749 1163 70 144985 112 219 271
1261 G 1278188 571 2226 443 1139123 116 347 102 135030 230
1262 A 1276089 1134704 2626 1317 1216 135233 378 184 178 253
1263 C 1276664 645 4740 1133159 1847 154 641 134984 250 244
1264 A 1282198 1139245 364 1217 2096 138568 58 185 256 209
1265 A 1281485 1138252 485 1428 1835 138733 95 180 237 240
1266 A 1280088 1138969 299 691 2553 136717 71 89 350 349
1267 C 1278063 1314 371 1132730 5073 170 88 137356 725 236
1268 C 1275528 892 601 1128736 7806 192 90 135994 972 245
1269 A 1271563 1125083 2017 1914 5392 135779 268 247 656 207
1270 A 1267541 1130524 438 632 1928 132937 110 93 306 573
1271 C 1263080 1361 1228 1129713 567 188 180 129451 158 234
1272 C 1262876 654 1408 1131545 351 159 219 128202 144 194
1273 A 1262192 1133091 704 67 745 127141 112 26 110 196
1274 T 1257255 193 1129371 722 587 167 125566 146 82 421
1275 C 1254620 513 357 1131450 457 248 42 121231 140 182
1276 A 1254767 1128211 410 495 874 124189 89 244 97 158
1277 T 1248520 288 1124250 502 320 67 122696 62 59 276
1278 G 1242126 702 630 361 1119281 128 158 68 120544 254
1279 G 1238527 3035 1059 1073 1114687 632 137 200 117473 231
1280 C 1234744 865 3104 1111091 1963 141 765 116335 250 230
1281 A 1227567 1105275 1076 1310 2758 116026 113 152 620 237
1282 G 1216785 1449 616 401 1100592 165 84 73 113199 206
1283 C 1210408 569 421 1096764 486 108 72 111262 506 220
1284 A 1203467 1093278 442 539 588 108190 73 74 90 193
1285 T 1198070 143 1087141 279 132 30 110026 49 30 240
1286 T 1193572 604 1082219 204 121 92 109940 114 25 253
1287 C 1187985 401 725 1076214 212 111 123 109956 44 199
1288 A 1184992 1069630 745 1080 877 111877 131 116 144 392
1289 C 1176652 484 311 1061190 1554 129 111 112506 167 200
1290 T 1172938 492 1055310 1301 619 102 114655 161 80 218
1291 G 1165051 501 1888 473 1047431 81 255 88 114102 232
1292 G 1154577 1580 580 407 1039190 280 94 67 112160 219
1293 G 1148484 680 1612 665 1032690 129 243 71 112209 185
1294 A 1141202 1024576 1553 709 1507 111915 228 120 193 401
1295 A 1135288 1019821 956 1052 1773 110920 155 142 245 224
1296 T 1127179 1071 1014854 1302 744 184 108559 157 116 192
1297 A 1120625 1010387 1119 647 661 107021 205 83 228 274
1298 C 1115696 575 1399 1006254 683 132 250 106082 129 192
1299 A 1109172 1002494 992 440 1082 103500 294 55 117 198
1300 G 1096284 441 575 304 991170 103 140 59 103339 153
1301 A 1093320 985792 271 581 696 105340 73 239 103 225
1302 G 1086420 487 423 161 980905 77 171 133 103882 181
1303 G 1077797 167 194 73 974518 158 63 31 102381 212
1304 G 1068419 218 264 70 966309 61 126 14 101171 186
1305 A 1060730 956221 148 94 779 103023 37 25 170 233
1306 A 1050056 945345 126 280 226 103782 28 43 46 180
1307 G 1042566 158 288 85 936910 75 117 10 104759 164
1308 A 1037311 928913 80 44 724 107169 17 34 152 178
1309 A 1031235 918910 309 35 232 111340 98 22 56 233
1310 C 1022832 375 149 908453 399 101 45 113051 77 182
1311 A 1014719 898649 243 448 353 114696 46 59 68 157
1312 T 1007662 262 889578 304 992 51 116011 63 200 201
1313 C 1000272 476 167 882125 1019 155 87 115936 155 152
1314 A 991956 875199 417 526 1254 113971 77 88 255 169
1315 G 980255 140 193 98 868484 143 67 26 110954 150
1316 A 972782 861829 97 14 182 110241 152 17 60 190
1317 C 963431 215 153 852178 60 88 141 110346 86 164
1318 A 955289 842740 265 128 376 111472 85 41 57 125
1319 T 946165 185 834251 303 224 33 110862 101 51 155
1320 G 933718 239 370 222 825915 84 65 57 106612 154
1321 A 921880 816272 126 1270 240 103547 57 168 43 157
1322 G 912736 199 293 64 808482 44 121 26 103377 130
1323 G 903491 394 199 1242 800168 116 114 149 100921 188
1324 G 894039 2499 406 155 790731 385 94 117 99517 135
1325 C 886300 495 918 783885 965 129 246 99280 221 161
1326 A 875858 773184 911 632 1194 99273 145 152 217 150
1327 G 868193 121 213 58 767453 74 49 107 100013 105
1328 A 861980 761176 57 37 128 100319 14 20 49 180
1329 A 854541 754490 152 44 373 99181 53 7 67 174
1330 A 847386 746689 207 51 253 99889 105 7 47 138
1331 T 840421 83 738928 106 210 34 100751 47 92 170
1332 T 831018 159 730213 258 112 151 99897 55 38 135
1333 A 821671 720398 83 60 432 100374 104 12 61 147
1334 T 813196 83 710180 237 77 52 102286 50 101 130
1335 A 803851 700294 63 58 266 102905 17 19 133 96
1336 A 797078 684967 414 595 3083 107054 191 108 520 146
1337 G 787294 2041 518 606 674623 334 230 125 108712 105
1338 G 778180 531 720 687 667954 232 125 125 107711 95
1339 A 769220 659995 478 279 378 107444 244 59 218 125
1340 T 761076 174 652531 361 275 196 107226 95 85 133
1341 G 751171 290 473 371 643690 113 101 68 105975 90
1342 A 739977 634400 103 58 216 104979 32 22 58 109
1343 T 728537 90 624884 119 39 39 103174 26 18 148
1344 G 719860 160 148 53 615167 47 47 15 104106 117
1345 G 708536 121 149 61 603918 90 87 12 104008 90
1346 A 694302 591850 96 51 178 101883 71 17 45 111
1347 A 685248 582164 69 58 447 102243 18 53 94 102
1348 G 675296 368 341 264 571512 101 152 48 102398 112
1349 G 668080 229 468 177 563464 57 183 53 103343 106
1350 T 659190 242 553470 280 414 157 102953 157 370 1147
1351 G 647904 1031 510 553 543189 221 101 139 102082 78
1352 C 635941 845 1018 530453 1962 213 187 100725 436 102
1353 A 623074 518485 398 264 1739 101583 112 60 351 82
1354 A 612241 507760 232 187 195 103601 58 56 47 105
1355 A 602360 496112 247 179 247 105246 75 79 61 114
1356 A 589752 484615 114 120 487 103926 33 106 145 206
1357 C 581518 139 220 479747 978 61 51 99960 285 77
1358 C 569904 428 104 466060 1068 239 26 101588 302 89
1359 A 559319 450961 174 319 399 107067 60 88 168 83
1360 G 550705 310 461 214 443173 177 141 56 106124 49
1361 A 543412 437588 545 610 474 103701 160 128 140 66
1362 A 533497 423949 160 575 271 108110 57 179 132 64
1363 G 521557 522 599 744 411246 261 175 216 107734 60
1364 A 509885 397567 600 413 1123 109458 199 127 341 57
1365 A 500602 381378 986 323 681 116489 363 108 213 61
1366 A 492314 369728 222 642 299 120902 101 253 126 41
1367 T 483862 167 357021 192 1122 95 124657 71 452 85
1368 G 473217 281 182 92 347596 125 107 47 124733 54
1369 T 461833 246 339083 204 203 148 121596 124 151 78
1370 C 452891 150 172 331016 571 98 119 120415 272 78
1371 C 444137 225 223 323744 204 240 118 119202 125 56
1372 T 439663 60 314795 61 22 128 124502 38 14 43
1373 T 429571 57 308975 92 22 105 120199 40 18 63
1374 C 418253 118 48 302654 50 123 62 115113 45 40
1375 C 409801 612 81 296365 989 374 86 110933 311 50
1376 A 399560 285982 127 157 3749 108268 71 96 1060 50
1377 G 387036 622 1081 222 281839 248 376 60 102552 36
1378 G 377559 207 80 154 277530 120 97 113 99225 33
1379 G 366234 135 145 123 270186 86 92 70 95346 51
1380 G 353335 255 180 171 262233 105 132 89 90133 37
1381 C 343429 176 90 256492 52 72 98 86277 114 58
1382 G 336270 111 130 44 253044 71 74 87 82669 40
1383 G 327006 158 114 31 248214 65 66 38 78291 29
1384 G 325631 58 117 41 246289 61 96 61 78816 92
1385 G 319242 76 53 73 243177 92 27 51 75639 54
1386 A 323442 235882 70 59 158 70935 91 63 7848 8336
1387 G 322703 90 114 18 242469 69 78 30 79780 55
1388 T 821504 26 462516 104 35 312 299836 286 19084 39305
1389 C 840873 245 46 521112 88 266 202 318167 383 364
1390 T 856440 88 552133 128 76 190 303113 283 91 338
1391 T 862973 75 548724 108 16 120 313668 144 35 83
1392 C 876923 146 183 555046 56 247 867 319342 89 947
1393 G 893265 127 196 55 569350 216 632 335 321646 708
1394 A 901449 576774 39 19 130 323260 141 165 354 567
1395 G 913507 57 220 34 583425 136 321 105 328983 226
1396 C 929195 1314 1714 601267 892 906 1053 320675 796 578
1397 T 951683 1493 632898 1227 534 860 312552 1098 340 681
1398 C 965161 1127 1824 635823 959 732 1403 322528 569 196
1399 T 979889 361 647409 250 180 273 330608 309 213 286
1400 C 992562 278 374 650568 201 349 556 339882 206 148
1401 G 1003022 517 429 113 664324 450 604 417 335633 535
1402 G 1009059 134 179 44 677806 104 154 80 330461 97
1403 A 1017892 688429 43 35 211 323335 100 70 1530 4139
1404 C 1030590 113 193 715460 34 241 352 313874 53 270
1405 G 1043796 272 492 228 730549 255 319 167 311403 111
1406 A 1054486 741079 183 250 253 311613 115 164 307 522
1407 A 1064601 755889 208 293 344 307270 122 153 186 136
1408 A 1070195 775847 31 33 142 293685 217 18 106 116
1409 G 1069654 115 221 74 785972 1741 259 104 277729 3439
1410 G 1069443 126 167 35 805899 69 141 33 262863 110
1411 G 1069927 135 148 46 823470 66 81 45 245829 107
1412 C 1075682 164 189 845339 61 103 146 227617 762 1301
1413 A 1083833 860054 98 51 374 222660 59 108 151 278
1414 G 1082454 496 317 49 877045 180 147 70 203942 208
1415 C 1087077 195 274 892229 87 103 299 193520 110 260
1416 G 1098794 295 284 102 907101 126 145 44 190564 133
1417 A 1105106 917610 164 604 160 185587 70 157 280 474
1418 A 1109120 930116 156 107 581 177430 79 101 147 403
1419 C 1112119 446 328 943293 375 442 88 165882 92 1173
1420 C 1117286 144 120 961279 344 82 79 154980 83 175
1421 C 1121816 413 201 973596 155 149 126 146934 59 183
1422 G 1123514 490 327 79 983234 174 129 430 137030 1621
1423 A 1125998 990330 95 158 467 133519 73 77 209 1070
1424 T 1126410 116 992455 186 100 155 132791 69 66 472
1425 C 1127512 213 187 994184 156 83 92 132334 70 193
1426 G 1127426 311 439 500 996185 83 133 169 129428 178
1427 T 1129234 93 1000941 1391 684 65 123300 234 501 2025
1428 G 1130873 362 360 336 1015136 57 138 103 114223 158
1429 C 1132106 166 130 1017647 31 39 66 113586 116 325
1430 C 1133437 132 92 1024289 26 52 50 108457 35 304
1431 C 1134640 137 123 1037940 21 75 31 96147 10 156
1432 T 1134901 88 1042674 466 302 37 87823 757 67 2687
1433 C 1134670 283 317 1050205 316 69 96 83170 46 168
1434 T 1133481 161 1052831 1173 714 45 78048 167 75 267
1435 T 1132521 218 1061175 203 273 27 70392 62 24 147
1436 T 1130784 141 1065164 181 472 29 64120 34 59 584
1437 T 1129084 409 1068356 750 82 36 59162 53 14 222
1438 G 1126602 317 742 1134 1064178 26 1239 89 52181 6696
1439 A 1124712 1070133 462 685 798 50593 105 87 88 1761
1440 C 1122629 425 558 1074645 167 54 46 46440 35 259
1441 A 1121833 1077469 220 95 411 43365 22 20 24 207
1442 T 1120403 105 1080960 215 282 20 38595 9 36 181
1443 G 1119288 272 409 105 1084515 40 52 6 33696 193
1444 A 1117468 1086626 110 53 179 29830 17 4 54 595
1445 G 1115940 319 335 49 1088786 14 22 7 26239 169
1446 T 1114322 131 1076679 169 24 42 22647 14 845 13771
1447 A 1112540 1091200 96 10 147 20761 11 4 12 299
1448 A 1110392 1092023 199 12 118 17893 5 12 5 125
1449 T 1108329 88 1091209 226 322 57 16063 13 10 341
1450 G 1107632 222 399 172 1091511 25 21 6 15120 156
1451 A 1105956 1091044 165 91 143 14137 5 1 13 357
1452 A 1104772 1090825 76 147 225 13336 2 1 8 152
1453 G 1103628 2319 670 172 1087512 217 13 1 12291 433
1454 G 1102546 212 647 100 1088962 10 12 1 12475 127
1455 A 1101079 1086125 599 332 620 11983 8 6 63 1343
1456 T 1099789 59 1087430 158 7 23 11650 3 5 454
1457 C 1098902 121 98 1086882 39 12 10 11549 2 189
1458 T 1098083 90 1086030 161 25 28 11566 5 4 174
1459 T 1097100 33 1085506 181 6 17 11223 2 0 132
1460 A 1095828 1084366 69 5 89 10655 90 1 2 551
1461 T 1094843 85 1084182 131 33 3 10246 2 3 158
1462 T 1093950 73 1083553 156 6 5 9968 1 2 186
1463 T 1093020 50 1082725 115 9 7 9778 9 1 326
1464 C 1091558 227 86 1078218 60 9 369 8601 2 3986
1465 T 1090827 41 1081569 204 10 9 8823 4 3 164
1466 T 1089531 139 1080925 114 3 5 8179 4 0 162
1467 C 1088186 258 185 1079392 34 12 66 7338 5 896
1468 G 1087392 258 277 58 1079316 15 7 4 7215 242
1469 G 1086390 74 262 62 1078966 9 7 1 6887 122
1470 A 1085536 1076186 83 12 273 6601 3 1 109 2268
1471 G 1084690 161 305 86 1077247 6 7 2 6432 444
1472 A 1084043 1076455 192 45 354 6219 3 2 20 753
1473 C 1083443 219 162 1076493 105 6 1 6161 5 291
1474 A 1082861 1076455 53 23 147 6035 1 6 4 137
1475 A 1082016 1075634 70 56 194 5725 1 0 1 335
1476 T 1081259 102 1073881 190 51 65 5390 3 1 1576
1477 G 1080646 594 405 118 1073992 7 15 0 5272 243
1478 C 1079902 300 314 1073858 106 8 1 5094 5 216
1479 A 1079284 1073259 308 38 385 4878 2 4 5 405
1480 G 1078621 515 366 156 1072476 11 2 2 4719 374
1481 A 1077865 1072415 200 79 278 4525 1 0 5 362
1482 G 1077174 383 330 175 1071684 4 2 1 4445 150
1483 G 1076406 238 417 101 1071288 3 3 0 4257 99
1484 A 1075474 1068261 216 149 377 3976 0 2 49 2444
1485 G 1074460 377 456 81 1069684 2 3 1 3765 91
1486 T 1073696 115 1024152 179 117 16 3234 1 343 45539
1487 A 1073013 1068659 258 21 372 3492 1 0 3 207
1488 C 1071655 198 476 1067053 158 12 3 3271 1 483
1489 G 1068142 3622 1035 199 1059885 19 4 3 3116 259
1490 A 1062757 1054818 1637 546 2351 3026 5 2 13 359
1491 C 1060876 792 658 1054453 1398 20 4 2992 5 554
1492 A 1057055 1047202 957 2701 3072 2914 7 10 27 165
1493 A 1052842 1029561 2745 2326 15292 2727 9 12 45 125
1494 T 1048702 12395 1021934 4845 6013 52 2643 21 23 776