# amino-acid counts among definitively called codons
# POSITION TOTAL_COUNTS WT N_A N_C N_D N_E N_F N_G N_H N_I N_K N_L N_M N_N N_P N_Q N_R N_S N_T N_V N_W N_Y N_STOP
1 1657390 M 0 0 0 0 0 0 0 701 174 113 1655849 0 0 0 24 0 257 272 0 0 0
2 1659722 A 1657873 0 0 408 0 93 0 0 0 0 1 0 75 0 43 217 136 876 0 0 0
3 1662969 S 245 83 10 6 344 0 518 143 18 835 63 759 507 107 85 1657728 1090 11 7 404 6
4 1666943 Q 932 126 74 269 3103 153 374 1391 841 2363 404 2742 108 1646931 335 2625 2526 584 30 601 431
5 1670490 G 489 669 270 0 2 1667005 38 6 0 2 0 10 45 0 670 936 30 249 0 69 0
6 1673683 T 428 0 0 0 0 0 0 169 1 0 0 187 17 0 0 153 1672728 0 0 0 0
7 1678275 K 1 0 1 205 0 0 0 98 1677428 1 0 208 0 27 186 0 21 18 0 2 79
8 1685353 R 4 0 0 0 0 58 3 1 0 344 0 0 89 320 1684177 4 6 1 345 0 1
9 1688451 S 420 126 1 1 237 1 8 3 1 204 20 44 253 83 32 1686137 449 1 4 412 14
10 1693562 Y 76 438 188 240 148 40 967 153 20 256 3 122 181 29 14 228 78 199 5 1689946 231
11 1695554 E 99 16 183 1693777 1 315 10 14 362 11 0 4 7 151 9 30 18 149 1 10 387
12 1698304 Q 786 363 58 168 18 73 1715 65 2497 851 68 232 249 1685957 1339 2710 615 93 34 183 230
13 1691622 M 13 7 2 4 2 62 12 709 165 176 1689781 7 18 3 44 22 235 251 1 84 24
14 1681698 E 16 18 106 1668126 4 386 22 20 268 29 4 16 19 96 12036 41 13 133 2 13 330
15 1675659 T 249 11 1 22 1 5 61 150 1 53 8 356 64 13 10 195 1674446 9 2 0 2
16 1664941 D 21 3 1663196 225 1 390 137 3 3 2 0 225 10 21 10 6 152 149 0 387 0
17 1639786 G 301 56 8 231 0 1636770 25 12 290 31 4 42 478 104 417 145 159 328 381 1 3
18 1618473 E 504 8 342 1613199 29 576 140 96 492 138 21 129 1373 335 35 269 185 295 0 34 273
19 1580773 R 24 434 1 1 7 163 705 0 32 358 0 1 134 1 1578546 303 55 1 2 0 5
20 1544700 Q 14 1 0 90 1 10 577 7 313 196 4 16 4403 1538076 720 13 15 1 1 5 237
21 1499094 N 79 26 213 1 0 166 144 153 398 223 64 1494100 79 124 607 970 1480 114 3 116 34
22 1431477 A 1424849 10 6 420 13 144 111 23 199 39 4 103 377 44 2211 932 1018 933 4 19 18
23 1389173 T 656 24 26 10 47 318 279 167 80 230 23 490 128 100 254 1887 1384237 125 6 47 39
24 1330303 E 177 6 430 1327324 20 267 14 36 388 78 72 35 16 363 36 86 180 400 0 6 369
25 1238264 I 8 1 45 2 89 2 15 1237239 3 18 87 85 110 38 23 31 129 207 2 12 118
26 1157032 R 14 2 0 15 1 317 7 289 215 9 18 2 35 7 1155796 96 74 0 3 4 128
27 1082153 A 1080239 10 0 322 11 109 40 28 71 34 11 1 59 11 216 372 213 391 5 10 0
28 1039332 S 221 229 31 0 83 461 88 7 400 24 0 1542 344 32 122 1035256 119 43 6 286 38
29 996584 V 129 36 97 1 202 9 14 687 2 65 1 5 9 6 9 2 11 995288 1 0 10
30 485228 G 44 6 4 64 0 484294 3 3 0 10 2 323 8 3 202 5 3 108 142 2 2
31 481958 K 29 7 2 98 0 10 5 0 481309 13 37 150 5 15 184 13 20 8 0 1 52
32 481303 M 8 3 3 8 0 11 0 237 55 54 480721 2 12 1 24 2 79 83 0 0 0
33 501331 I 5 18 2 11 39 27 3 500717 10 141 3 55 2 5 3 20 67 181 2 3 17
34 524275 D 357 3 521722 136 85 450 106 158 11 347 4 107 1 7 52 149 111 246 0 220 3
35 548103 G 81 2 1 72 5 547438 4 2 6 15 0 6 11 0 141 25 8 124 1 3 158
36 572878 I 13 0 39 1 28 5 1 572415 5 66 6 30 6 2 11 34 76 98 0 1 41
37 594876 G 44 1 2 63 2 594332 1 10 6 4 0 3 2 4 134 13 2 111 2 1 139
38 621013 R 25 0 0 1 0 37 28 1 1 177 0 1 44 129 620400 11 13 0 0 0 145
39 643280 F 294 76 6 4 641825 13 1 51 1 351 82 5 348 3 7 92 32 17 0 59 13
40 665235 Y 12 120 12 1 80 9 307 2 2 18 3 56 6 0 15 28 5 7 5 664316 231
41 685953 I 75 18 8 11 70 165 15 684092 30 455 107 139 27 82 53 61 414 111 2 15 3
42 708510 Q 17 6 16 27 0 46 28 5 167 74 0 4 33 707804 128 6 12 10 1 7 119
43 730601 M 16 4 2 2 2 3 16 361 80 78 729255 503 15 5 17 12 100 124 2 1 3
44 758609 C 19 757408 9 0 229 25 4 3 6 74 5 3 11 0 156 163 42 34 102 141 175
45 779289 T 149 74 15 3 2 18 44 117 4 29 3 179 16 13 85 150 778124 230 7 1 26
46 795805 E 19 5 77 794994 10 135 2 38 117 21 10 4 7 45 5 31 38 50 0 3 194
47 814422 L 5 23 0 0 82 5 27 152 1 813916 1 0 108 4 22 6 7 24 0 1 38
48 830802 K 22 0 6 101 14 10 3 38 830154 12 0 110 11 16 140 25 33 19 0 2 86
49 841060 L 33 29 13 11 100 34 60 223 23 839796 10 14 273 50 65 59 71 128 8 7 53
50 851972 S 1455 813 83 88 18 1557 129 157 81 159 20 217 829 239 635 844728 536 143 7 43 35
51 866152 D 381 1 863658 126 13 243 52 98 10 99 8 273 223 20 49 57 321 219 0 277 24
52 881721 Y 72 157 40 10 104 278 114 40 14 94 0 50 180 22 28 238 341 50 27 879713 149
53 896839 E 27 16 346 895314 7 228 15 4 168 44 4 9 56 82 21 50 26 100 10 1 311
54 907208 G 453 1 22 170 5 905611 44 5 6 28 8 16 24 17 319 87 59 143 175 4 11
55 913486 R 45 26 12 10 4 151 68 7 17 443 1 13 99 288 911861 41 54 7 1 2 336
56 921477 L 29 16 23 6 11 25 74 91 21 919633 158 42 397 91 45 40 500 244 8 10 13
57 931751 I 36 3 8 3 92 58 10 929613 14 822 48 71 62 20 42 38 184 592 6 13 16
58 942620 Q 7 7 17 58 6 46 321 13 218 108 4 19 91 941127 290 25 39 21 19 11 173
59 943168 N 40 5 140 11 14 18 45 86 250 34 13 941985 35 18 86 190 48 18 7 90 35
60 942612 S 34 57 5 1 10 149 2 251 16 41 60 105 114 4 374 941300 66 15 7 0 1
61 953068 L 33 22 23 2 96 14 25 407 8 951467 78 22 17 20 38 165 18 392 48 40 133
62 967920 T 285 26 6 3 5 25 27 127 177 66 0 28 105 11 86 915 965970 22 3 22 11
63 977317 I 29 28 2 7 10 6 29 975968 75 219 314 39 121 16 27 10 159 224 4 14 16
64 984749 E 22 14 300 983063 4 190 16 50 99 137 6 6 111 88 65 38 21 128 0 22 369
65 982410 R 12 6 9 5 7 206 7 263 150 19 2 13 35 7 981394 75 70 10 2 1 117
66 983863 M 5 0 0 0 5 0 1 445 93 76 982875 1 10 2 14 3 118 166 0 1 48
67 977681 V 182 1 0 138 0 73 0 126 0 193 159 2 9 0 1 19 3 976775 0 0 0
68 980442 L 37 7 0 3 134 15 115 325 2 979315 5 67 200 6 59 22 27 78 13 1 11
69 971291 S 33 88 1 5 74 68 17 8 15 14 2 6 222 13 8 970330 129 8 4 197 49
70 958711 A 956404 18 279 14 3 141 2 12 0 19 5 7 49 8 34 617 920 145 4 1 29
71 953735 F 2 19 4 14 952707 10 45 56 9 295 0 41 19 9 13 138 19 79 31 215 10
72 940705 D 21 3 939550 240 11 214 94 1 1 7 4 134 23 9 8 35 2 100 0 220 28
73 935946 E 234 450 59 931880 69 464 26 37 270 935 0 35 24 259 87 71 186 328 11 255 266
74 940314 R 72 11 1 1 22 196 26 233 435 32 50 11 24 4 938924 108 91 6 1 3 63
75 937280 R 1 0 3 0 0 146 0 4 114 11 204 3 0 1 936403 282 39 0 62 2 5
76 931872 N 18 8 143 2 9 12 16 162 92 89 9 930283 11 22 27 245 64 578 0 76 6
77 920608 K 138 626 22 151 0 174 63 110 917292 113 1 159 19 68 584 240 335 441 0 29 43
78 918579 Y 9 109 3 0 116 0 290 2 5 30 0 77 1 8 22 17 15 10 1 917748 116
79 914108 L 24 4 29 5 3 2 9 55 2 913255 269 3 179 102 20 12 37 62 3 5 28
80 906026 E 119 28 201 903510 94 173 176 94 134 61 3 39 10 83 85 550 184 169 11 67 235
81 897506 E 70 81 169 895444 51 283 67 93 200 79 7 65 9 85 63 63 41 251 35 75 275
82 887921 H 66 48 39 27 390 14 882343 114 82 243 127 536 14 1136 696 526 269 385 85 750 31
83 886398 P 412 79 7 22 38 499 279 35 45 209 14 70 883312 121 174 422 368 200 3 42 47
84 896104 S 583 52 18 23 24 783 136 328 54 277 84 199 36 52 359 892738 166 87 8 11 86
85 889706 A 885470 108 45 276 11 341 144 65 15 60 4 30 331 142 597 507 1018 247 1 289 5
86 886001 G 199 64 4 200 77 881540 820 41 230 348 22 283 280 334 627 138 327 171 190 58 48
87 887975 K 9 7 1 167 0 4 2 4 887014 8 52 310 13 22 206 21 26 14 1 4 90
88 891434 D 16 223 888076 129 5 152 55 7 14 32 7 1665 7 18 29 623 18 60 15 199 84
89 894536 P 841 159 22 20 237 380 302 56 29 135 37 69 890935 45 132 320 252 77 97 196 195
90 901004 K 194 45 37 196 10 577 249 129 896544 434 111 508 2 118 1234 115 299 143 4 26 29
91 902914 K 13 4 2 138 0 3 5 31 901506 17 3 37 12 5 1013 16 8 3 2 1 95
92 895458 T 91 12 15 0 1 3 6 58 7 10 1 179 58 4 10 107 894884 4 0 2 6
93 895765 G 51 1 3 91 3 894994 2 0 1 15 0 1 7 1 240 1 7 112 1 2 232
94 897710 G 39 0 3 116 2 896986 5 11 1 7 0 2 10 4 138 6 10 175 3 0 192
95 895223 P 129 2 1 2 0 11 163 0 1 110 3 6 894259 1 42 320 103 2 8 7 53
96 892907 I 15 21 0 5 4 13 5 891972 90 183 117 0 12 1 16 7 122 258 5 2 59
97 888722 Y 13 147 17 3 118 21 168 14 3 20 3 71 13 0 13 29 10 2 0 887792 265
98 888531 K 4 13 14 176 0 4 28 5 886950 124 100 357 34 57 438 13 126 13 4 2 69
99 881859 R 91 6 4 3 2 170 3 231 171 39 2 3 6 5 880837 128 53 13 0 12 80
100 878958 V 439 138 26 313 36 191 31 138 13 482 206 92 610 108 130 287 71 875490 0 127 30
101 884455 D 55 2 883065 172 1 112 85 13 1 65 2 125 181 13 27 78 52 111 0 264 31
102 880537 R 225 57 7 1 19 267 53 181 215 143 5 0 36 22 878915 103 67 12 52 104 53
103 887986 K 136 4 3 132 2 28 26 15 886523 59 33 251 15 18 493 51 53 81 1 12 50
104 886186 W 17 277 1 0 14 34 16 2 2 207 15 11 23 17 207 54 6 9 884963 11 300
105 880449 M 29 22 8 0 12 204 335 524 96 282 878053 6 10 97 22 90 314 283 10 34 18
106 869212 R 13 1 0 0 1 216 10 7 256 12 252 16 12 4 868041 203 46 11 103 0 8
107 865055 E 18 14 169 863786 0 158 4 0 490 11 2 0 3 64 12 31 9 62 0 0 222
108 867988 L 20 72 0 0 72 31 107 140 2 866993 10 0 396 2 38 23 13 49 0 5 15
109 864467 V 239 125 86 1 146 33 14 274 22 144 108 3 10 134 29 66 14 862994 7 1 17
110 858457 L 5 3 4 1 73 6 36 417 1 857639 0 1 152 4 19 1 41 38 0 1 15
111 855601 Y 9 163 11 3 107 2 212 279 6 57 6 87 5 1 13 60 640 87 0 853720 133
112 838336 D 81 29 836778 313 11 236 88 10 10 13 2 331 38 2 10 38 43 119 1 173 10
113 833354 K 6 1 1 116 1 0 12 43 832855 10 0 52 33 14 128 11 21 0 0 0 50
114 840551 E 24 23 60 839533 91 144 9 14 108 89 0 1 17 88 19 28 15 54 7 8 219
115 846220 E 11 1 47 845539 1 144 11 3 97 1 1 5 18 41 14 2 0 61 0 1 222
116 843069 I 34 29 3 2 4 8 6 842218 52 125 206 5 9 3 26 7 94 224 4 4 6
117 848029 R 27 13 4 10 16 163 25 39 136 49 236 13 11 37 846738 310 83 38 67 6 8
118 850538 R 12 10 1 1 1 52 9 3 13 229 0 2 55 222 849718 21 26 0 1 1 161
119 850280 I 93 26 0 14 41 10 12 849448 5 65 37 79 6 5 6 31 210 172 11 4 5
120 852784 W 6 182 1 6 3 42 6 1 6 172 1 1 8 5 256 75 5 8 851718 2 280
121 856607 R 87 309 6 0 8 166 425 66 15 324 20 14 74 5 854310 267 44 70 45 334 18
122 860569 Q 85 38 3 57 1 131 180 307 207 120 12 11 41 858144 248 59 517 207 19 3 179
123 856819 A 855545 23 176 5 5 106 1 6 4 13 1 6 56 5 24 385 226 195 25 4 8
124 867596 N 27 2 141 4 2 10 109 95 94 7 7 866890 25 13 13 96 20 5 7 24 5
125 879840 N 25 55 226 14 9 177 68 129 71 402 0 877735 11 12 176 432 41 15 5 234 3
126 873640 G 88 314 142 0 3 871927 58 11 164 145 6 69 18 50 98 211 172 121 0 19 24
127 877406 D 105 20 874270 286 131 228 198 139 74 116 0 255 87 56 194 625 34 193 6 384 5
128 878582 D 322 27 874875 220 45 248 98 33 118 705 119 351 17 36 74 406 389 183 4 297 15
129 891842 A 888844 13 15 224 9 459 28 17 128 108 211 16 71 9 51 395 943 259 0 13 29
130 896680 T 182 11 1 0 19 14 198 108 495 53 17 70 239 3 132 87 894980 20 6 13 32
131 901897 A 899528 2 256 6 7 56 62 4 6 30 3 25 986 5 34 506 171 180 1 8 21
132 892021 G 59 226 98 0 4 891219 0 5 5 10 2 4 13 7 46 138 9 160 0 10 6
133 885064 L 7 5 0 2 1 17 3 105 0 884279 249 1 223 36 56 9 5 44 0 14 8
134 879480 T 195 16 3 1 0 7 16 99 0 10 1 219 37 4 11 217 878552 38 4 39 11
135 883850 H 16 9 53 14 0 9 882709 11 21 114 0 235 40 281 165 18 14 19 11 97 14
136 893902 M 28 15 0 9 17 25 7 1108 66 353 891771 14 13 11 31 13 174 223 0 12 12
137 899220 M 8 3 2 6 0 5 13 471 89 95 898149 2 39 3 12 11 148 147 5 1 11
138 894239 I 5 2 1 0 79 0 5 893669 11 38 59 64 7 4 16 14 116 132 0 1 16
139 897846 W 0 236 0 2 5 46 5 2 3 203 3 1 21 0 327 55 4 9 896552 4 368
140 898042 H 1 6 69 0 0 4 897094 0 2 75 0 246 10 123 169 10 18 10 0 204 1
141 902440 S 98 39 2 5 74 36 0 1 0 1 1 4 196 0 10 901664 67 9 0 214 19
142 894625 N 9 0 169 13 1 3 24 45 56 23 0 894034 34 7 10 107 20 3 1 46 20
143 894781 L 0 6 1 0 317 8 2 3 4 894067 51 2 19 0 11 180 7 19 16 12 56
144 899699 N 41 26 181 3 0 5 11 72 96 11 19 898920 21 5 7 153 23 39 0 63 3
145 891374 D 8 0 890571 96 8 108 68 4 0 1 0 123 9 2 8 2 2 98 0 250 16
146 888384 T 512 8 2 14 0 8 9 116 186 7 1 2 21 0 54 856 886576 2 0 1 9
147 887533 T 176 8 2 1 0 9 6 95 208 3 0 0 9 14 46 66 886884 5 1 0 0
148 881286 Y 2 118 1 0 70 24 139 14 0 1 2 39 4 0 5 11 4 3 1 880663 185
149 885378 Q 2 1 0 45 3 6 338 0 233 75 1 5 22 884236 226 7 3 13 0 2 160
150 879655 R 6 2 0 2 2 143 1 2 102 12 207 0 6 0 878863 206 48 1 51 0 1
151 877216 T 213 3 3 2 0 6 4 123 172 5 0 17 25 3 51 171 876388 15 0 2 13
152 878039 R 9 1 3 0 8 181 2 139 167 20 1 1 19 2 877276 42 76 7 0 1 84
153 881605 A 880532 6 221 6 0 71 37 8 3 23 2 15 58 13 14 348 128 90 1 10 19
154 886925 L 7 15 4 12 74 25 73 404 6 885907 30 12 139 3 25 11 13 121 2 11 31
155 885458 V 189 6 98 17 215 86 7 264 55 78 11 26 12 30 58 115 49 884103 2 14 23
156 884656 R 24 228 0 0 5 86 345 10 2 202 2 3 58 11 883388 243 5 22 2 7 13
157 886730 T 441 88 6 3 16 41 2 444 8 158 37 215 39 23 22 373 884468 332 0 3 11
158 883526 G 113 267 275 3 7 881928 67 3 3 34 0 6 19 19 55 420 29 199 4 57 18
159 881453 M 6 3 1 17 0 11 11 450 51 692 879707 6 31 7 47 12 121 184 0 7 89
160 890427 D 36 38 889423 102 2 239 42 12 5 16 4 141 18 3 13 20 15 66 3 211 18
161 890114 P 436 37 26 8 1 141 186 40 18 150 6 38 887727 47 189 710 204 130 3 4 13
162 898633 R 11 5 7 3 18 238 1 22 148 38 226 1 26 13 897430 271 45 56 46 2 26
163 899879 M 163 92 4 6 21 15 5 442 51 264 897723 14 3 5 28 23 639 360 3 8 10
164 899740 C 382 897466 4 7 264 65 14 80 1 9 154 57 30 0 202 241 102 109 37 250 266
165 891848 S 106 115 1 2 69 49 0 1 2 8 11 654 209 8 0 890291 111 5 0 198 8
166 893724 L 2 1 4 30 3 2 4 85 9 892599 440 6 235 127 24 19 38 77 1 5 13
167 903623 M 11 7 1 4 1 11 7 670 82 653 901754 5 16 15 26 11 167 143 5 3 31
168 908832 Q 251 9 5 54 7 4 318 3 262 91 20 5 65 906852 337 239 10 8 7 4 281
169 901833 G 46 194 111 3 6 901088 8 5 12 6 5 9 2 6 29 111 14 155 0 10 13
170 910313 S 24 1 0 0 1 26 7 3 3 269 3 21 126 3 9 909426 98 8 46 0 239
171 912948 T 146 22 3 0 4 7 1 90 5 11 9 191 16 2 4 169 912249 9 5 0 5
172 915601 L 15 20 1 4 63 6 72 349 17 914618 3 3 237 38 37 17 16 60 2 2 21
173 916714 P 237 5 2 14 36 15 278 9 22 113 0 35 915196 78 70 206 299 67 1 0 31
174 916909 R 2 5 1 0 7 163 1 3 107 64 240 6 1 1 915942 198 62 8 59 0 39
175 915809 R 5 3 0 1 1 183 2 3 777 5 244 4 2 3 914323 141 37 13 56 0 6
176 926238 S 39 73 2 0 84 26 1 4 5 9 2 3 154 2 6 925579 85 2 0 160 2
177 939512 G 31 2 7 99 6 938781 13 0 1 5 5 4 19 7 223 11 4 130 0 5 159
178 952908 A 951288 5 290 3 3 37 7 15 35 119 8 72 272 71 87 296 154 130 2 10 4
179 964730 A 963455 4 0 262 6 59 1 5 1 5 1 3 54 1 1 300 364 173 0 1 34
180 964598 G 19 170 112 1 1 963858 10 1 0 10 0 1 6 1 69 115 5 168 0 1 50
181 965321 A 963656 2 128 63 131 54 86 4 0 42 2 32 39 39 95 345 351 82 150 14 6
182 974466 A 972735 9 6 260 11 96 23 1 0 34 0 57 66 21 16 332 334 435 1 20 9
183 979425 V 152 2 88 2 256 17 4 269 3 58 12 6 20 6 20 56 351 978100 0 0 3
184 992145 K 3 2 7 205 1 23 3 66 991366 18 5 107 5 28 147 25 21 5 6 0 102
185 1002127 G 48 4 24 138 1 1001127 13 13 9 8 2 7 5 3 222 24 4 228 0 2 245
186 1013816 V 167 26 74 8 184 27 36 570 5 69 6 3 128 87 10 16 72 1012306 3 3 16
187 1028518 G 185 9 2 173 0 1027379 9 2 6 10 0 2 4 1 218 21 7 218 258 1 13
188 1033862 T 259 9 2 2 1 12 1 161 162 3 0 1 31 6 48 272 1032867 10 2 8 5
189 1048958 M 38 245 3 42 3 19 46 665 81 500 1046576 38 11 80 50 62 191 260 4 21 23
190 1052374 V 259 33 8 119 5 176 4 93 0 186 168 0 5 5 8 55 69 1051176 3 2 0
191 1056596 M 5 13 0 0 0 1 24 486 100 336 1055225 48 10 11 33 9 136 141 0 11 7
192 1059738 E 15 3 316 1058357 1 324 2 3 166 20 5 8 11 51 89 6 5 100 10 0 246
193 1058899 L 12 19 5 2 327 71 2 49 3 1057900 84 3 11 3 4 258 10 69 15 7 45
194 1066473 I 62 19 2 4 3 25 11 1065211 62 242 233 3 21 4 19 9 227 282 1 10 23
195 1065988 R 16 6 2 2 6 197 14 5 127 14 309 1 47 1 1064779 284 98 0 72 2 6
196 1071499 M 71 49 4 15 13 48 6 534 99 157 1069876 5 22 80 22 12 193 240 14 12 27
197 1076430 I 26 16 2 0 107 33 1 1075265 5 20 115 175 35 10 16 21 185 374 2 8 14
198 1076838 K 20 1 2 161 11 6 5 19 1076218 21 0 120 6 11 160 4 16 7 1 0 49
199 1078679 R 15 188 1 0 0 55 305 0 8 236 1 1 56 25 1077511 239 19 3 2 3 11
200 1090858 G 41 13 9 189 1 1089639 2 2 1 11 3 1 14 0 301 13 121 214 280 0 3
201 1082315 I 37 43 5 1 121 9 8 1081021 5 90 61 121 15 21 28 30 272 360 59 4 4
202 1078427 N 24 0 259 0 11 8 58 99 92 485 3 1076746 45 34 27 208 86 25 63 147 7
203 1084477 D 22 2 1083519 118 0 157 90 1 11 8 0 140 0 2 3 4 10 110 0 275 5
204 1091386 R 9 16 4 4 35 55 3 1 7 218 0 2 46 291 1090422 3 8 5 241 7 9
205 1095998 N 188 92 171 2 16 31 5 63 151 14 2 1094507 18 19 4 373 55 7 14 219 47
206 1086609 F 77 15 1 8 1085564 2 2 143 9 464 15 5 12 28 19 124 23 32 0 48 18
207 1078426 W 6 289 0 1 234 24 5 0 0 258 0 8 11 1 393 77 0 3 1076722 23 371
208 1077312 R 16 1 0 2 1 262 2 295 116 27 11 3 31 3 1076245 77 66 4 1 3 146
209 1082992 G 27 218 141 7 0 1082160 2 1 1 22 0 4 14 1 60 170 19 137 0 1 7
210 1091425 E 8 11 254 1090356 2 204 2 1 177 8 1 8 1 48 4 12 1 94 7 1 225
211 1096716 N 358 232 239 227 29 204 173 134 85 151 45 1092843 263 299 7 494 373 487 7 60 6
212 1103289 G 121 14 2 157 1 1102057 5 3 5 7 13 3 8 2 352 21 25 202 2 14 275
213 1100946 R 12 1 1 0 8 66 1 0 22 271 28 2 81 294 1099748 35 43 5 1 6 321
214 1094675 K 12 1 0 187 11 11 215 70 1092950 48 0 64 18 80 615 23 90 26 69 150 35
215 1092673 T 346 15 10 7 0 145 0 123 163 7 0 5 264 4 32 329 1091111 110 0 1 1
216 1089508 R 14 13 2 0 2 208 14 2 194 20 254 4 3 0 1088409 237 46 7 66 2 11
217 1084145 S 381 89 0 7 4 220 44 142 13 411 0 757 28 44 234 1081389 293 65 2 4 18
218 1078211 A 1076250 23 317 0 1 82 0 5 0 24 0 2 69 0 6 969 340 109 0 11 3
219 1087557 Y 12 167 16 0 67 2 199 0 1 55 7 28 3 0 7 12 26 5 17 1086713 220
220 1091395 E 9 0 319 1090123 1 196 0 15 223 8 0 0 1 58 0 28 57 99 0 0 258
221 1095147 R 0 0 0 2 0 213 2 257 300 1 0 0 3 0 1094148 71 58 0 5 0 87
222 1078967 M 6 9 6 0 84 141 54 439 87 79 1077512 72 0 4 10 126 120 150 0 66 2
223 1067029 C 3 1065798 0 0 207 26 0 0 0 3 0 0 0 0 217 224 65 0 72 188 226
224 1065684 N 0 0 188 1 1 3 17 114 237 0 0 1064860 0 0 0 167 20 1 1 72 2
225 1069113 I 3 135 0 0 80 2 13 1068171 0 20 5 53 2 0 4 32 358 232 1 2 0
226 1069080 L 4 1 0 5 52 8 117 241 0 1068385 0 0 190 4 13 2 0 58 0 0 0
227 1066384 K 1 0 0 194 0 7 0 77 1065807 3 1 75 0 13 149 1 14 0 0 0 42
228 1054402 G 95 18 0 176 1 1053484 1 1 4 5 0 0 15 0 192 12 7 206 0 0 185
229 1045662 K 10 3 0 177 0 9 5 27 1045130 5 0 91 6 9 144 5 7 3 1 0 30
230 1044222 F 8 6 0 2 1043595 7 0 72 0 268 0 2 1 0 10 163 3 37 4 42 2
231 1033378 Q 81 2 2 43 3 140 72 22 237 350 7 20 85 1030943 636 107 479 5 2 6 136
232 1022977 T 267 12 3 4 0 4 52 131 727 115 2 3 132 19 369 104 1021025 7 0 0 1
233 1017946 A 1016404 60 311 5 3 46 7 5 16 11 4 44 262 29 28 288 256 145 16 0 6
234 1006786 A 1004915 53 5 227 7 72 2 6 2 13 1 3 471 0 59 265 502 169 1 0 13
235 992891 Q 20 8 0 36 4 7 72 12 202 66 1 2 48 992093 150 1 2 5 0 1 161
236 983076 R 1 2 6 9 5 289 2 9 218 15 280 7 34 5 981893 191 42 14 49 0 5
237 973154 A 971216 14 9 242 3 469 57 2 33 18 0 3 64 9 14 406 344 223 2 18 8
238 955321 M 23 11 0 15 0 51 9 479 75 242 953960 6 6 28 30 34 165 158 5 0 24
239 938691 M 31 0 3 1 3 11 2 531 89 258 936923 16 19 2 36 82 241 415 8 4 16
240 915906 D 36 0 914297 164 1 364 139 1 11 16 0 181 3 189 11 22 163 88 3 216 1
241 886463 Q 7 4 5 67 1 5 54 9 208 79 2 2 23 885585 242 36 16 6 2 2 108
242 860301 V 245 22 3 116 5 49 5 14 0 306 188 3 16 1 19 30 1 859271 4 2 1
243 843970 R 26 3 7 7 17 245 68 243 252 11 19 12 13 30 842627 126 116 29 2 14 103
244 812572 E 55 0 58 811695 7 228 0 5 144 3 3 2 39 52 1 16 11 57 1 0 195
245 789194 S 294 30 0 5 3 447 2 165 3 12 0 125 135 3 111 787822 25 1 0 1 10
246 760581 R 41 1 1 2 7 62 2 3 33 146 5 8 82 254 759629 8 5 15 179 93 5
247 727639 N 153 59 135 1 3 38 11 70 129 6 16 726646 13 13 32 208 38 20 4 31 13
248 698482 P 23 85 0 0 1 12 3 1 1 102 1 6 697850 147 33 79 120 15 1 1 1
249 667660 G 46 9 0 94 0 667060 1 1 10 8 0 4 15 4 126 7 1 131 6 6 131
250 644412 N 23 1 128 4 4 35 24 40 54 38 0 643801 9 7 17 117 38 11 1 48 12
251 621304 A 620573 1 136 0 0 18 0 0 3 104 0 1 25 0 31 175 143 93 0 1 0
252 595352 E 5 1 169 594794 1 80 0 0 74 3 0 1 0 40 1 1 0 53 0 0 129
253 568491 I 3 2 1 1 52 3 6 568163 1 7 50 25 2 7 1 14 64 84 3 0 2
254 537648 E 3 0 33 537226 0 66 0 0 110 0 2 0 0 23 0 0 0 46 0 0 139
255 504115 D 6 0 503804 46 0 63 17 1 3 5 0 28 2 1 0 7 1 42 0 86 3
256 471344 L 3 30 6 2 52 2 47 90 0 470880 54 1 85 0 25 5 1 58 0 0 3
257 444855 I 6 12 1 2 116 4 25 443837 0 618 32 45 7 3 0 16 57 64 3 6 1
258 415567 F 7 6 0 5 415274 6 3 21 5 125 0 1 7 1 4 70 4 5 0 22 1
259 395595 L 14 2 2 10 0 9 5 14 3 395167 139 6 74 44 15 5 2 69 0 3 12
260 369579 A 368965 38 1 132 0 52 2 0 0 5 0 0 14 0 0 103 131 133 0 0 3
261 345162 R 0 1 0 0 0 21 1 1 9 75 0 0 9 62 344862 1 1 2 112 0 5
262 321793 S 15 45 0 1 42 25 0 1 1 4 0 0 41 0 2 321517 19 4 0 72 4
263 291086 A 290455 132 3 108 0 43 1 4 1 1 0 1 18 0 5 81 159 71 0 2 1
264 265398 L 8 4 2 8 39 8 20 80 5 265105 0 3 56 32 1 9 2 13 0 1 2
265 233828 I 57 4 1 0 1 7 1 233296 16 211 93 0 10 2 3 6 48 57 0 0 15
266 208254 L 2 0 1 6 72 5 3 10 12 207944 15 1 2 1 8 33 5 122 5 0 7
267 188975 R 2 1 0 1 1 46 1 34 64 5 0 1 1 0 188780 9 11 0 0 0 18
268 168333 G 5 0 0 26 1 167865 5 0 0 0 0 11 42 1 37 193 1 120 26 0 0
269 145166 S 12 8 0 0 0 1 2 1 0 26 0 1 46 1 1 144989 23 5 0 1 49
270 118004 V 16 2 14 0 11 6 2 10 0 7 0 0 2 5 3 11 5 117907 0 0 3
271 94661 A 94491 2 28 0 1 35 0 0 7 2 0 0 5 1 1 47 21 19 0 1 0
272 80530 H 2 0 7 1 0 3 80416 0 0 13 0 25 2 29 10 1 1 0 0 17 3
273 65346 K 0 0 0 9 0 2 0 6 65289 3 0 6 0 0 15 1 2 2 0 1 10
274 48154 S 3 3 0 1 1 0 0 0 0 0 0 2 6 0 1 48106 16 1 0 14 0
275 41780 C 6 41714 0 0 9 1 0 0 0 5 0 1 3 0 11 5 3 4 0 2 16
276 30849 L 0 0 0 0 0 0 1 0 0 30818 16 0 2 6 2 1 0 3 0 0 0
277 25327 P 13 10 4 3 1 2 44 2 3 34 0 0 25106 1 18 58 26 0 0 2 0
278 21798 A 21491 8 67 0 1 50 0 1 0 9 6 3 15 1 4 38 65 30 1 5 3
279 18303 C 3 18127 1 0 7 2 0 0 0 40 0 0 1 0 100 2 1 2 0 5 12
280 23688 V 5 6 0 5 0 0 2 16 0 7 24 0 0 0 0 0 0 23623 0 0 0
281 29709 Y 1 11 0 0 5 0 9 0 1 0 0 1 1 0 0 0 1 3 0 29672 4
282 23967 G 19 0 1 12 0 23886 0 2 1 2 0 0 0 1 17 8 0 4 5 0 9
283 60538 P 380 122 24 9 45 582 59 1 14 134 193 35 57595 76 186 169 548 309 36 19 2
284 81576 A 80829 59 59 0 1 34 0 7 2 38 0 2 46 4 143 78 116 149 0 0 9
285 94616 V 27 31 2 8 21 7 1 22 8 51 0 5 3 2 6 18 2 94385 3 11 3
286 111654 A 111533 0 35 0 0 8 0 2 0 8 0 2 5 2 7 19 13 14 0 6 0
287 127103 S 0 15 0 0 0 12 0 26 0 0 0 20 0 3 72 126921 34 0 0 0 0
288 147312 G 7 32 17 2 0 147181 0 0 0 3 0 0 0 0 11 29 0 29 0 0 1
289 176043 Y 23 29 3 0 20 2 133 6 2 36 1 10 1 0 28 9 1 23 0 175676 40
290 207506 D 1 0 207209 73 1 60 4 0 0 3 1 59 21 2 12 6 2 17 0 35 0
291 234739 F 3 11 0 0 234508 9 1 9 3 120 0 0 3 0 4 37 0 14 1 16 0
292 260877 E 6 25 14 260401 8 91 2 4 80 5 0 1 4 9 35 16 43 78 0 1 54
293 280438 K 1 4 0 32 0 14 31 14 280226 7 0 16 10 8 52 4 10 0 1 1 7
294 307523 E 17 27 145 306173 6 415 17 10 110 136 4 1 3 39 144 75 98 24 0 2 77
295 335330 G 18 0 0 56 0 335041 0 6 0 1 0 0 1 0 73 1 0 81 0 0 52
296 366484 Y 0 76 2 0 25 0 60 0 0 2 0 27 0 0 1 8 7 2 0 366189 85
297 395494 S 5 35 1 0 30 3 1 0 2 0 0 3 71 0 2 395162 59 1 5 112 2
298 431819 L 4 1 1 0 26 4 5 11 2 431649 3 2 2 3 1 82 1 4 0 4 14
299 464861 V 60 2 1 47 8 6 0 2 2 144 43 0 9 0 1 3 9 464518 2 0 4
300 488225 G 21 2 0 104 2 487797 0 1 0 2 0 0 1 0 89 11 2 115 0 0 78
301 509160 I 37 1 3 3 20 20 2 508366 57 105 122 5 2 27 28 101 83 167 0 1 10
302 541177 D 108 1 540251 116 1 106 91 0 1 10 0 115 6 90 27 39 13 53 23 126 0
303 574520 P 47 0 4 1 2 5 124 0 0 55 2 1 574088 5 23 65 85 5 1 1 6
304 599743 F 164 7 3 0 598535 13 6 110 1 428 6 5 11 5 6 142 4 232 2 53 10
305 622189 K 21 11 4 126 1 14 4 61 621412 17 0 71 8 36 289 13 44 17 0 7 33
306 645447 L 42 1 4 19 0 18 7 26 0 644837 119 0 137 83 29 28 18 66 0 2 11
307 676935 L 13 7 3 15 77 27 35 138 2 676318 18 3 133 20 60 12 13 32 2 2 5
308 708438 Q 97 81 9 52 1 30 66 110 207 77 7 0 16 707163 169 32 59 165 10 0 87
309 733597 N 87 18 101 6 11 216 224 80 266 86 33 731562 16 34 255 206 296 79 1 20 0
310 762764 S 251 218 3 3 14 207 1 252 0 2 5 190 11 43 211 761115 129 62 22 0 25
311 786069 Q 13 0 3 49 8 37 46 14 211 59 5 85 15 784190 352 625 121 100 4 1 131
312 816412 V 183 72 6 70 1 15 3 244 1 267 1 4 13 0 8 8 28 815482 2 2 2
313 845326 Y 4 134 9 6 96 25 135 5 1 25 0 49 6 5 30 23 7 26 5 844443 292
314 874205 S 167 176 5 4 1 230 5 243 1 12 3 126 9 2 269 872758 113 70 4 2 5
315 897493 L 12 11 13 14 10 22 22 443 8 896498 4 3 218 76 23 31 8 55 10 5 7
316 921655 I 21 40 4 5 78 13 4 920522 7 387 51 69 8 3 46 23 140 222 1 1 10
317 938106 R 8 4 2 5 0 299 2 208 142 4 2 4 10 1 937236 65 62 10 0 0 42
318 955784 P 109 0 9 15 2 100 62 48 22 299 1 18 954041 305 183 221 193 131 6 10 9
319 973954 N 140 1 145 6 17 367 24 55 504 211 18 970324 64 200 1234 458 33 59 13 60 21
320 989916 E 15 4 300 988751 8 192 5 3 177 14 0 3 7 48 10 12 11 111 2 3 240
321 997060 N 44 42 132 9 11 28 10 71 126 53 1 995880 5 5 120 215 34 197 3 70 4
322 1003286 P 114 35 8 5 9 36 10 14 6 183 2 0 1001859 211 128 129 405 103 5 18 6
323 1009043 A 1006192 19 2 322 11 267 52 179 14 231 10 173 68 128 223 557 306 233 17 32 7
324 1018313 H 10 0 39 0 3 10 1017071 0 1 152 7 272 73 328 173 17 0 5 5 135 12
325 1018701 K 1 0 1 196 1 1 0 4 1017779 4 75 339 0 10 231 21 12 0 0 0 26
326 1018606 S 1 67 0 0 0 206 1 157 0 1 0 138 0 0 119 1017891 23 0 2 0 0
327 1013444 Q 0 0 1 54 4 26 355 0 232 58 0 0 11 1012271 286 4 0 8 0 1 133
328 1003724 L 19 5 2 3 10 39 17 144 7 1002700 309 4 141 86 32 30 12 141 4 8 11
329 1002332 V 140 5 3 84 2 53 5 87 5 207 155 0 5 4 12 8 8 1001518 0 8 23
330 1007299 W 4 275 25 14 8 33 0 8 2 283 17 13 20 0 198 97 11 12 1005920 6 353
331 1000221 M 13 2 1 2 1 26 18 559 102 212 998830 16 22 7 24 6 121 211 5 4 39
332 998779 A 997449 0 9 320 6 113 13 7 7 50 9 9 49 6 19 271 216 198 1 11 16
333 1001998 C 86 1000316 3 3 301 40 10 19 3 23 22 8 22 7 309 235 19 62 52 220 238
334 997818 N 100 20 166 6 18 21 239 43 69 18 21 996697 8 22 5 214 43 15 5 80 8
335 991218 S 41 104 5 12 99 78 7 7 10 23 0 23 104 12 38 990249 98 8 12 282 6
336 986910 A 984231 10 276 19 1 236 2 1 1 891 13 6 41 27 7 359 667 105 1 9 7
337 982904 A 981726 11 4 283 4 93 7 3 14 7 6 5 70 4 10 292 207 125 20 12 1
338 981376 F 80 14 6 0 980686 28 2 57 2 174 21 3 6 2 6 162 18 36 17 56 0
339 984843 E 29 0 519 983499 0 254 3 0 107 5 0 0 4 68 1 0 1 95 5 0 253
340 975414 D 10 1 974538 84 2 171 46 0 7 7 0 154 1 8 8 19 4 94 0 253 7
341 973937 L 5 0 41 0 0 7 0 410 0 973110 0 0 207 57 13 1 8 77 0 1 0
342 973815 R 91 3 17 5 6 241 8 272 211 1 0 10 5 1 972625 179 61 29 4 1 45
343 972422 V 139 1 0 80 1 52 0 279 0 454 0 0 4 4 0 23 0 971385 0 0 0
344 974399 L 1 19 17 3 102 19 0 73 2 973869 1 9 0 3 1 145 0 30 2 1 102
345 981291 S 24 45 6 7 1 255 22 264 1 5 0 111 1 13 349 979978 184 4 6 1 14
346 983680 F 218 122 16 9 982079 21 6 59 1 559 12 0 7 14 16 226 12 211 2 88 2
347 981719 I 16 0 0 0 80 5 2 980730 1 100 105 87 0 0 4 14 129 281 161 3 1
348 975867 R 15 2 0 4 0 238 53 251 139 4 1 2 3 2 974886 85 80 4 1 4 93
349 984344 G 49 3 3 157 0 983575 0 0 0 58 0 0 0 0 165 16 7 138 170 2 1
350 987402 T 412 28 3 1 44 323 61 134 31 143 49 96 29 40 154 431 985328 91 1 1 2
351 989697 K 2 1 0 138 2 0 6 61 989113 6 0 78 3 28 134 1 17 17 3 14 73
352 991437 V 158 0 4 68 0 9 0 124 2 134 1 5 6 3 2 8 6 990886 0 9 12
353 1005057 S 25 32 0 2 149 3 36 3 267 263 1 116 883 0 285 1002710 75 27 0 180 0
354 1004420 P 50 51 0 20 1 10 4 5 12 120 0 1 1003446 179 191 112 172 30 1 6 9
355 1002667 R 0 0 0 0 0 113 0 0 190 5 302 4 0 0 1001761 194 52 0 46 0 0
356 1012215 G 39 7 2 102 3 1011598 0 0 1 5 1 2 0 0 143 1 0 128 174 0 9
357 1002985 K 6 15 1 188 1 2 10 75 1002222 12 0 158 2 8 199 5 21 2 0 2 56
358 1009631 L 5 7 2 0 92 5 30 71 2 1009151 6 1 204 2 14 2 7 27 0 1 2
359 1023576 S 61 91 9 16 98 27 2 111 160 284 0 14 256 240 764 1021001 127 82 0 232 1
360 1040362 T 180 8 1 1 2 5 2 64 0 48 0 268 14 4 2 210 1039506 21 5 1 20
361 1028549 R 2 0 1 1 1 161 3 281 136 11 0 0 3 2 1027707 50 75 1 0 1 113
362 1038821 G 63 0 7 83 0 1038080 2 0 1 1 0 0 1 2 161 0 3 217 0 1 199
363 1045064 V 240 12 2 95 5 16 0 180 0 557 10 0 17 0 7 1 0 1043913 1 0 8
364 1052541 Q 30 3 5 33 1 20 120 42 177 218 263 23 93 1051121 157 70 1 35 0 5 124
365 1059906 I 0 2 1 7 61 21 7 1059129 0 260 21 77 2 0 3 9 154 145 5 1 1
366 1071371 A 1070035 1 227 2 2 233 2 0 0 2 0 0 55 0 1 514 187 107 0 1 2
367 1072538 S 158 71 4 17 3 563 12 5 111 131 19 12 141 3 7 1070713 168 43 4 7 346
368 1064261 N 460 78 164 115 13 286 18 59 70 37 5 1061947 60 77 58 483 208 71 1 47 4
369 1071614 E 41 6 46 1070647 0 196 1 5 182 16 1 1 58 55 12 8 3 80 2 4 250
370 1068677 N 3 32 172 67 14 26 39 169 333 78 7 1066394 42 467 73 260 216 192 5 86 2
371 1072606 M 11 101 13 3 1 21 11 1074 78 303 1070557 1 2 19 27 13 161 186 4 4 16
372 1076885 D 17 11 1075826 121 1 285 34 0 14 23 2 191 10 5 15 32 7 125 3 162 1
373 1079146 A 1077253 57 280 13 162 138 31 3 7 172 1 3 80 15 84 344 276 192 6 26 3
374 1082248 M 12 5 0 5 0 7 1 620 86 174 1080840 7 18 2 20 10 163 262 11 3 2
375 1078136 E 30 13 93 1076996 2 223 16 10 139 16 2 0 14 106 10 32 35 150 2 0 247
376 1077470 S 72 12 0 2 5 144 8 17 6 86 0 4 162 0 8 1076314 82 201 0 29 318
377 1068772 S 142 102 7 1 60 308 327 271 11 304 41 173 7 3 264 1066471 106 153 5 15 1
378 1060794 T 418 10 1 17 1 49 13 114 5 5 19 214 43 5 378 456 1059029 4 2 1 10
379 1061257 L 14 8 4 8 84 20 73 320 0 1059919 20 8 266 6 21 7 2 170 5 4 298
380 1051651 E 15 12 108 1050653 6 214 1 1 176 14 0 0 3 65 21 12 7 103 1 0 239
381 1049634 L 6 4 11 1 3 49 2 0 1 1048927 247 5 196 42 29 1 29 73 2 3 3
382 1046248 R 7 8 6 10 3 269 9 64 135 30 0 6 28 1 1045412 113 42 13 2 6 84
383 1047031 S 138 81 7 3 8 326 7 334 0 21 0 184 2 14 339 1045238 109 210 1 0 9
384 1045021 R 28 71 2 25 10 427 12 7 269 32 207 18 9 9 1043266 421 44 50 99 10 5
385 1041947 Y 25 167 26 1 171 27 232 4 3 81 4 118 3 7 124 33 11 13 5 1040654 238
386 1043518 W 13 170 4 5 35 64 0 13 0 264 6 3 3 4 294 57 10 15 1042167 6 385
387 1039082 A 1037772 1 224 0 1 374 8 8 0 4 0 0 49 2 2 205 223 201 0 8 0
388 1028748 I 3 2 0 3 3 11 0 1027537 315 134 269 3 7 6 34 16 173 214 3 9 6
389 1028744 R 5 0 13 23 15 172 0 272 138 0 2 6 4 1 1027907 77 49 14 0 0 46
390 1023366 T 178 4 4 0 13 5 1 113 4 4 0 131 14 1 10 153 1022709 6 0 2 14
391 1031251 R 12 2 0 14 0 218 0 142 220 54 4 4 1 3 1030401 62 38 11 7 3 55
392 1027849 S 81 64 3 2 9 195 11 203 12 11 3 142 4 2 146 1026907 29 5 3 9 8
393 1032684 G 129 4 0 101 0 1031665 1 0 0 1 0 1 27 3 222 24 4 258 0 0 244
394 1029894 G 67 1 0 118 0 1029106 10 0 1 0 0 0 0 3 210 0 2 189 0 5 182
395 1024231 N 55 60 184 4 2 74 197 79 271 39 2 1022380 17 16 253 341 95 28 1 102 31
396 1020136 T 618 29 2 11 83 182 485 123 132 417 23 302 152 78 2921 315 1013532 329 287 106 9
397 1020729 N 171 15 131 3 149 81 29 73 240 140 50 1017218 22 181 1770 196 102 31 101 16 10
398 1012071 Q 12 73 14 60 11 34 287 9 399 128 0 22 141 1008353 2028 22 42 91 61 193 91
399 1004799 Q 179 98 20 100 186 1508 327 24 1626 156 0 0 595 993684 5825 117 44 60 118 22 110
400 998790 R 22 8 1 5 6 377 32 8 190 9 116 0 28 11 997643 169 24 7 119 1 14
401 1002530 A 994164 84 203 4 7 218 22 20 768 12 7 5 287 222 5118 221 890 276 0 1 1
402 998739 S 257 84 8 36 88 108 59 27 359 20 61 4 525 64 505 996177 165 59 1 130 2
403 993169 A 989606 22 5 271 2 195 234 10 145 15 12 142 98 329 237 404 786 634 10 3 9
404 997314 G 276 238 179 40 5 995967 2 16 2 9 8 0 15 10 78 247 41 170 0 8 3
405 1015646 Q 10 0 0 48 1 1 64 3 206 91 49 32 42 1014760 157 7 2 4 0 0 169
406 1008809 I 2 2 5 1 77 0 0 1007973 13 41 39 79 8 4 2 58 252 252 0 0 1
407 1022747 S 16 97 0 1 0 277 0 263 0 14 1 144 0 0 151 1021728 53 0 0 0 2
408 1026653 V 233 0 0 117 0 31 0 1 0 380 730 0 0 0 3 17 56 1025081 0 0 4
409 1031646 Q 268 238 3 78 4 102 173 270 234 105 118 3 13 1027684 177 201 894 417 172 108 384
410 1033714 P 978 45 1 0 0 45 258 4 1 57 15 0 1031864 14 35 223 126 36 11 1 0
411 1046613 A 1044043 162 8 246 0 67 1 0 0 4 0 0 52 0 3 567 1150 301 2 1 6
412 1057042 F 1 18 0 4 1055880 4 0 141 30 512 186 0 6 0 34 133 2 29 0 55 7
413 1064664 S 23 70 1 0 119 44 8 8 0 15 0 11 154 3 21 1063861 69 8 0 238 11
414 1071480 V 527 199 0 130 7 60 6 93 6 715 298 0 3 16 23 19 93 1069274 4 1 6
415 1084409 Q 435 333 3 80 166 798 94 10 307 614 107 1 99 1075527 1883 1100 599 848 1069 134 202
416 1087743 R 1 28 0 1 4 297 49 206 107 5 0 2 3 2 1086843 59 68 7 4 0 57
417 1098822 N 40 111 276 302 46 488 320 158 182 56 28 1093756 202 104 845 668 340 268 39 591 2
418 1108879 L 10 24 0 1 106 25 87 420 6 1107721 69 0 260 5 17 3 23 91 1 0 10
419 1113406 P 266 13 2 57 2 11 8 26 8 180 5 2 1111788 262 105 139 213 297 0 20 2
420 1114863 F 432 32 4 7 1110253 62 447 82 2 592 64 295 18 20 9 518 38 409 8 1533 38
421 1125477 D 306 658 1119175 289 88 315 324 124 9 180 3 285 3 11 37 1096 11 2194 73 287 9
422 1125352 K 1047 14 10 297 24 678 1 81 1120926 323 11 282 0 69 1047 272 157 38 2 16 57
423 1119030 P 497 100 7 11 3 4260 22 70 169 285 17 12 1108672 643 3319 204 503 211 8 7 10
424 1118295 T 481 184 592 25 25 27 314 248 15 142 26 312 64 54 73 414 1114471 773 23 14 18
425 1119533 I 197 520 5 22 94 11 4 1117302 0 61 97 111 11 0 5 61 484 496 0 41 11
426 1107541 M 109 180 5 9 38 24 17 704 98 330 1104662 28 65 118 96 67 260 710 4 10 7
427 1101384 A 1093765 119 13 317 35 1218 35 325 22 477 1227 226 332 191 255 1029 745 1001 2 35 15
428 1083504 A 1080260 99 16 279 89 231 168 5 5 17 8 16 94 60 97 444 1299 296 4 17 0
429 1067774 F 24 15 14 12 1066074 27 29 67 3 641 27 10 11 4 19 170 10 53 22 517 25
430 1049997 T 390 7 7 12 16 377 68 125 25 106 1 330 250 23 781 999 1046386 60 17 10 7
431 1029475 G 129 156 6 156 73 1026093 98 12 30 200 5 33 44 133 298 101 159 283 357 1105 4
432 1010614 N 609 720 192 13 91 342 213 184 165 341 4 1005895 67 61 370 407 237 325 38 334 6
433 996224 T 378 259 34 80 336 70 30 396 354 505 58 24 98 3 322 201 992945 85 4 38 4
434 974423 E 267 7 288 971908 0 490 25 3 183 84 7 13 34 191 165 190 83 174 16 6 289
435 950505 G 48 1 1 200 2 949600 1 2 4 17 0 1 1 1 200 4 18 236 7 5 156
436 926234 R 6 2 4 5 5 193 1 257 133 9 4 6 7 1 925358 78 56 11 1 0 97
437 895525 T 138 88 10 22 2 28 4 115 190 6 5 123 14 7 39 426 894273 20 1 4 10
438 871531 S 62 1 2 5 9 864 72 2 1 116 1 119 198 9 24 869627 59 34 17 21 288
439 849028 D 4 2 848155 231 0 149 59 0 1 19 1 117 8 0 24 2 2 75 3 176 0
440 823107 M 95 7 27 35 96 78 17 446 64 108 821618 7 27 12 102 62 129 134 20 13 10
441 799288 R 20 4 2 8 2 195 0 5 118 8 267 4 0 1 798330 157 43 7 53 58 6
442 772694 A 768475 123 3 245 2 219 18 76 164 48 5 23 34 13 52 781 1621 773 1 18 0
443 751492 E 19 6 150 750774 0 109 1 0 102 3 0 7 2 52 3 18 3 52 0 0 191
444 727352 I 4 133 4 11 36 35 2 726686 10 37 17 42 3 5 25 17 89 185 3 3 5
445 697959 I 105 12 3 8 3 36 1 697078 61 76 151 2 12 6 26 10 105 262 0 0 2
446 668483 R 177 28 252 1394 7 1036 20 53 196 100 222 71 56 65 664026 532 64 131 41 7 5
447 641893 M 58 44 14 4 85 82 17 507 76 378 639924 25 3 5 98 116 199 208 20 27 3
448 613388 M 9 0 4 18 0 9 1 288 61 139 612548 4 5 0 19 5 101 169 3 0 5
449 580676 E 4 14 56 580073 1 151 4 6 73 15 1 0 4 31 10 9 35 71 0 0 118
450 552262 G 36 168 98 6 16 550975 8 19 8 197 16 43 23 62 137 137 98 212 1 1 1
451 519828 A 515349 18 7 226 100 1586 19 19 56 209 8 173 28 306 275 175 553 663 26 32 0
452 483914 K 39 6 0 89 7 38 29 34 482988 174 8 117 24 8 189 19 97 17 0 16 15
453 450791 P 29 58 41 3 0 811 208 1 8 67 0 0 449075 154 104 89 57 34 52 0 0
454 423570 E 489 74 63 421528 8 341 27 161 106 143 0 0 23 114 15 72 15 211 13 33 134
455 381850 E 108 162 53 379147 35 696 70 25 125 305 94 54 36 215 142 242 78 115 0 29 119
456 345806 M 33 11 0 1 11 197 33 153 38 45 344127 16 13 21 776 89 91 42 58 40 11
457 322611 S 24 345 4 5 29 93 4 16 2 59 0 23 83 53 4 321662 83 64 2 53 3
458 300767 F 0 2 0 1 300351 9 1 46 1 192 2 6 0 1 3 89 1 11 6 42 3
459 281813 Q 60 15 22 40 4 771 162 3 234 63 1 60 27 277326 2856 26 50 54 3 6 30
460 260113 G 95 38 0 74 2 259484 9 0 31 25 55 2 0 14 149 62 9 55 8 0 1
461 243674 R 12 0 0 0 1 38 0 0 0 123 0 1 27 105 243278 4 1 0 82 0 2
462 226633 G 48 8 0 63 4 226278 1 2 0 4 1 1 17 1 68 6 0 42 1 6 82
463 194335 V 38 10 14 1 49 6 0 75 0 42 3 1 0 0 1 16 4 194069 0 6 0
464 543244 F 3 12 20 0 542653 0 1 79 0 261 0 1 0 0 1 103 4 53 0 53 0
465 558753 E 18 0 221 558019 0 94 0 4 105 1 1 0 0 49 16 3 0 31 10 0 181
466 595402 L 139 43 34 38 486 232 468 973 15 590455 87 43 749 160 53 171 120 371 122 633 10
467 637445 S 1 2 15 10 20 28 21 47 29 177 0 16 116 50 97 636356 175 123 30 13 119
468 666743 D 9 2 666045 111 0 187 42 1 2 0 0 108 1 1 0 35 5 39 1 154 0
469 723909 E 65 2 127 722398 4 211 7 16 166 35 2 17 2 194 8 138 52 123 8 60 274
470 766914 R 33 0 0 0 0 108 0 1 110 0 215 0 0 1 766220 156 39 0 31 0 0
471 814696 A 813985 2 0 160 0 55 0 0 0 5 0 0 41 0 0 142 134 172 0 0 0
472 874588 A 873241 25 0 177 8 54 8 0 5 1 1 0 38 1 1 285 484 258 0 1 0
473 912185 N 16 3 120 5 1 13 21 70 196 80 0 910809 43 142 376 147 42 4 33 64 0
474 954465 P 138 5 0 198 0 1 0 0 0 193 0 0 953319 208 144 113 142 4 0 0 0
475 986008 I 10 13 0 0 70 19 4 984957 12 114 48 97 32 2 45 23 140 418 4 0 0
476 991899 V 1341 212 0 68 0 142 2 1 1 362 291 0 10 14 320 6 16 989105 0 8 0
477 1013381 P 31 0 0 0 0 0 128 0 0 87 0 1 1012815 0 24 132 163 0 0 0 0
478 1038399 S 182 111 0 0 112 25 27 1 7 108 0 2 249 72 91 1037005 64 94 78 168 3
479 1056818 F 28 315 2 2 1055384 50 6 140 5 318 1 14 24 3 36 122 15 189 56 107 1
480 1061543 D 30 13 1058463 273 20 223 292 1 11 62 1 231 239 35 550 363 51 375 5 305 0
481 1075887 M 32 9 1 4 2 25 3 672 58 138 1074129 2 2 9 169 8 174 346 77 27 0
482 1070454 S 0 108 1 0 0 160 37 333 5 0 0 273 1 0 161 1069329 45 0 1 0 0
483 1088280 N 9 3 135 0 2 3 7 144 356 45 6 1087409 0 2 0 111 3 0 0 44 1
484 1089047 E 12 0 104 1087849 1 134 3 2 152 1 0 45 55 112 1 17 13 160 2 0 384
485 1087121 G 60 82 3 101 78 1083247 50 0 0 6 3 18 9 21 2217 195 0 558 174 19 280
486 1085655 S 7 38 0 0 98 0 0 0 0 0 0 0 157 0 1 1085176 58 0 0 120 0
487 1083749 Y 0 89 2 1 63 0 179 3 17 0 0 12 0 1 0 5 0 3 0 1083276 98
488 1078064 F 0 8 0 0 1077375 0 0 72 0 438 0 0 2 0 0 114 0 6 0 49 0
489 1079528 F 0 2 0 0 1078731 1 0 40 0 492 0 0 0 0 0 114 0 9 0 137 2
490 1076158 G 62 0 0 74 0 1075168 0 0 0 0 0 0 0 0 315 0 0 262 0 0 277
491 1075763 D 34 0 1074481 225 0 319 78 11 1 6 23 114 0 1 10 2 9 152 11 272 14
492 1073731 N 0 4 144 0 0 2 16 67 118 0 3 1073087 0 5 22 166 52 0 4 41 0
493 1073504 A 1071721 0 1 283 4 84 7 2 1 8 1 0 88 5 21 390 586 299 0 1 2
494 1071820 E 36 31 374 1069992 0 245 7 5 452 2 56 1 40 108 0 3 0 137 1 4 326
495 1068122 E 9 1 384 1066521 6 265 5 4 141 10 7 18 34 53 69 108 0 188 37 20 242
496 1022430 Y 5 260 15 8 165 32 174 10 0 2 23 78 0 1 4 13 1 54 61 1021306 218
497 1056677 D 313 15 1049333 300 152 975 87 135 19 70 332 2051 14 13 159 908 128 945 301 339 88
498 1044877 N 527 178 137 12 93 1892 590 1465 4608 344 356 1019010 43 82 11727 1508 1553 473 44 122 113
