site,abs_diffsel,positive_diffsel,negative_diffsel
23,8.40499928564,0.683639699706,-7.72135958594
21,7.81687597082,0.196991611149,-7.61988435967
50,7.59841387162,0.314749879723,-7.2836639919
89,6.9774967793,0.638801792505,-6.3386949868
202,6.97226935279,1.34228507147,-5.62998428132
83,6.93369242258,0.341950479654,-6.59174194292
51,6.91336063982,0.188490510408,-6.72487012942
10,6.89796753838,0.203472605723,-6.69449493266
466,6.88793425554,0.249087500925,-6.63884675461
181,6.72764821521,1.13864316934,-5.58900504587
49,6.69774403678,0.113137120599,-6.58460691618
77,6.64381869141,0.0791547122671,-6.56466397914
155,6.5039439722,0.592664802113,-5.91127917009
12,6.33530956994,0.746917706497,-5.58839186345
426,6.30599943458,0.931929210808,-5.37407022377
384,5.86190811889,0.343557581966,-5.51835053692
81,5.69667661408,0.139234146846,-5.55744246724
18,5.69059718907,0.102490463587,-5.58810672548
399,5.63188236277,2.14751753645,-3.48436482632
422,5.59473208991,0.808494029493,-4.78623806042
63,5.55873936756,0.173933732412,-5.38480563515
497,5.53235008409,3.77424649144,-1.75810359265
385,5.36041183639,0.592620366363,-4.76779147002
125,5.33013295758,0.87547106986,-4.45466188772
56,5.32357793424,0.325239602767,-4.99833833148
158,5.29224737921,0.127199567003,-5.16504781221
373,5.29090535718,0.916869192414,-4.37403616476
446,5.25155229898,1.93341378118,-3.3181385178
28,5.25065777477,0.826556736168,-4.4241010386
338,5.25064660746,0.564125904104,-4.68652070336
418,5.22741951119,1.93325915894,-3.29416035225
427,5.21147586664,2.34154747228,-2.86992839435
52,5.20341622245,0.592711071255,-4.61070515119
41,5.20262957372,0.935086590351,-4.26754298337
311,5.16953565837,1.27991045956,-3.8896251988
217,5.16421901996,1.7176306828,-3.44658833716
61,5.13019781044,0.288497932739,-4.8416998777
189,5.10131830367,0.342361455338,-4.75895684833
417,5.097722901,3.28985679563,-1.80786610537
421,5.08685748623,2.9806093433,-2.10624814293
39,5.07694073125,0.831540274796,-4.24540045645
440,5.07426505707,0.208389808356,-4.86587524872
178,5.07118787246,0.530264432494,-4.54092343997
59,5.04049319539,0.493074696352,-4.54741849903
319,5.02526367172,1.35204176084,-3.67322191088
186,4.99941793628,0.0685629780223,-4.93085495825
250,4.99933890413,0.6530616493,-4.34627725483
438,4.99281686089,2.42951415045,-2.56330271044
233,4.98387351045,1.26034499756,-3.72352851289
409,4.98200521341,1.35382036211,-3.6281848513
129,4.97812363754,0.141041902918,-4.83708173462
480,4.96378421746,0.457281978703,-4.50650223876
310,4.88706416566,1.03662078195,-3.85044338371
424,4.87147848775,1.44189354846,-3.42958493929
375,4.86190575732,0.717939058239,-4.14396669909
191,4.83997272454,0.594250574784,-4.24572214975
318,4.83517299957,1.54055222623,-3.29462077334
86,4.8128124108,0.630443970604,-4.18236844019
24,4.80397447516,1.00040345341,-3.80357102174
101,4.79183884545,0.925305375487,-3.86653346997
82,4.7720643004,0.312614390197,-4.45944991021
485,4.7483864804,3.11696023607,-1.63142624433
14,4.726327613,0.442254026177,-4.28407358683
44,4.71377370519,1.33750817793,-3.37626552727
76,4.68003837794,0.028208350873,-4.65183002707
127,4.67762748004,1.69938910868,-2.97823837136
415,4.65090921397,1.08227020098,-3.56863901299
157,4.6357785461,0.491856710999,-4.1439218351
173,4.61120897368,0.12941201031,-4.48179696337
322,4.60665191159,0.499858937256,-4.10679297433
403,4.602800123,0.757482114399,-3.8453180086
114,4.60081355744,1.06462111439,-3.53619244305
74,4.57438523517,0.676353899273,-3.89803133589
62,4.57336566106,0.482413376225,-4.09095228484
105,4.5717939492,1.2721179334,-3.2996760158
467,4.56932942657,1.15858890635,-3.41074052022
122,4.55918469321,1.91658297847,-2.64260171474
479,4.55863685927,1.18079515446,-3.37784170481
478,4.55068936474,2.53589465562,-2.01479470912
85,4.51771059002,0.301145220751,-4.21656536927
161,4.51250150292,1.04985675905,-3.46264474388
211,4.48672866693,1.34852869019,-3.13819997674
25,4.47293222301,0.107952046907,-4.36498017611
237,4.46959228574,0.403170804906,-4.06642148084
315,4.46053678762,0.0644637827482,-4.39607300487
80,4.44530846551,0.676911444479,-3.76839702103
432,4.44499758483,1.29211670289,-3.15288088194
368,4.4392936877,0.800119669963,-3.63917401774
495,4.41193645963,0.361955126159,-4.04998133347
309,4.40304805419,0.352872962143,-4.05017509204
121,4.40258379941,0.540193942771,-3.86238985664
84,4.38587227529,1.53644742995,-2.84942484534
205,4.36196202217,0.676258563544,-3.68570345863
302,4.35598291331,0.879677818729,-3.47630509458
453,4.35339932765,3.41143789165,-0.941961436
55,4.32363978951,0.526451066843,-3.79718872267
434,4.31401113104,1.42258226072,-2.89142887032
395,4.30683972004,0.568114388464,-3.73872533158
22,4.30217236632,0.212141590192,-4.09003077613
396,4.30069504746,1.47444069172,-2.82625435573
447,4.29745714229,2.04319295667,-2.25426418562
201,4.27580041388,1.12091919951,-3.15488121438
15,4.25749060536,0.619359745579,-3.63813085978
452,4.25144638973,0.989621842664,-3.26182454706
214,4.23727707168,0.249673918226,-3.98760315346
420,4.21205035826,2.04390382287,-2.16814653539
243,4.20850529523,0.240689909739,-3.9678153855
469,4.18685312007,1.63118201666,-2.55567110341
371,4.154068132,0.340465010318,-3.81360312169
372,4.15180023642,0.859552417263,-3.29224781916
68,4.14174090715,0.46424076003,-3.67750014712
423,4.13957526144,0.840735939225,-3.29883932222
3,4.13747200637,2.01372367652,-2.12374832985
484,4.13653865635,3.03698695113,-1.09955170521
57,4.13254929774,0.338889585942,-3.7936597118
163,4.1281715246,0.599551813625,-3.52861971097
454,4.12106847778,3.61403541747,-0.507033060311
333,4.10597449295,0.259651696582,-3.84632279637
123,4.09845760413,0.229793481239,-3.86866412289
60,4.096101013,0.00257728552503,-4.09352372747
162,4.08790712299,0.0685470992674,-4.01936002372
428,4.07106652308,1.19941094118,-2.8716555819
99,4.06155692357,0.901146562094,-3.16041036147
90,4.06008305957,0.340010019031,-3.72007304054
473,4.03287446423,0.850502589381,-3.18237187484
193,4.01860716831,1.04016717354,-2.97843999477
160,4.01568147158,0.281027247889,-3.7346542237
231,4.00774223199,1.53191612539,-2.4758261066
112,4.00583632134,0.213182147825,-3.79265417351
183,4.00531225348,1.56075333838,-2.4445589151
34,3.9930407003,1.57816179767,-2.41487890263
131,3.99275846902,0.174586828964,-3.81817164006
398,3.99224547189,1.56114280329,-2.43110266861
124,3.98951171765,0.374123860724,-3.61538785692
451,3.9847794079,1.46550508072,-2.51927432718
481,3.9727218422,3.29232961616,-0.680392226037
54,3.97002454366,0.704540776548,-3.26548376711
342,3.94748082026,0.790499114733,-3.15698170553
64,3.94476176186,0.062391770735,-3.88236999113
431,3.9299792802,1.5205391369,-2.40944014329
117,3.92923813991,0.616173288961,-3.31306485095
283,3.92278690169,2.28047583818,-1.64231106351
308,3.92094514553,1.42306944077,-2.49787570476
346,3.91883592362,0.319019755144,-3.59981616847
402,3.91670483167,1.41669846503,-2.50000636664
9,3.89585301734,0.980022061189,-2.91583095615
169,3.88624240316,0.389652667308,-3.49658973585
367,3.8780343909,0.956139988749,-2.92189440215
194,3.87525303166,1.43736955328,-2.43788347839
136,3.87209057516,0.801396435336,-3.07069413983
48,3.85646033686,0.210015566921,-3.64644476994
313,3.85092817108,0.0463867260335,-3.80454144504
442,3.83581890849,1.47045898766,-2.36535992083
98,3.83380794049,0.874780579531,-2.95902736096
301,3.81168851045,0.280551496408,-3.53113701404
109,3.79666068817,0.517007816152,-3.27965287202
401,3.79543423319,1.18555856682,-2.60987566637
433,3.79485525776,2.90629579424,-0.888559463518
248,3.77877386303,0.809677424276,-2.96909643876
334,3.77490765215,1.64015533763,-2.13475231452
78,3.76060246807,1.61000793657,-2.1505945315
364,3.74331178111,1.12944569987,-2.61386608123
455,3.73326081086,3.22999467646,-0.503266134399
444,3.73034565426,0.339947195058,-3.3903984592
100,3.72909662469,1.66868109354,-2.06041553115
119,3.71002178078,1.90463598892,-1.80538579186
494,3.70107638007,0.703542516892,-2.99753386318
164,3.67565032156,0.935816123923,-2.73983419764
108,3.67340945049,1.64590122021,-2.02750823028
126,3.66958234972,1.13010693656,-2.53947541316
459,3.66079923724,0.510480346628,-3.15031889061
377,3.65059580143,0.930850096791,-2.71974570464
397,3.64280932826,0.717954757895,-2.92485457037
445,3.64267688952,0.222998779187,-3.41967811033
370,3.64229221681,0.551740869052,-3.09055134776
153,3.63106374918,0.410647387313,-3.22041636187
359,3.63084093025,1.26520713277,-2.36563379748
222,3.62842193734,2.50582569977,-1.12259623757
316,3.61778381191,0.155140508872,-3.46264330304
238,3.61232838021,0.0766023994105,-3.5357259808
491,3.56132535717,0.022423804651,-3.53890155252
79,3.55833759346,0.378156619347,-3.18018097412
498,3.55807806475,1.01846709918,-2.53961096556
65,3.52744582941,0.334476770965,-3.19296905844
88,3.52003340504,0.880131925492,-2.63990147954
45,3.50048967222,1.10186582988,-2.39862384234
256,3.47116277001,0.424628848185,-3.04653392182
496,3.47001711894,0.758552207369,-2.71146491157
219,3.45001169327,1.59519989671,-1.85481179656
71,3.44881027064,0.648112928846,-2.80069734179
168,3.44658212624,0.652186294514,-2.79439583172
406,3.43676799067,0.838784468055,-2.59798352262
46,3.42800719536,0.23828463796,-3.1897225574
307,3.42027401693,0.794620424241,-2.62565359269
429,3.41719632708,0.605725451875,-2.81147087521
331,3.40925416827,0.548360733544,-2.86089343472
345,3.40781772506,0.74458014355,-2.66323758151
323,3.4045942977,1.16526527839,-2.23932901931
73,3.39279457523,1.48920949183,-1.9035850834
130,3.39240869011,0.870624532064,-2.52178415805
353,3.38281802904,1.46086540532,-1.92195262373
456,3.37754342237,1.76860225473,-1.60894116764
410,3.37065302945,1.30860304873,-2.06204998073
492,3.36883996456,1.44015218881,-1.92868777575
70,3.34432131189,0.333390543003,-3.01093076888
460,3.33803159382,2.06868602404,-1.26934556978
240,3.3352029728,0.562792850517,-2.77241012228
378,3.32813073512,0.370886291816,-2.95724444331
53,3.31844889266,0.258642630117,-3.05980626254
184,3.31744193875,0.548005183802,-2.76943675495
321,3.31710723783,0.780418676484,-2.53668856134
430,3.30768009327,0.801250112622,-2.50642998065
5,3.29669698456,0.0,-3.29669698456
380,3.29442592638,0.649353754528,-2.64507217185
425,3.27455615587,0.542504895834,-2.73205126003
437,3.26910148737,1.0996903437,-2.16941114368
232,3.26578510894,1.31973607043,-1.94604903851
11,3.2241616586,0.433671519147,-2.79049013945
196,3.204711297,0.217617148827,-2.98709414817
206,3.19311806461,0.456960379879,-2.73615768474
36,3.18455213642,0.853299638598,-2.33125249782
182,3.16369611269,1.18127229473,-1.98242381796
42,3.16203790719,0.732021721028,-2.43001618616
156,3.13900191468,0.32218004004,-2.81682187464
128,3.13415769862,0.90554525733,-2.22861244129
419,3.11970629948,0.149768407447,-2.96993789203
13,3.11777555987,0.304341335962,-2.81343422391
17,3.10844773116,1.01092868724,-2.09751904392
292,3.09900210682,1.05361806281,-2.04538404401
111,3.0934559059,0.741195820942,-2.35226008495
404,3.08903247433,0.867985235137,-2.2210472392
103,3.08540944443,1.76552291109,-1.31988653333
154,3.02652806242,0.776892808868,-2.24963525355
289,3.02203589375,0.847237885289,-2.17479800846
335,3.01880247283,0.308445710021,-2.71035676281
200,3.01598257931,0.0983896520063,-2.9175929273
369,3.01570538927,0.217613087385,-2.79809230189
350,3.00935392609,0.231915593614,-2.77743833248
259,2.99270163011,0.458699848196,-2.53400178191
27,2.98150298407,0.532808651465,-2.44869433261
242,2.97939358655,0.190040905743,-2.7893526808
412,2.9668495573,0.464095373378,-2.50275418392
457,2.93855946922,1.10065743734,-1.83790203188
116,2.92743774445,0.577398051129,-2.35003969332
414,2.92639633429,0.486727226829,-2.43966910746
185,2.9244949586,0.0713922378018,-2.8531027208
104,2.90671309075,0.614625489357,-2.2920876014
328,2.90066276307,0.294261231537,-2.60640153153
347,2.90034731918,0.0,-2.90034731918
47,2.89275745186,0.700668592969,-2.19208885889
58,2.88265706136,0.141766845353,-2.74089021601
475,2.88022030218,0.139797529583,-2.7404227726
192,2.87560935848,0.620024860104,-2.25558449837
69,2.8739829904,0.423033450861,-2.45094953954
190,2.87354445509,0.0,-2.87354445509
266,2.86608336793,1.13030416617,-1.73577920175
247,2.84622399743,0.666137190963,-2.18008680647
257,2.8246630228,0.925244553412,-1.89941846939
354,2.82174490826,0.0617063996188,-2.76003850864
483,2.81405229403,1.13130836015,-1.68274393388
376,2.81351736995,1.24517890903,-1.56833846092
106,2.80864672462,0.202996206932,-2.60565051769
30,2.80625356221,0.0669047381781,-2.73934882403
215,2.80421130644,0.532128896958,-2.27208240949
245,2.79557484568,1.11027656487,-1.68529828081
144,2.79107318086,0.435530667438,-2.35554251342
31,2.78788537655,0.684266320477,-2.10361905607
305,2.78310400918,0.137208564975,-2.64589544421
450,2.77148883663,0.943617500723,-1.8278713359
212,2.77075127106,0.114408163389,-2.65634310767
388,2.76693361541,0.162724876047,-2.60420873937
107,2.71895754659,1.28932639754,-1.42963114905
91,2.71092289789,0.386000366443,-2.32492253144
29,2.70927242634,0.396223892323,-2.31304853402
332,2.70706006536,0.286602600442,-2.42045746491
464,2.66807722436,0.144031884118,-2.52404534025
26,2.66186078916,0.222855853164,-2.43900493599
293,2.65636344408,1.29031402376,-1.36604942031
234,2.64888697561,0.463068045991,-2.18581892961
304,2.63691793572,1.32822815683,-1.30868977888
118,2.61984656318,0.0654163639863,-2.55443019919
239,2.61680021019,0.202033356404,-2.41476685378
330,2.61246742275,0.213798334063,-2.39866908869
463,2.60149643684,0.500943716666,-2.10055272017
16,2.5995580812,0.569945526106,-2.02961255509
400,2.58910240981,0.728793176434,-1.86030923338
341,2.58522062146,0.546414932846,-2.03880568861
43,2.56725735136,0.15551438024,-2.41174297112
225,2.56407855485,1.28911888376,-1.27495967109
87,2.55833967957,1.06253655949,-1.49580312007
159,2.55815636128,0.69899806642,-1.85915829486
35,2.55737063174,0.598544929928,-1.95882570181
449,2.54751703895,0.398812968016,-2.14870407093
134,2.52969623112,0.148726254713,-2.38096997641
306,2.5178604094,0.38390752834,-2.13395288106
92,2.50958799195,1.09558118233,-1.41400680962
213,2.50497817492,0.0470818542686,-2.45789632065
142,2.50417649899,0.880573798126,-1.62360270086
336,2.50410319879,0.2898200596,-2.21428313919
135,2.5018895545,0.0,-2.5018895545
172,2.48972960432,0.232438848012,-2.2572907563
253,2.48742180629,0.599544733645,-1.88787707265
294,2.45867385454,0.856922723758,-1.60175113078
264,2.45226817161,0.390162846609,-2.062105325
360,2.44653568149,0.979698919413,-1.46683676208
138,2.44410589102,0.127959608344,-2.31614628267
474,2.43670891255,0.0608854681221,-2.37582344443
166,2.43413233936,0.0768067312067,-2.35732560815
351,2.4236611826,0.248994027555,-2.17466715504
113,2.40682131254,0.901103555594,-1.50571775695
337,2.39940344394,0.423087180461,-1.97631626348
268,2.39466226787,1.3458356138,-1.04882665407
379,2.39127191819,1.0673128317,-1.32395908649
382,2.38375084841,0.297994523481,-2.08575632493
102,2.38143369807,0.37965025963,-2.00178343844
228,2.3813061978,1.20004108858,-1.18126510921
66,2.37781224444,0.465074075861,-1.91273816858
246,2.37720729356,0.136616683726,-2.24059060984
235,2.3751041844,0.752610558198,-1.62249362621
392,2.37051785598,0.571800925806,-1.79871693018
303,2.35637248496,0.224364072051,-2.13200841291
340,2.34814114653,0.555796623991,-1.79234452254
176,2.3419425352,0.745077272095,-1.5968652631
236,2.33417339828,0.824381731584,-1.50979166669
96,2.33195284788,0.854403465577,-1.4775493823
19,2.32957753754,0.295555023719,-2.03402251382
167,2.31470951007,0.145978385348,-2.16873112473
97,2.30471972066,0.798064517084,-1.50665520358
40,2.30057729359,0.178164870185,-2.1224124234
391,2.2919017126,0.50939338542,-1.78250832718
317,2.28191939402,0.387938891418,-1.8939805026
4,2.28028112474,0.744633713869,-1.53564741087
115,2.2785465843,0.358486832225,-1.92005975208
476,2.27702768769,1.11287624565,-1.16415144204
95,2.27676006678,0.277487317167,-1.99927274961
381,2.26355790832,0.191300575605,-2.07225733272
312,2.26304899893,0.330830440661,-1.93221855827
33,2.25476951717,0.365794527926,-1.88897498924
329,2.25179539437,0.139648266188,-2.11214712818
67,2.24944578332,0.584724601398,-1.66472118192
411,2.23957170075,0.559475021946,-1.6800966788
390,2.22984293729,0.934052225253,-1.29579071203
140,2.22334070849,0.987899298809,-1.23544140968
174,2.21912253739,0.63870817913,-1.58041435826
133,2.20902258824,0.0635902735492,-2.14543231469
244,2.20794875122,0.48900445811,-1.71894429311
314,2.20107349084,0.360728109876,-1.84034538097
348,2.19053899953,0.337497663361,-1.85304133617
197,2.16149487045,1.07294321316,-1.08855165729
195,2.16138605645,0.311883928011,-1.84950212844
146,2.14231034695,0.512389566738,-1.62992078021
165,2.14058986655,0.444535500653,-1.69605436589
198,2.13958901534,0.500604423356,-1.63898459199
383,2.13535203989,0.820536623766,-1.31481541613
265,2.12604342712,0.441100801192,-1.68494262592
216,2.12514068104,0.0808628663797,-2.04427781466
38,2.11491507536,0.597885664346,-1.51702941101
439,2.09761355911,0.419115968607,-1.67849759051
210,2.09385539895,0.039161133552,-2.0546942654
187,2.08752280111,0.133447887065,-1.95407491404
75,2.08155691445,0.409995566751,-1.6715613477
285,2.072276228,0.240885477768,-1.83139075023
393,2.06241390622,0.44020947419,-1.62220443203
374,2.05588451045,0.554700920103,-1.50118359035
448,2.0497767178,0.660488814079,-1.38928790372
241,2.04317500351,0.555768605955,-1.48740639756
220,2.0281659769,0.929418676776,-1.09874730012
218,2.02538057507,0.943177395511,-1.08220317956
405,2.02118528569,0.254390441755,-1.76679484393
298,2.01010850604,0.498802270552,-1.51130623549
443,1.99407918383,0.646291827053,-1.34778735678
278,1.98706485622,0.561605240854,-1.42545961537
149,1.98123866167,1.06095159915,-0.920287062522
290,1.98025045529,0.370887751446,-1.60936270384
413,1.98009968099,0.132607485851,-1.84749219514
349,1.97930167701,0.687871824952,-1.29142985206
493,1.97889152027,0.228684985697,-1.75020653457
344,1.97247600848,0.640549565128,-1.33192644336
230,1.97156307324,0.867116374559,-1.10444669868
472,1.97076686093,0.543068925735,-1.4276979352
171,1.95986565106,0.238684660628,-1.72118099043
199,1.95436361166,0.40008055248,-1.55428305918
132,1.94248910352,0.767797846526,-1.17469125699
204,1.92841683531,0.918897940969,-1.00951889435
386,1.92775080845,0.551559583777,-1.37619122467
152,1.92687071073,0.231759227169,-1.69511148356
458,1.91456612169,0.399810664964,-1.51475545672
277,1.89228808134,0.46159120254,-1.4306968788
147,1.8794377897,0.579033548508,-1.3004042412
170,1.87613246636,0.2816572162,-1.59447525016
249,1.86433429624,0.368349180846,-1.49598511539
72,1.85218337026,0.592392153062,-1.2597912172
407,1.84899290794,0.666474689514,-1.18251821843
286,1.84119433965,0.72562285626,-1.11557148339
408,1.822055513,1.10010645783,-0.721949055169
145,1.80703980007,0.586918573261,-1.22012122681
209,1.79278876802,0.095508777004,-1.69727999101
279,1.77527307674,0.916912488764,-0.85836058798
352,1.77445843668,0.434872209579,-1.3395862271
487,1.76162201234,0.413079630336,-1.34854238201
229,1.75306770917,0.55996960883,-1.19309810034
120,1.74509421607,0.363623312472,-1.38147090359
263,1.74426287342,0.577690793585,-1.16657207984
180,1.74305621182,0.621009844418,-1.12204636741
339,1.73720148452,0.0992943180935,-1.63790716642
143,1.73680493513,0.289479754615,-1.44732518052
299,1.73324048148,0.369278468305,-1.36396201318
226,1.73121177593,0.454005826613,-1.27720594932
37,1.72563328084,0.21342475705,-1.51220852379
468,1.71476138684,0.205897374458,-1.50886401238
363,1.70639167056,0.79317305687,-0.91321861369
462,1.70413228045,0.617699385783,-1.08643289467
416,1.7037355756,0.612903374358,-1.09083220125
141,1.69420740973,0.435426772653,-1.25878063708
465,1.69098888265,0.581630991667,-1.10935789098
389,1.67458037675,0.327198566755,-1.34738181
470,1.667724147,0.230660109984,-1.43706403701
436,1.66016092452,0.298842210207,-1.36131871432
270,1.63201501413,0.255427858513,-1.37658715562
207,1.61118214277,0.627144420814,-0.984037721955
110,1.60463052398,0.84465238188,-0.759978142098
365,1.59107391829,0.0653501561478,-1.52572376215
356,1.5809948125,0.204827179154,-1.37616763334
361,1.56951697242,0.38113798852,-1.1883789839
94,1.55031133142,0.42063729356,-1.12967403786
224,1.54339313907,0.486394841174,-1.0569982979
320,1.52399613445,0.476224770336,-1.04777136411
223,1.52395044044,0.410094681488,-1.11385575895
151,1.51654475696,0.310291921356,-1.2062528356
148,1.51457409455,0.0767525525702,-1.43782154198
366,1.49763294443,0.173020741765,-1.32461220267
188,1.49586322717,0.372689870776,-1.1231733564
150,1.49482753356,0.308645059618,-1.18618247394
20,1.48227006863,0.232537306315,-1.24973276232
262,1.47555913754,0.0635557191183,-1.41200341842
208,1.45736930604,0.225607618638,-1.23176168741
258,1.45508726858,0.116446070058,-1.33864119853
179,1.45226413761,0.61049368466,-0.84177045295
251,1.43709546586,0.610333614959,-0.8267618509
137,1.43646586734,0.105249473619,-1.33121639372
32,1.43274749261,0.522074952318,-0.910672540291
284,1.42813963785,0.702391976632,-0.725747661218
93,1.41883750902,0.397786366071,-1.02105114295
282,1.41642915728,0.167657581262,-1.24877157601
324,1.40694619161,0.396340190017,-1.01060600159
267,1.393201258,0.877778027144,-0.515423230856
203,1.37862610292,0.386393383654,-0.992232719266
271,1.37397262581,0.620654764856,-0.753317860959
291,1.35221567078,0.266637156719,-1.08557851407
343,1.35121989322,0.549303738334,-0.801916154882
175,1.34674337471,0.690123910727,-0.656619463984
260,1.34415629172,0.373174118999,-0.970982172724
357,1.32190380595,0.388382580643,-0.933521225308
255,1.31983505052,0.848758602883,-0.471076447633
387,1.31284092444,0.80480827862,-0.508032645815
177,1.29969242191,0.238711146592,-1.06098127532
441,1.28531554375,0.276928143511,-1.00838740024
296,1.28358727975,0.241610261317,-1.04197701844
355,1.28178106664,0.555002178539,-0.726778888105
471,1.27590015529,0.147352704665,-1.12854745062
139,1.24002733226,0.164789996485,-1.07523733578
326,1.22548140134,0.0950987383722,-1.13038266297
287,1.1876429757,0.825510723287,-0.362132252417
272,1.17890364305,0.625764603762,-0.553139039288
269,1.17519311664,0.555940906959,-0.619252209681
358,1.15537887729,0.54028951889,-0.615089358397
394,1.14834345002,0.212806824655,-0.935536625362
435,1.11406830474,0.219466447541,-0.8946018572
327,1.10875819151,0.18413322263,-0.924624968877
275,1.10669983975,0.067432815096,-1.03926702466
297,1.1051332505,0.403361524421,-0.701771726082
300,1.08820647864,0.479905149103,-0.608301329539
482,1.0723458238,0.0764980597164,-0.995847764083
461,1.05371294647,0.35751237564,-0.696200570832
227,1.00549397694,0.43377113364,-0.571722843297
6,0.978069599644,0.554104504486,-0.423965095158
490,0.969261079552,0.700459630463,-0.268801449089
477,0.942759964292,0.303289155943,-0.639470808349
489,0.882966478693,0.600172011287,-0.282794467406
280,0.872756371908,0.381701089825,-0.491055282083
221,0.864274707906,0.41870458811,-0.445570119795
252,0.862098830861,0.0467879250575,-0.815310905804
362,0.824939244405,0.378911280642,-0.446027963764
1,0.819900007961,0.281407670673,-0.538492337289
254,0.814891350534,0.487761517827,-0.327129832707
486,0.796502461454,0.500989770311,-0.295512691143
325,0.781898101051,0.24232183848,-0.539576262571
273,0.766348681761,0.192970267972,-0.573378413789
488,0.701144591246,0.0,-0.701144591246
281,0.684640992635,0.216992271818,-0.467648720817
261,0.684248405698,0.389506336422,-0.294742069276
295,0.651794980459,0.426837183628,-0.224957796832
288,0.627211404167,0.134545797545,-0.492665606622
274,0.624889681708,0.357158837429,-0.267730844279
7,0.624014704793,0.356796721763,-0.26721798303
8,0.460923828179,0.194927073683,-0.265996754495
2,0.366096040205,0.184339439951,-0.181756600254
276,0.23546207463,0.23546207463,0.0
