# nucleotide counts
# upper case indicates nucleotide called by both reads
# lower case indicates nucleotide called by one read with other ambiguous
# N indicates disagreement between reads, or both ambiguous
# POSITION WT COUNTS A T C G a t c g N
1 A 1235353 1227414 84 3 375 7003 27 2 4 441
2 T 1236803 125 1228272 229 3 2 7723 5 1 443
3 G 1237968 308 413 58 1228770 4 12 4 8042 357
4 G 1238494 1362 1422 2618 1224780 7 19 34 7921 331
5 C 1239938 1846 1786 1225238 1919 15 26 8724 15 369
6 G 1241749 1598 1323 2764 1225923 19 12 33 9658 419
7 T 1243302 1318 1228263 1910 760 17 10321 19 11 683
8 C 1244898 1501 841 1229654 1194 16 13 11367 14 298
9 C 1246543 1439 873 1230264 1029 21 13 12129 8 767
10 C 1248189 2901 2636 1227445 2098 32 41 12644 28 364
11 A 1250163 1228055 2031 3605 2278 13549 35 50 30 530
12 A 1252127 1228843 2037 3629 2499 14600 39 48 27 405
13 G 1253180 1250 1389 2216 1232789 26 27 40 14802 641
14 G 1254860 1239 1273 2202 1234119 26 27 34 15565 375
15 C 1257091 1549 1194 1236860 590 24 44 16498 23 309
16 A 1258649 1235161 1462 1849 1574 17264 32 53 31 1223
17 C 1260253 1870 1440 1237651 1076 48 34 17842 22 270
18 C 1263026 1948 1567 1238035 1430 41 35 19349 26 595
19 A 1265447 1238105 1411 2523 1739 21253 38 69 32 277
20 A 1267592 1239292 1369 2899 1564 21872 34 61 37 464
21 A 1269254 1241061 1603 2551 1678 21582 42 70 30 637
22 C 1271213 1748 1497 1244405 1022 44 37 22159 22 279
23 G 1273190 1754 1557 2043 1245103 44 53 44 22269 323
24 G 1275890 1553 1329 1650 1248045 37 30 22 22927 297
25 T 1278274 1276 1246545 2031 1540 35 24638 58 49 2102
26 C 1280749 1819 1355 1249335 1182 30 38 26375 36 579
27 T 1283271 1613 1249464 1939 1189 49 28615 68 29 305
28 T 1285826 1650 1247285 2396 1543 45 32260 76 34 537
29 A 1289181 1247269 1412 2280 1630 35981 66 63 47 433
30 T 1292506 1778 1247758 2353 1414 65 38716 95 40 287
31 G 1294145 1045 1332 1364 1247895 47 68 61 42012 321
32 A 1297203 1247355 1050 1465 1142 45754 52 59 46 280
33 A 1300216 1248189 1073 1007 1173 48256 49 55 46 368
34 C 1303794 2231 1480 1246604 1463 90 64 51525 58 279
35 A 1307539 1244405 1655 2716 1576 56337 78 158 81 533
36 G 1308860 1563 1972 2191 1242493 86 119 131 59933 372
37 A 1311917 1240070 1158 2470 2057 65130 90 127 129 686
38 T 1314883 1900 1237677 2274 1691 117 70703 154 101 266
39 G 1317586 1952 1592 2132 1234284 156 133 142 76885 310
40 G 1319296 1035 1445 2293 1231825 126 120 168 81935 349
41 A 1321466 1224264 1152 2451 1370 91270 113 214 121 511
42 A 1323610 1221121 1112 2250 1486 96863 104 203 124 347
43 A 1325055 1222849 670 1195 1119 98457 76 148 103 438
44 C 1327086 1160 585 1222255 766 130 87 101835 68 200
45 T 1330583 769 1216479 1413 901 92 110424 147 118 240
46 G 1330542 1006 922 1014 1212137 132 163 93 114853 222
47 A 1331023 1209773 742 979 1048 117783 103 105 147 343
48 T 1332787 747 1207841 1204 885 111 121471 131 125 272
49 G 1332958 1517 1438 1886 1197190 247 247 232 129703 498
50 G 1331699 1746 1277 1635 1191609 260 210 272 134374 316
51 G 1329552 1838 1194 2062 1185088 275 239 300 138058 498
52 G 1327454 1611 1358 2848 1177644 305 171 323 142743 451
53 A 1326388 1173405 977 2719 1462 146691 143 312 242 437
54 A 1322914 1169223 1136 2897 1369 147029 141 368 208 543
55 C 1320575 1143 1507 1160396 1247 231 253 155243 220 335
56 G 1315055 1950 1227 1732 1151623 311 185 333 157295 399
57 C 1313025 1159 814 1146879 1402 240 158 161548 275 550
58 C 1318044 1397 1275 1138587 1619 325 231 173790 281 539
59 A 1319730 1130763 1384 1640 2422 181971 277 307 430 536
60 G 1313659 1443 1297 1810 1125881 365 298 269 182014 282
61 A 1311109 1117198 1133 1846 1380 187931 274 300 322 725
62 A 1309764 1104703 1242 1775 1237 199395 294 360 259 499
63 T 1310400 1689 1094761 1998 947 372 209082 409 324 818
64 G 1304187 1818 1562 2473 1079947 459 370 575 216745 238
65 C 1300861 2076 1518 1066137 1748 522 391 227588 461 420
66 A 1299485 1048994 1609 2275 1500 243137 430 583 395 562
67 A 1294775 1037145 1460 2330 1624 250346 397 598 430 445
68 C 1292933 1817 1299 1028953 1612 616 403 257438 469 326
69 T 1291594 1893 1027283 2475 1419 557 256567 671 379 350
70 G 1283424 1452 1556 1364 1015562 432 525 443 261811 279
71 A 1278462 1004450 1187 1343 1417 268450 433 450 453 279
72 G 1273104 1467 1361 1075 994699 541 458 337 272939 227
73 A 1266515 973738 1068 1702 972 287345 399 595 351 345
74 T 1260326 1428 956264 1790 755 476 298377 661 297 278
75 C 1255407 1383 874 937687 970 855 400 312085 401 752
76 A 1251879 922023 908 1344 1247 324722 452 514 464 205
77 G 1238814 656 864 1384 909323 366 396 529 325042 254
78 A 1230110 889842 481 1474 971 335623 253 571 499 396
79 G 1217106 978 757 1166 872142 452 368 487 340462 294
80 C 1206583 1072 1092 865873 925 550 474 335925 391 281
81 A 1197030 846106 835 1016 1102 346404 409 429 462 267
82 T 1187541 758 832137 1185 803 369 351100 532 361 296
83 C 1178559 900 639 823604 751 501 401 351226 336 201
84 C 1182859 901 726 815819 814 841 320 362747 468 223
85 G 1171235 678 713 1122 808029 575 545 456 358876 241
86 T 1157480 854 793020 977 600 457 360011 514 475 572
87 C 1149443 795 680 783699 680 533 521 361714 505 316
88 G 1126777 649 744 1262 777198 411 498 670 345065 280
89 G 1108731 773 829 1015 762772 398 452 443 341756 293
90 G 470508 405 356 483 366832 139 167 158 101850 118
91 A 464241 366006 303 361 403 96564 107 122 149 226
92 A 458550 360177 260 472 314 96771 148 144 112 152
93 G 456214 310 492 359 360872 129 174 138 93622 118
94 A 455258 359474 466 469 489 93815 146 125 152 122
95 T 457471 493 361600 424 456 147 93980 127 135 109
96 G 458960 526 547 524 368544 156 200 171 88180 112
97 A 460459 371279 376 417 373 87558 110 105 114 127
98 T 461693 594 373447 180 454 155 86515 76 109 163
99 T 463825 471 378477 428 291 137 83690 123 71 137
100 G 465927 493 534 491 384036 124 183 124 79843 99
101 A 469545 387452 369 581 518 80111 95 131 125 163
102 T 473568 475 395517 539 466 123 76098 124 97 129
103 G 475784 424 427 300 399293 103 131 92 74870 144
104 G 480349 345 362 385 404004 104 102 110 74797 140
105 A 483083 407088 328 394 415 74409 94 105 99 151
106 A 486722 415860 184 437 208 69684 55 104 38 152
107 T 489066 241 421867 363 238 68 65999 81 46 163
108 T 495212 265 424363 359 283 58 69600 72 72 140
109 G 499795 300 300 226 431309 71 133 69 67270 117
110 G 503243 337 229 307 438319 75 54 78 63692 152
111 A 507584 442668 186 355 423 63517 48 81 81 225
112 C 514388 272 262 447956 230 80 78 65281 59 170
113 G 520587 399 277 627 451933 79 86 131 66926 129
114 A 525920 457998 206 549 257 66563 44 100 51 152
115 T 531301 368 461120 575 372 66 68465 103 63 169
116 T 534987 394 465154 641 376 77 68029 105 50 161
117 C 538207 416 371 470137 420 70 76 66514 69 134
118 T 545534 721 475186 502 583 115 68067 102 105 153
119 A 551439 480204 545 510 767 68839 107 92 141 234
120 C 557159 844 575 485843 558 149 117 68844 86 143
121 A 563953 490780 436 395 403 71552 88 83 74 142
122 T 568735 464 494583 556 423 98 72250 91 70 200
123 C 574469 467 303 500952 591 94 68 71735 97 162
124 C 580720 544 640 505554 346 125 111 73163 68 169
125 A 587085 510084 477 629 527 74873 119 110 100 166
126 A 591676 514450 417 651 434 75247 91 124 75 187
127 A 597906 521649 233 402 351 74910 53 77 62 169
128 T 603168 294 528676 426 310 52 73098 65 49 198
129 G 606737 321 432 490 535085 73 99 90 70002 145
130 T 612128 292 540792 574 313 53 69641 90 52 321
131 G 617196 361 407 436 546541 56 91 56 69085 163
132 C 622846 414 586 550138 291 73 88 71047 45 164
133 A 627367 556052 387 654 472 69266 73 114 85 264
134 C 630833 504 385 559954 411 71 74 69216 74 144
135 T 634651 473 563489 768 440 68 69058 99 66 190
136 G 636488 559 605 458 567899 89 128 79 66521 150
137 A 641494 571560 366 540 441 68175 69 76 65 202
138 A 645886 575903 398 555 400 68067 95 95 71 302
139 C 650203 243 221 581899 138 58 48 67398 33 165
140 T 655935 182 587373 301 139 37 67594 70 16 223
141 T 661094 235 591429 382 133 54 68564 69 25 203
142 A 664756 593970 262 176 232 69797 78 36 35 170
143 A 669717 597427 286 192 181 71293 38 43 49 208
144 A 673423 599349 181 168 176 73096 43 44 43 323
145 C 677774 1513 1200 599548 1471 239 192 73259 205 147
146 T 681993 1407 601405 1771 1458 225 75043 250 211 223
147 C 686206 1867 1314 604531 1308 283 211 76356 179 157
148 A 690884 608149 951 1732 1432 77818 150 261 197 194
149 G 693824 928 900 1741 610867 143 128 273 78673 171
150 T 697906 1010 614301 1642 1415 152 78500 246 224 416
151 G 702505 706 658 363 619534 133 146 57 80735 173
152 A 705792 624910 683 711 282 78736 120 128 50 172
153 T 708674 449 626008 649 683 108 80345 91 94 247
154 T 714210 824 629110 873 901 153 81842 142 160 205
155 A 718829 634108 804 819 1019 81425 168 133 149 204
156 T 722359 901 638472 817 864 150 80704 130 133 188
157 G 724847 725 963 909 643604 123 152 132 78054 185
158 A 728072 646782 602 1160 1144 77699 137 137 180 231
159 G 729489 944 761 926 648021 173 118 115 78222 209
160 G 730981 604 578 778 651203 86 119 100 77249 264
161 G 732083 716 551 761 654265 96 102 94 75206 292
162 G 732969 592 566 703 658012 65 91 112 72598 230
163 C 736576 799 961 659619 744 120 154 73832 101 246
164 G 740636 916 854 1330 657495 165 137 178 79367 194
165 A 742679 660139 710 1485 910 78686 99 170 161 319
166 C 746293 969 1083 663348 1003 153 129 79267 155 186
167 T 751641 1160 663664 1880 1126 158 83078 261 130 184
168 G 752757 1144 1180 1602 664759 167 213 230 83269 193
169 A 756097 668051 971 1240 1144 83990 139 181 170 211
170 T 758917 1125 671648 1137 1264 158 82986 168 203 228
171 C 763641 1391 860 676979 1110 201 156 82577 156 211
172 C 767332 1427 1345 677235 1307 260 232 85112 162 252
173 A 770079 679337 1350 1606 1842 85074 228 219 221 202
174 G 769745 1250 1565 1600 679429 201 258 200 85065 177
175 A 775265 679161 1289 2134 2177 89429 228 265 344 238
176 A 777248 677967 1995 1791 2034 92274 305 284 301 297
177 C 779383 2158 1634 676930 1841 359 307 95641 295 218
178 A 780544 681747 547 670 844 96131 135 136 151 183
179 G 779229 735 687 618 686233 140 170 123 90335 188
180 C 780500 767 619 686264 621 146 130 91619 138 196
181 T 786088 548 689438 657 636 95 94231 118 120 245
182 T 790268 538 695649 658 564 121 92263 134 101 240
183 A 792826 697816 648 606 579 92633 141 100 89 214
184 A 795722 698570 914 1751 963 92640 165 266 153 300
185 C 798911 1061 1054 700489 974 248 187 94569 151 178
186 A 803008 701909 1043 1682 1002 96591 164 246 153 218
187 A 802210 704281 709 1014 579 94968 122 169 147 221
188 T 804664 658 707577 1186 521 137 94038 214 107 226
189 A 806477 707250 645 1009 993 95861 163 164 175 217
190 G 806454 817 938 1199 710551 125 178 204 92236 206
191 A 807562 711834 727 943 784 92661 152 133 126 202
192 G 807153 678 820 1359 713906 96 130 233 89725 206
193 A 808894 712785 718 956 638 93122 137 154 115 269
194 G 808422 645 818 1100 711365 130 137 192 93849 186
195 A 807633 713507 568 901 546 91423 99 171 110 308
196 A 809245 717701 187 139 178 90692 34 27 40 247
197 T 810226 170 717018 328 127 48 92175 71 39 250
198 G 808825 264 330 254 715932 52 113 69 91512 299
199 G 809909 149 191 170 713566 52 54 30 95432 265
200 T 812432 220 712800 227 179 57 97886 41 97 925
201 G 817012 389 345 140 715481 74 85 33 100243 222
202 C 819872 516 391 715581 408 81 67 102532 66 230
203 T 823106 535 714225 883 299 122 106603 150 45 244
204 C 826123 636 335 718439 456 117 87 105760 79 214
205 T 826859 583 714441 930 577 164 109626 188 91 259
206 C 825563 686 668 712109 681 151 150 110782 146 190
207 T 826523 658 708543 900 519 158 115213 199 104 229
208 G 819919 986 764 1046 703837 298 179 175 112429 205
209 C 820130 1048 680 701685 591 203 196 115390 142 195
210 T 824574 683 702038 1044 745 137 119291 226 136 274
211 T 825099 470 701828 834 694 121 120479 176 242 255
212 T 825927 592 701643 816 655 126 121463 205 130 297
213 T 825697 519 697985 830 798 134 124813 174 208 236
214 G 820831 659 787 786 695031 251 195 169 122742 211
215 A 816273 691653 622 962 722 121485 151 254 156 268
216 C 815844 615 1266 689943 620 147 311 122460 234 248
217 G 814576 497 633 538 690487 184 158 165 121697 217
218 A 814797 692518 427 512 441 120285 153 96 109 256
219 A 814720 690712 402 464 453 122091 97 104 143 254
220 A 814630 690496 409 619 744 121663 142 134 147 276
221 G 811556 413 640 785 691291 136 151 159 117805 176
222 A 812048 692591 463 609 723 117017 99 126 154 266
223 A 810364 692477 453 434 455 116009 102 78 107 249
224 G 808545 322 568 520 692684 96 159 104 113849 243
225 G 803871 418 604 486 690615 129 133 78 111176 232
226 A 799607 687148 573 503 434 110392 118 78 111 250
227 A 799877 685397 485 392 622 112443 105 71 113 249
228 T 798505 301 685247 519 577 117 111259 114 115 256
229 A 798122 683431 434 563 585 112558 98 110 135 208
230 A 796030 682859 337 618 512 111158 92 124 93 237
231 A 790556 680494 311 541 505 108188 105 111 94 207
232 T 789264 781 677500 512 416 232 109379 117 97 230
233 A 788634 680397 558 495 542 106052 163 95 125 207
234 T 784107 693 681113 599 591 160 100473 135 123 220
235 C 783087 1104 543 682186 602 195 134 98025 109 189
236 T 784583 760 675981 1141 663 144 105299 230 135 230
237 G 779401 747 834 989 674247 148 235 165 101819 217
238 G 777984 1423 1564 1831 669646 275 289 310 102433 213
239 A 776905 666520 1320 1820 1236 104967 207 373 246 216
240 A 776095 665016 1155 1932 1371 105526 263 316 289 227
241 G 773449 1344 1270 1416 664972 322 210 256 103473 186
242 A 771260 664400 1044 1186 1132 102627 217 218 206 230
243 A 771782 663602 1008 1347 1046 103826 183 279 216 275
244 C 771158 1104 946 663183 854 246 163 104312 169 181
245 A 773898 663095 860 751 1097 107317 198 148 198 234
246 T 772891 1373 660593 768 1095 280 108140 164 221 257
247 C 773677 1167 851 658952 1440 243 213 110342 268 201
248 C 775360 1238 1130 658851 1213 308 220 111897 227 276
249 C 779362 1273 1095 659428 1270 338 226 115257 240 235
250 A 783212 662880 806 624 1244 116828 153 170 270 237
251 G 778352 1023 945 762 666082 226 170 178 108773 193
252 C 775183 1055 1138 664742 754 211 200 106650 211 222
253 G 772897 822 843 799 663209 147 202 209 106451 215
254 C 771387 891 674 662976 957 170 223 104912 282 302
255 G 771520 799 814 890 664566 151 242 192 103648 218
256 G 769445 740 854 988 661032 127 199 166 105092 247
257 G 768352 1091 793 1006 661367 182 197 146 103326 244
258 G 766663 909 915 1028 661250 226 169 155 101776 235
259 A 767595 661975 824 902 1557 101450 161 148 317 261
260 A 767362 666668 740 1331 1049 96541 407 194 215 217
261 G 766175 1070 1090 883 667660 216 203 139 94709 205
262 G 763339 995 1063 1210 667163 236 421 200 91810 241
263 A 761603 666714 1094 1017 1439 90192 494 183 236 234
264 T 759990 995 667913 1118 1303 208 87522 443 184 304
265 C 757706 1925 1638 665974 1497 285 525 85379 238 245
266 C 760948 1710 1602 663755 1752 306 485 90803 274 261
267 T 765202 1661 665217 1983 1927 348 93161 439 282 184
268 A 764144 665925 1841 1214 1944 92110 327 281 285 217
269 A 763206 668081 1664 1305 1994 89162 281 169 321 229
270 G 762075 1677 2030 1265 670381 320 266 206 85674 256
271 A 761284 672465 1005 1162 1034 84858 145 188 205 222
272 A 762072 671219 901 1292 875 87027 205 185 132 236
273 A 760703 669394 1044 1040 853 87682 147 158 145 240
274 A 758754 670782 452 723 536 85572 92 161 101 335
275 C 758726 561 542 670651 363 132 131 86097 84 165
276 T 759057 450 668229 753 533 81 88523 132 129 227
277 G 756655 504 576 568 668253 109 158 89 86147 251
278 G 756351 518 457 583 669549 113 120 92 84675 244
279 A 759420 670864 463 674 712 86091 103 110 162 241
280 G 758443 394 387 449 671409 87 83 64 85338 232
281 G 757166 379 427 358 671110 77 97 71 84413 234
282 A 755833 669751 247 381 348 84247 65 89 96 609
283 C 756292 316 287 669514 275 82 61 85441 43 273
284 C 757776 385 283 669136 201 81 71 87352 35 232
285 C 758072 518 386 666384 187 124 84 90086 41 262
286 A 759620 665228 415 580 428 92481 86 113 80 209
287 T 757926 451 664290 645 306 97 91759 91 64 223
288 A 755342 663496 533 428 440 90037 100 79 57 172
289 T 755904 372 662571 634 513 99 91269 111 87 248
290 A 754113 661135 536 463 530 90840 88 86 98 337
291 C 753621 568 408 661671 549 144 91 89813 96 281
292 A 754768 659689 463 848 772 92457 63 113 123 240
293 A 755188 658622 564 870 670 93824 130 131 117 260
294 G 754588 634 644 829 658622 111 118 132 93295 203
295 A 753267 656751 454 669 542 94278 113 100 118 242
296 G 749858 457 608 590 654817 97 133 128 92833 195
297 A 749391 654478 440 643 547 92648 118 123 84 310
298 G 747595 566 799 1041 653333 108 143 166 91238 201
299 T 748661 679 653771 1089 556 240 90401 208 159 1558
300 A 749457 654731 599 1029 784 91689 115 169 134 207
301 G 747940 747 652 815 655669 143 124 154 89414 222
302 A 748046 655934 583 997 513 89425 111 167 79 237
303 T 749159 519 655870 890 482 108 90783 164 96 247
304 A 749428 654939 543 853 770 91741 121 143 130 188
305 G 746361 551 791 938 653379 136 164 168 90043 191
306 A 746308 652900 495 1201 595 90484 103 206 124 200
307 A 748088 656255 337 631 517 89823 86 90 88 261
308 A 747599 657883 287 602 431 87919 66 97 85 229
309 G 748330 435 387 633 656646 85 69 115 89773 187
310 T 749831 836 653222 1202 500 195 92424 215 194 1043
311 G 750015 719 826 1285 652501 128 185 238 93899 234
312 G 749371 644 849 1310 652736 125 166 226 93093 222
313 A 749747 653088 472 696 602 94338 69 124 128 230
314 T 746350 508 652375 588 562 93 91720 124 112 268
315 G 746857 541 638 600 654007 126 133 106 90493 213
316 A 747002 649302 475 524 727 95391 120 70 146 247
317 G 742499 358 681 602 644319 73 181 95 95982 208
318 G 740818 559 374 663 643848 109 95 95 94787 288
319 G 737376 708 389 441 642601 133 103 76 92587 338
320 A 737129 640890 279 314 307 94861 65 69 76 268
321 A 735215 640779 257 318 374 92496 54 112 82 743
322 C 732566 506 296 640854 298 92 71 90172 54 223
323 T 732589 347 639946 610 323 70 90831 154 47 261
324 C 734146 407 460 640508 317 89 105 91996 84 180
325 G 732511 429 403 466 639630 157 88 107 91005 226
326 T 733338 301 638467 551 332 81 93110 109 66 321
327 C 734832 420 220 636290 351 77 62 97075 103 234
328 C 736559 433 248 635611 360 100 79 99397 80 251
329 T 737647 452 635399 517 272 143 100491 100 40 233
330 T 736223 303 634927 549 292 88 99609 121 56 278
331 T 733920 303 633884 355 347 88 98590 75 73 205
332 A 730604 630681 353 295 436 98376 116 65 90 192
333 T 728742 352 626885 363 266 81 100450 83 56 206
334 G 725440 427 547 525 623846 123 167 118 99504 183
335 A 724382 622878 377 549 531 99406 122 107 112 300
336 C 725939 423 491 620829 396 206 98 103107 92 297
337 A 728930 619488 572 578 515 107174 133 126 113 231
338 A 727478 615841 429 594 519 109488 95 141 109 262
339 A 729749 616027 492 527 543 111512 141 144 107 256
340 G 730172 344 616 604 620166 158 149 150 107752 233
341 A 731320 623366 507 520 406 105937 107 138 115 224
342 A 733019 626062 371 516 453 105034 97 109 114 263
343 G 730125 341 435 303 629061 159 100 65 99394 267
344 A 729931 626571 294 291 290 102049 73 62 78 223
345 A 728219 623226 275 209 351 103742 71 53 76 216
346 A 727951 622445 594 706 507 103129 153 121 81 215
347 T 727603 502 619191 738 449 164 106001 149 120 289
348 A 732506 621809 520 682 739 108137 140 152 135 192
349 A 734547 624254 545 555 681 107890 133 107 154 228
350 G 732523 595 650 529 625841 150 138 112 104297 211
351 G 729593 443 708 603 626382 108 115 150 100846 238
352 C 729714 356 473 629082 287 84 140 98939 119 234
353 G 729542 536 473 444 627342 151 102 123 100163 208
354 A 730006 629398 412 376 317 99027 98 92 72 214
355 A 730155 628660 154 189 214 100541 63 57 43 234
356 T 731578 217 629916 267 179 72 100607 64 42 214
357 C 731206 330 278 631379 206 84 86 98596 54 193
358 T 735468 356 631031 552 345 137 102572 120 78 277
359 G 734971 395 431 348 632420 106 128 89 100846 208
360 G 733106 362 352 292 633219 91 74 69 98415 232
361 C 736029 852 935 632950 654 183 195 99817 186 257
362 G 734807 824 871 972 633583 160 186 194 97767 250
363 C 734248 601 690 636028 740 117 157 95553 148 214
364 C 739439 744 613 636688 1097 190 135 99425 163 384
365 A 740077 633728 476 731 1128 103353 94 150 180 237
366 A 740003 632468 654 633 1068 104528 141 116 156 239
367 G 737950 598 550 585 634770 118 132 119 100901 177
368 C 734825 557 750 637195 533 119 120 95211 114 226
369 C 734735 539 569 637638 597 152 109 94779 107 245
370 A 736486 638935 422 484 440 95710 93 86 80 236
371 A 740141 640723 421 442 480 97600 78 91 83 223
372 T 740285 448 641709 498 407 116 96754 94 55 204
373 A 742244 644615 640 487 605 95320 135 109 126 207
374 A 743343 645024 613 569 748 95760 124 118 148 239
375 T 746408 726 645970 582 489 182 98031 134 82 212
376 G 745718 548 752 672 644591 132 172 127 98547 177
377 G 745142 614 568 710 644639 132 115 161 98002 201
378 T 745641 670 645769 768 639 151 96197 144 216 1087
379 G 745166 635 711 713 649628 137 182 123 92893 144
380 A 745276 650713 737 772 639 91821 126 145 127 196
381 T 745627 907 651005 759 594 177 91697 147 104 237
382 G 746164 527 701 552 651638 139 143 108 92173 183
383 A 745660 653837 477 512 793 89470 123 86 152 210
384 T 746219 635 653724 566 645 117 90046 135 118 233
385 G 746884 885 716 526 654728 185 155 101 89417 171
386 C 747010 724 856 655604 444 154 190 88756 67 215
387 A 750049 657906 479 559 759 89745 111 94 125 271
388 A 751676 660756 545 719 442 88575 101 132 101 305
389 C 752769 809 644 662661 487 165 111 87553 94 245
390 A 754667 662279 460 761 716 89949 82 120 107 193
391 G 757087 843 656 799 665122 173 112 97 89112 173
392 C 756510 884 565 664360 679 172 128 89439 117 166
393 T 756777 546 662898 923 733 82 91109 129 135 222
394 G 756146 469 667 559 660954 91 136 103 92948 219
395 G 750430 560 600 440 658387 92 87 81 89947 236
396 T 748535 555 656617 601 386 97 89702 100 61 416
397 C 747948 628 393 654357 368 110 68 91790 60 174
398 T 748321 434 652867 823 338 92 93414 107 69 177
399 G 743805 431 612 505 651452 90 103 79 90349 184
400 A 742337 650639 586 1309 905 88215 101 163 140 279
401 C 745373 842 527 651756 759 147 85 90960 133 164
402 T 746509 966 651262 1465 503 150 91639 197 94 233
403 C 746766 935 639 650946 706 159 152 92880 139 210
404 A 747812 651755 632 747 703 93227 121 149 144 334
405 C 748011 770 617 654772 670 150 139 90537 144 212
406 A 751270 655161 703 793 930 93052 138 142 149 202
407 T 753114 1113 656304 832 735 200 93437 143 133 217
408 G 751611 957 1050 706 660400 169 198 141 87810 180
409 A 750924 662318 351 666 644 86452 69 103 106 215
410 T 751166 531 660375 715 359 100 88661 125 66 234
411 G 751196 428 604 647 661244 76 129 128 87746 194
412 A 752462 663173 317 437 397 87675 75 91 96 201
413 T 751018 375 663923 534 377 72 85348 93 68 228
414 C 751077 440 370 662042 310 100 94 87476 74 171
415 T 752973 321 661898 657 234 87 89406 118 51 201
416 G 747930 304 452 290 661701 76 108 55 84735 209
417 G 745296 353 330 276 662691 56 69 57 81235 229
418 C 745748 463 467 662567 352 85 69 81449 74 222
419 A 746694 662514 203 363 444 82748 51 79 65 227
420 T 747787 253 663544 373 311 64 82918 62 60 202
421 T 747782 354 664667 443 241 60 81681 69 54 213
422 C 747042 488 257 664902 254 97 67 80703 53 221
423 C 747318 439 360 663565 283 124 61 82201 63 222
424 A 748920 662517 353 474 464 84642 57 90 86 237
425 A 747842 662315 424 457 424 83714 99 69 91 249
426 T 746987 475 661405 473 315 80 83853 87 72 227
427 T 748873 437 662230 563 345 74 84852 91 58 223
428 T 750171 570 661364 508 357 115 86837 90 75 255
429 G 749944 546 646 464 661214 103 148 96 86567 160
430 A 751042 664501 283 460 450 84921 49 71 81 226
431 A 750606 663263 291 377 512 85709 60 80 77 237
432 T 750270 415 660597 452 397 85 87943 97 77 207
433 G 748177 394 484 353 660785 71 146 82 85684 178
434 A 746538 661781 290 297 313 83498 51 54 75 179
435 T 746584 383 660124 330 259 91 85061 84 49 203
436 A 746957 657578 239 420 685 87468 61 72 123 311
437 C 747154 473 405 656999 415 108 93 88388 73 200
438 A 750265 657511 259 535 641 90842 62 117 76 222
439 A 749237 657842 263 287 384 89985 67 61 75 273
440 C 749076 347 233 657977 267 81 82 89846 60 183
441 A 748768 655634 367 253 281 91853 67 55 76 182
442 T 745030 274 651270 592 435 53 91972 126 88 220
443 A 744849 650712 293 517 517 91847 66 155 103 639
444 C 746381 393 404 651772 548 62 93 92752 143 214
445 C 747764 449 440 650751 439 119 92 95130 126 218
446 A 753447 652570 358 417 695 98889 134 80 124 180
447 G 753305 509 437 442 653993 104 99 82 97469 170
448 A 755244 650627 210 460 400 102993 56 160 95 243
449 G 753597 347 476 466 648630 80 137 107 103101 253
450 G 750669 168 419 430 648410 113 88 89 100712 240
451 A 751754 647427 464 698 435 102098 99 116 107 310
452 C 752265 650 495 648005 296 146 111 102286 74 202
453 A 754550 647643 446 503 604 104812 96 98 132 216
454 A 751545 646149 603 763 925 102409 147 134 185 230
455 G 752933 639 790 731 647794 162 164 170 102228 255
456 A 750861 648606 667 820 651 99457 138 168 132 222
457 G 748228 886 845 812 649860 150 164 138 95183 190
458 C 749512 898 623 649054 818 175 129 97470 171 174
459 T 752573 632 650232 981 794 130 99209 171 159 265
460 C 753107 1189 873 652057 1127 220 198 96975 191 277
461 T 752533 968 654030 1216 1116 214 94326 228 187 248
462 T 755885 1116 654079 939 1384 219 97477 186 233 252
463 G 754898 883 994 1168 653113 161 193 191 98010 185
464 T 753622 979 650214 1024 1127 184 99441 176 173 304
465 T 752387 1261 647995 952 947 226 100341 259 147 259
466 C 751035 847 948 647612 1084 196 209 99727 201 211
467 G 753751 1210 842 1219 650374 274 250 204 99124 254
468 C 755933 921 874 657795 997 172 170 94676 167 161
469 A 758234 657138 805 1226 1220 96298 233 273 224 817
470 C 759900 1137 1014 656626 1015 222 188 99170 292 236
471 C 762493 1222 1042 656222 962 280 282 102021 251 211
472 G 764030 982 929 1498 654815 232 245 278 104792 259
473 G 763085 1082 926 1117 657630 236 187 239 101428 240
474 C 763515 1316 1038 656656 808 276 236 102791 169 225
475 A 760731 654918 784 1176 1285 101685 165 241 281 196
476 T 760700 1041 653462 1437 865 218 102979 272 215 211
477 G 758168 915 1274 1260 651821 213 282 243 101935 225
478 G 754684 949 1182 779 653926 158 198 149 97135 208
479 A 756041 654816 1005 856 1422 97191 161 138 236 216
480 T 756762 1020 656055 1065 1180 176 96597 213 180 276
481 C 756636 889 700 656530 940 173 157 96831 180 236
482 C 758518 768 870 658429 1008 168 176 96631 184 284
483 C 758864 1137 799 657584 765 253 160 97785 136 245
484 A 762820 660174 839 997 1302 98649 185 186 254 234
485 G 762153 1186 1130 867 661218 241 266 182 96826 237
486 G 761171 977 1289 685 662497 233 250 155 94871 214
487 A 760367 661932 736 509 712 95813 174 83 155 253
488 T 761989 807 662568 548 803 173 96622 106 144 218
489 G 760877 777 936 476 663937 141 195 99 94101 215
490 T 761059 683 664650 585 560 139 93616 127 158 541
491 G 759647 930 695 608 662894 182 155 121 93817 245
492 C 759550 684 582 661517 658 148 124 95471 161 205
493 T 763198 618 659728 925 680 146 100542 154 182 223
494 C 764830 821 634 657770 714 257 121 104104 143 266
495 T 766562 776 656605 625 674 246 107132 143 145 216
496 C 767196 1081 781 655197 849 245 177 108465 185 216
497 T 768731 885 656121 872 1166 268 108736 192 266 225
498 G 765142 1003 1159 535 657793 217 279 179 103808 169
499 A 764464 659148 822 691 901 102055 190 162 261 234
500 T 767626 753 662519 821 797 172 102008 186 162 208
501 G 768866 1003 907 713 661648 286 180 149 103806 174
502 C 769336 1081 1004 664744 669 184 315 101012 135 192
503 A 768612 664592 755 853 1060 100476 172 190 260 254
504 G 765703 946 1092 786 664649 213 254 153 97418 192
505 G 762306 703 922 715 662651 140 238 151 96559 227
506 G 763610 759 828 661 663083 162 208 139 97559 211
507 T 763775 595 663851 812 938 123 96397 213 244 602
508 T 761326 462 665709 651 436 128 93446 166 77 251
509 C 762819 676 626 667844 554 162 270 92389 114 184
510 G 763810 687 613 627 667581 218 104 168 93629 183
511 A 763796 667674 677 674 598 93210 135 172 144 512
512 C 765698 527 469 671387 644 129 133 92112 127 170
513 T 767741 677 670597 631 619 141 94542 158 117 259
514 C 766054 805 662 669006 692 163 156 94260 131 179
515 T 766720 631 667623 801 759 183 96134 156 144 289
516 C 768441 792 703 667891 747 144 159 97587 142 276
517 C 772724 987 867 668301 977 242 187 100696 191 276
518 C 775758 1194 701 671244 864 280 143 100945 179 208
519 T 777482 1003 670438 999 935 260 103278 205 164 200
520 A 776809 666462 891 652 648 107447 218 130 148 213
521 G 775566 651 942 676 666404 125 215 158 106194 201
522 G 775663 762 803 727 667718 180 189 148 104911 225
523 A 775398 667070 375 435 515 106368 84 96 148 307
524 G 776825 506 450 357 668557 115 100 107 106434 199
525 G 776783 353 348 441 670660 79 129 95 104483 195
526 T 779488 476 671098 573 459 103 105803 175 159 642
527 C 781023 609 667 673044 401 126 127 105754 83 212
528 T 785471 678 678243 1048 429 124 104469 184 86 210
529 G 786613 520 634 496 679796 107 207 99 104542 212
530 G 788499 608 552 385 683183 125 185 67 103157 237
531 A 789667 687057 325 480 660 100558 68 86 181 252
532 G 790405 534 632 758 688933 153 130 141 98956 168
533 C 793205 592 564 692631 678 127 118 98153 126 216
534 T 797604 507 697417 988 433 79 97665 164 80 271
535 G 797597 964 676 579 700667 166 118 102 94129 196
536 C 799324 660 844 699195 485 118 173 97553 66 230
537 A 801761 698704 561 592 1281 100010 123 93 176 221
538 G 800934 309 527 440 702159 51 105 85 97028 230
539 G 799403 307 477 324 701944 73 88 62 95885 243
540 C 799783 429 601 700313 460 82 112 97468 74 244
541 G 802583 981 785 782 699270 174 164 156 100079 192
542 C 804644 678 590 701302 559 151 116 100967 75 206
543 T 808418 549 704220 997 758 94 101273 159 121 247
544 G 809358 1027 700 970 702806 188 136 185 103162 184
545 C 812572 895 1443 702508 814 146 285 106133 147 201
546 A 817476 704540 468 1114 987 109633 131 196 175 232
547 G 819080 897 730 904 705489 171 175 186 110356 172
548 T 819989 580 706869 815 951 122 109891 256 192 313
549 C 822839 864 519 710967 774 191 201 108946 143 234
550 A 826194 710630 695 786 1006 112280 132 246 178 241
551 A 829998 716137 629 738 1064 110603 139 207 196 285
552 A 831696 720442 588 1024 1174 107711 120 184 205 248
553 G 833816 1041 740 745 718910 224 200 164 111587 205
554 G 833045 885 751 885 716780 270 172 203 112866 233
555 A 835050 718863 877 901 861 112644 167 253 204 280
556 G 833116 879 698 588 721743 176 143 172 108529 188
557 T 832171 704 723332 666 833 153 105449 149 209 676
558 T 837719 602 730417 884 786 114 104271 182 191 272
559 G 838029 648 727 690 732100 127 215 142 103142 238
560 G 837767 610 605 829 734745 114 167 151 100294 252
561 G 837752 675 577 712 737169 160 113 118 97974 254
562 A 838559 736179 459 620 663 99929 98 121 134 356
563 C 840154 727 557 737287 535 174 121 100385 107 261
564 A 842011 738311 530 643 694 101231 95 121 107 279
565 A 842967 740677 606 632 703 99687 108 115 157 282
566 T 846417 698 744682 803 643 125 98966 161 137 202
567 G 846180 688 745 732 747011 122 180 144 96304 254
568 G 844936 579 681 644 747623 99 108 114 94871 217
569 T 845483 733 744825 814 671 158 96224 122 247 1689
570 G 845460 617 801 581 748522 118 177 125 94322 197
571 A 845620 747402 640 667 704 95559 102 122 132 292
572 T 846242 632 746955 717 704 118 96634 128 141 213
573 G 847929 541 692 709 748838 129 161 117 96500 242
574 G 846259 479 769 691 746022 107 125 133 97654 279
575 A 847111 744119 550 715 1028 99968 109 108 196 318
576 G 847789 655 723 491 745078 122 137 106 100280 197
577 T 847982 439 748186 527 641 91 97197 99 145 657
578 T 850070 435 749372 648 444 76 98631 95 89 280
579 G 848783 505 678 546 752055 90 162 104 94427 216
580 A 849681 752872 495 973 773 93919 90 139 162 258
581 T 851508 521 751561 1060 695 139 97022 155 122 233
582 A 854561 749309 479 896 834 102352 114 157 154 266
583 A 857113 749718 482 1101 771 104361 133 163 126 258
584 G 858655 638 841 1080 752536 108 192 197 102848 215
585 G 856794 593 614 1038 752523 125 118 188 101353 242
586 A 858046 753897 491 775 642 101666 105 125 112 233
587 T 861191 558 755555 866 810 77 102773 137 136 279
588 G 860057 666 621 507 756786 133 157 114 100877 196
589 A 860277 757353 422 588 568 100786 89 102 101 268
590 T 860458 496 757075 769 427 86 101119 117 83 286
591 C 860953 592 422 755768 492 155 105 103079 93 247
592 A 864688 756142 233 552 451 106796 46 106 89 273
593 A 864807 757495 250 410 436 105743 42 71 83 277
594 A 863145 754851 241 465 352 106705 47 97 68 319
595 C 863131 534 456 754003 461 130 121 107097 94 235
596 G 862056 520 436 841 755175 101 121 193 104467 202
597 T 864418 377 757826 927 598 57 103773 189 153 518
598 G 863626 460 786 450 758185 101 218 97 103057 272
599 G 863863 589 740 484 757812 122 194 104 103526 292
600 G 863942 722 634 628 756043 142 145 135 105250 243
601 A 865663 757865 565 695 846 105052 88 119 142 291
602 T 865539 575 757731 729 649 100 105208 139 116 292
603 C 861742 630 624 753253 529 146 122 106090 103 245
604 A 861297 753343 514 783 686 105299 115 141 129 287
605 A 862135 751700 554 894 641 107717 150 157 105 217
606 T 864072 623 752116 923 496 116 109239 192 122 245
607 G 866001 742 889 646 755688 128 221 146 107340 201
608 A 865332 757314 791 644 824 105080 174 120 147 238
609 T 863798 767 755694 594 717 144 105376 125 114 267
610 C 865256 841 950 757402 747 204 240 104470 134 268
611 G 868263 792 735 722 759681 203 248 146 105463 273
612 G 865673 586 936 741 759725 127 191 158 102972 237
613 A 866409 759434 501 531 625 104654 89 101 142 332
614 A 868983 756387 453 556 613 110202 107 132 106 427
615 C 870328 534 637 753933 565 143 126 114083 99 208
616 T 870807 341 753434 705 529 72 115211 144 105 266
617 T 867139 465 751357 600 386 84 113768 140 83 256
618 C 866245 473 296 752644 465 117 84 111827 100 239
619 T 866423 419 747526 1038 527 94 116285 199 105 230
620 G 864505 489 587 862 747700 93 263 160 114108 243
621 G 861326 465 705 646 747202 109 150 133 111662 254
622 A 860469 744613 574 1047 994 112432 129 159 223 298
623 G 861317 712 869 1023 744565 167 177 164 113462 178
624 A 860964 743070 712 1103 785 114427 176 170 199 322
625 G 860746 588 596 398 747632 145 147 87 110932 221
626 G 858504 421 693 437 748923 93 154 111 107470 202
627 T 861769 449 747514 633 607 118 110110 143 298 1897
628 G 866230 498 478 408 753747 164 103 83 110560 189
629 A 866918 754416 437 474 472 110570 108 89 101 251
630 A 867454 756305 357 442 531 109297 82 77 92 271
631 A 866745 756040 403 373 507 108892 79 56 109 286
632 A 866837 755740 409 450 609 109065 133 92 101 238
633 T 867823 286 756746 521 502 96 109209 100 126 237
634 G 864858 677 909 446 757687 126 257 107 104417 232
635 G 865113 548 650 640 756044 162 149 153 106519 248
636 A 865497 754286 540 895 800 108136 138 181 219 302
637 C 868396 687 733 755773 734 168 159 109687 187 268
638 G 870114 750 810 1039 754677 172 142 233 112064 227
639 A 870338 755099 561 970 811 112191 115 167 172 252
640 A 872076 755343 720 526 663 114216 122 94 97 295
641 A 871572 751373 533 565 781 117704 124 121 119 252
642 A 871367 750330 472 620 763 118575 90 112 127 278
643 A 868653 748352 349 599 449 118304 81 147 83 289
644 C 869234 386 393 749430 424 158 96 118053 95 199
645 A 871989 750799 375 455 724 119098 73 108 138 219
646 A 871892 748521 422 366 810 121248 102 67 133 223
647 G 869360 413 592 522 746339 98 154 91 120929 222
648 G 869303 373 518 421 746997 94 131 98 120461 210
649 A 868572 745134 402 488 615 121343 85 90 159 256
650 G 865596 499 525 464 744354 152 111 93 119189 209
651 T 865738 543 741453 594 526 185 121269 135 214 819
652 G 864294 312 385 193 742284 84 147 56 120588 245
653 C 860952 365 219 739812 387 89 65 119694 95 226
654 T 864714 202 742418 222 308 65 121112 67 75 245
655 T 868611 210 745929 374 278 102 121306 93 63 256
656 A 868310 746605 362 173 327 120408 78 64 64 229
657 C 869144 424 328 748151 274 85 180 119424 67 211
658 G 871431 312 420 234 751105 73 131 51 118852 253
659 A 870965 751199 195 233 208 118671 110 45 50 254
660 G 869495 210 360 186 754003 55 82 52 114336 211
661 A 871297 754410 196 275 390 115585 75 50 88 228
662 G 869612 353 372 309 754047 69 78 64 114109 211
663 A 865596 748120 215 186 350 116311 48 43 62 261
664 A 863664 745933 209 178 303 116624 56 47 45 269
665 T 861046 257 740977 247 147 59 119012 66 40 241
666 G 858487 299 326 252 740088 59 90 61 117080 232
667 T 856115 111 739921 181 15 48 115266 43 28 502
668 G 852443 238 311 49 737034 59 97 22 114402 231
669 C 848381 210 309 735086 155 71 67 112169 54 260
670 A 847623 733864 137 117 179 112954 44 46 37 245
671 A 848901 735339 134 59 146 112808 40 33 30 312
672 C 849055 257 98 736489 118 93 34 111717 44 205
673 A 849975 736894 122 68 196 112392 41 26 48 188
674 T 851307 143 740179 131 122 37 110354 33 38 270
675 T 851972 86 739420 153 172 35 111737 50 46 273
676 C 851777 227 110 740801 88 64 56 110166 34 231
677 T 850596 119 738433 270 58 52 111329 76 16 243
678 C 849682 263 127 737757 78 116 58 110949 44 290
679 A 851935 738634 92 93 305 112413 47 34 61 256
680 A 850557 737307 232 87 175 112349 53 29 48 277
681 A 847381 734531 103 136 324 111890 26 28 102 241
682 G 847276 184 350 228 732559 63 101 52 113512 227
683 G 844764 203 336 201 730787 71 79 49 112801 237
684 A 839211 729369 167 174 272 108804 42 47 66 270
685 A 837013 728594 275 280 473 106858 86 68 112 267
686 A 835776 726236 284 305 409 108035 80 67 97 263
687 A 831290 725203 264 240 446 104594 93 65 113 272
688 T 829107 259 724164 472 402 90 103278 87 82 273
689 T 828584 212 724443 433 462 54 102515 68 100 297
690 T 824482 352 721614 477 449 69 101050 115 75 281
691 C 821120 645 417 720039 411 278 139 98624 82 485
692 A 818799 719476 395 526 695 97103 99 119 128 258
693 A 815005 717223 360 559 527 95843 73 103 74 243
694 A 812649 714602 239 701 369 96168 56 148 73 293
695 C 810398 457 379 712977 395 148 83 95648 77 234
696 A 808224 710232 297 732 421 95991 66 135 113 237
697 G 805287 478 551 454 708710 101 119 112 94589 173
698 C 802768 486 389 707212 621 97 91 93569 131 172
699 T 799815 378 704886 668 478 76 92776 126 121 306
700 G 795961 650 567 389 701768 127 131 96 92008 225
701 C 793130 429 456 700972 495 126 81 90232 90 249
702 A 790874 697938 504 305 479 91092 80 80 74 322
703 C 787527 496 455 692526 560 757 75 90133 109 2416
704 A 786473 691926 576 435 485 92578 101 93 56 223
705 A 781494 687938 452 538 545 91519 75 73 92 262
706 A 778984 686321 497 645 564 90308 93 105 135 316
707 G 775426 538 644 559 684956 99 94 80 88230 226
708 G 767856 577 482 484 680906 84 73 79 84898 273
709 G 763558 803 756 643 678321 120 112 118 82456 229
710 C 760497 745 933 676843 887 256 138 80036 133 526
711 A 757027 674514 661 762 862 79633 99 105 118 273
712 A 751663 669266 742 788 509 79823 112 98 76 249
713 T 746627 778 664568 653 779 120 79237 115 126 251
714 G 740158 647 891 684 660877 109 138 102 76522 188
715 A 734199 656027 561 528 764 75858 98 84 99 180
716 T 729787 522 652485 569 662 86 74973 63 140 287
717 G 726218 560 676 498 650115 92 124 56 73909 188
718 G 721155 478 535 309 647291 88 84 52 72115 203
719 A 714050 640683 336 357 861 71381 57 54 120 201
720 T 708945 369 636126 494 669 92 70824 71 82 218
721 C 703727 817 676 628575 1043 201 122 71807 143 343
722 A 698536 619683 886 977 1088 75243 134 130 165 230
723 A 691576 611890 778 821 1096 76376 126 119 141 229
724 G 686911 581 734 724 607591 110 98 108 76808 157
725 T 680871 686 601880 682 839 164 75786 106 162 566
726 G 675531 526 825 614 598754 124 122 84 74317 165
727 A 669857 594721 647 781 800 72422 108 69 103 206
728 G 661229 567 902 703 589648 101 102 87 68952 167
729 A 656720 586116 722 709 987 67662 96 98 129 201
730 G 649643 597 641 614 579299 144 89 91 67872 296
731 A 643323 573295 506 608 606 67864 78 80 84 202
732 A 634355 565081 417 573 763 67084 57 79 103 198
733 A 628255 560219 327 511 620 66158 64 68 98 190
734 G 621957 396 491 442 555224 62 84 60 65044 154
735 T 617918 427 551216 596 536 90 64399 102 89 463
736 C 610767 471 541 543499 346 84 81 65488 80 177
737 G 602310 541 502 345 536588 105 80 49 63896 204
738 G 595792 410 419 332 532531 77 55 47 61673 248
739 A 589938 527294 285 265 294 61477 46 38 40 199
740 A 583703 517205 275 293 429 61197 48 461 65 3730
741 C 576196 295 428 513737 333 53 74 61069 42 165
742 C 567740 330 239 505310 191 56 47 61371 30 166
743 C 560671 356 238 497961 272 88 43 61465 52 196
744 A 555949 490998 255 264 403 63747 39 30 74 139
745 G 547821 349 340 255 483315 49 51 36 63284 142
746 G 539358 322 270 339 474981 100 52 44 62786 464
747 A 532066 470267 236 247 309 60684 40 50 39 194
748 A 527223 464023 445 455 455 61435 83 76 81 170
749 A 523060 458530 360 361 586 62835 70 55 99 164
750 T 518916 400 453891 403 566 64 63207 80 110 195
751 G 511270 184 261 124 448756 26 52 33 61708 126
752 C 504652 181 286 445820 132 63 43 57944 35 148
753 T 497896 127 438766 253 202 32 58250 52 46 168
754 G 492775 288 337 153 433709 72 57 19 58018 122
755 A 485666 427210 190 311 257 57468 18 43 47 122
756 G 478411 224 291 262 420496 54 46 37 56869 132
757 A 471613 417013 137 108 197 53948 34 19 31 126
758 T 465045 108 409539 133 165 32 54901 19 22 126
759 C 458507 231 182 402243 163 88 31 55403 42 124
760 G 450800 121 108 42 394519 86 26 7 55748 143
761 A 442933 389197 46 7 74 53458 8 3 16 124
762 A 438505 381399 30 25 60 56824 10 5 19 133
763 G 430609 158 241 208 370854 51 56 48 58868 125
764 A 423343 363872 195 206 149 58685 46 49 32 109
765 T 416525 164 357749 195 179 29 57972 58 43 136
766 C 410194 349 308 351321 331 82 62 57556 84 101
767 T 406641 328 344711 241 312 107 60720 52 56 114
768 C 399831 448 246 336729 236 107 61 61847 64 93
769 A 391909 329919 232 409 282 60626 63 60 58 260
770 T 386784 180 324743 311 242 36 61063 54 60 95
771 C 381674 330 194 318750 232 87 57 61448 65 511
772 T 375715 371 308549 497 326 149 65532 110 77 104
773 T 368888 396 301372 431 442 76 65854 97 121 99
774 T 361963 353 297389 504 324 82 63032 112 84 83
775 C 356493 391 282 293171 316 109 76 61969 91 88
776 T 351684 314 289159 302 298 114 61220 82 62 133
777 G 342857 278 298 254 283428 80 75 65 58293 86
778 G 333943 258 185 127 278990 58 48 30 54133 114
779 C 325868 204 239 271929 147 62 73 53067 39 108
780 A 319788 265827 132 136 193 53098 33 44 56 269
781 C 314424 144 190 260541 119 41 52 53135 52 150
782 G 307895 117 154 122 255006 38 45 31 52316 66
783 G 300403 116 88 103 248207 32 23 30 51731 73
784 T 295647 149 241351 204 139 58 53454 59 63 170
785 C 289961 219 185 236916 110 65 47 52312 48 59
786 T 284240 136 231470 286 143 69 51949 73 36 78
787 G 275280 336 291 179 224751 106 71 59 49398 89
788 C 267598 263 288 218352 218 74 65 48204 78 56
789 A 261395 209363 138 186 250 50444 35 65 78 836
790 C 255191 173 161 203885 234 82 54 50465 79 58
791 T 249655 163 196998 140 211 86 51833 72 80 72
792 C 243589 230 148 190504 205 99 83 52148 79 93
793 A 238707 181291 186 261 223 56412 70 117 104 43
794 T 231682 223 174920 264 212 103 55721 85 95 59
795 A 223263 167806 184 216 215 54463 99 65 97 118
796 T 217403 112 158628 180 149 58 58080 76 73 47
797 T 212904 144 152625 192 129 63 59492 101 89 69
798 G 208043 132 178 170 149652 66 79 71 57647 48
799 A 202693 145273 100 257 169 56543 56 108 106 81
800 G 198862 136 138 189 141764 82 74 101 56342 36
801 A 193355 135953 133 194 183 56397 59 99 142 195
802 G 187022 86 86 97 131612 39 45 69 54956 32
803 G 181464 72 67 75 127129 61 45 45 53924 46
804 G 173834 44 70 56 122527 42 58 34 50952 51
805 T 168199 43 117847 112 76 64 49798 79 62 118
806 C 161883 88 60 111969 60 92 33 49512 36 33
807 A 155275 106620 51 85 70 48272 28 52 57 40
808 G 147498 56 56 84 100791 52 60 56 46295 48
809 T 140844 50 92427 85 71 76 47961 56 52 66
810 T 136714 69 87125 59 85 59 49145 71 59 42
811 G 128428 100 74 81 81204 87 49 78 46716 39
812 C 123710 53 78 78128 90 54 59 45150 69 29
813 T 120081 59 70446 103 58 67 49131 102 56 59
814 C 115957 188 160 64574 163 181 179 50345 148 19
815 A 112440 61560 181 200 161 49832 151 148 173 34
816 C 108030 145 160 59623 155 218 139 47140 117 333
817 A 103939 55398 183 126 146 47657 154 110 151 14
818 A 100334 50705 174 91 121 48810 189 99 124 21
819 A 96339 48825 132 109 126 46668 210 105 109 55
820 T 92204 57 46450 104 78 126 45121 133 119 16
821 C 87589 76 56 40696 50 155 230 46081 98 147
822 T 83592 75 36894 68 47 131 46129 129 102 17
823 T 78771 71 36116 78 97 98 42081 107 104 19
824 G 73424 65 91 63 33822 96 132 94 39013 48
825 T 69366 104 32311 80 80 88 36481 134 74 14
826 C 65437 38 14 29708 14 81 77 35418 60 27
827 T 62876 25 27481 19 33 91 34740 128 145 214
828 G 57696 5 22 18 24793 40 46 724 31113 935
829 C 55154 254 248 24151 414 97 80 29775 116 19
830 C 55074 174 261 23257 346 84 77 30752 112 11
831 C 57716 236 266 22600 364 146 108 33876 103 17
832 G 57831 263 221 223 22057 178 87 208 34496 98
833 C 57046 224 256 20850 195 73 101 35255 78 14
834 C 59147 344 213 19978 201 93 500 37053 131 634
835 T 61444 26 20208 332 54 67 40416 151 135 55
836 G 60152 75 102 65 18735 79 134 93 40843 26
837 T 60435 70 19352 104 79 68 40459 91 141 71
838 G 62533 14 58 18 20705 33 146 53 41434 72
839 T 64101 28 22207 20 44 51 41570 65 81 35
840 G 65951 16 28 41 23893 59 273 58 41387 196
841 T 66511 41 26045 45 50 106 40026 82 91 25
842 A 67123 27710 70 20 70 38785 162 57 142 107
843 T 69195 59 28750 59 61 91 37474 70 1245 1386
844 G 72420 102 143 158 33344 86 172 126 38285 4
845 G 75424 129 119 169 37230 122 154 289 36946 266
846 A 77900 23452 142 171 364 23885 125 11719 208 17834
847 C 81442 279 273 45859 386 84 79 34316 156 10
848 C 86639 239 343 50477 481 128 95 34751 115 10
849 T 92739 225 56125 326 442 139 35263 117 92 10
850 G 96124 185 133 137 61145 62 54 43 34353 12
851 C 99748 175 135 64844 90 34 122 34310 27 11
852 C 105248 167 168 67922 157 43 59 36667 41 24
853 G 110752 78 162 129 70725 40 53 47 39503 15
854 T 117108 92 74677 115 130 33 41965 49 34 13
855 A 123097 77739 80 126 121 44878 57 46 33 17
856 G 130818 25 53 51 83384 31 59 25 47180 10
857 C 137073 57 30 87318 59 44 28 49493 23 21
858 C 142608 36 52 90980 49 29 41 51378 21 22
859 A 148573 94462 16 4 15 54005 24 11 17 19
860 G 153625 28 18 33 99158 19 24 62 54267 16
861 T 157901 16 103253 15 6 10 54549 16 6 30
862 G 162925 26 30 20 108239 14 63 22 54494 17
863 G 166606 38 53 18 114424 12 41 13 51970 37
864 C 172616 73 46 121108 53 27 26 51222 30 31
865 T 181511 37 127629 75 44 25 53618 34 23 26
866 A 187608 133755 38 20 69 53569 37 39 37 44
867 C 193611 98 102 141374 54 53 90 51774 35 31
868 G 202010 50 83 77 148848 35 75 65 52749 28
869 A 209078 156191 28 54 100 52520 39 25 69 52
870 C 216361 69 46 163287 70 54 34 52745 22 34
871 T 223382 92 168112 142 93 33 54734 77 49 50
872 T 226549 111 172981 97 124 37 53039 56 62 42
873 C 233293 100 155 180152 159 36 86 52512 50 43
874 G 240729 92 108 88 186483 46 46 64 53756 46
875 A 248106 189766 78 73 112 57867 40 43 76 51
876 A 255465 195047 72 90 106 59978 41 42 23 66
877 A 263273 200385 60 62 76 62532 27 30 32 69
878 A 271412 204474 66 70 93 66541 23 38 37 70
879 A 278437 210880 47 89 198 67017 64 28 56 58
880 G 284633 83 165 105 219025 39 81 53 65025 57
881 A 291056 223780 128 100 113 66679 70 37 59 90
882 G 294481 116 174 94 229500 39 93 43 64358 64
883 G 300224 64 80 52 238870 27 90 25 60931 85
884 G 305453 97 114 53 246052 25 75 25 58941 71
885 A 311950 254236 56 64 65 57367 23 21 20 98
886 T 318370 123 260362 171 128 51 57377 38 41 79
887 A 325039 264630 110 75 215 59422 103 81 70 333
888 C 333389 193 102 272986 149 70 46 59749 38 56
889 T 339985 183 280099 204 181 49 59049 84 48 88
890 C 348479 226 194 289643 195 50 74 57975 53 69
891 T 355120 166 297807 194 211 37 56517 67 39 82
892 T 360028 357 305060 270 363 77 53655 81 73 92
893 T 369056 385 315266 296 407 88 52371 61 79 103
894 A 376469 323002 303 340 490 52032 79 65 89 69
895 G 382734 168 269 248 329522 63 85 63 52234 82
896 T 390876 205 336640 307 295 49 53043 62 64 211
897 G 396737 172 211 319 341837 37 97 92 53864 108
898 G 403506 181 343 204 347195 32 106 52 55265 128
899 G 409092 240 280 267 350769 49 58 52 57272 105
900 A 413083 355899 217 229 366 56060 60 55 85 112
901 A 418673 362406 249 255 279 55183 43 63 67 128
902 T 425494 251 369191 242 376 63 55143 57 56 115
903 A 432026 375956 303 192 461 54813 98 37 74 92
904 G 438266 218 274 255 384719 48 66 54 52518 114
905 A 445825 392955 234 225 454 51529 52 51 85 240
906 C 453949 189 197 401520 443 47 46 51327 50 130
907 C 461619 273 260 407290 387 49 47 53120 62 131
908 C 468410 393 170 414437 348 60 43 52803 44 112
909 T 472777 226 420088 389 413 41 51337 79 56 148
910 T 477748 423 425170 445 583 48 50788 65 90 136
911 T 482502 407 432439 510 623 48 48173 73 74 155
912 C 488288 538 472 435514 628 72 103 50771 89 101
913 A 496802 441882 375 413 717 53019 62 93 95 146
914 A 503550 446069 589 373 518 55625 102 55 66 153
915 A 510503 452090 419 596 445 56530 74 73 68 208
916 C 518446 389 321 459441 469 109 43 57482 62 130
917 T 527255 284 467655 327 572 59 58005 105 78 170
918 G 534908 476 405 303 476706 87 122 54 56625 130
919 C 542434 387 411 482532 653 58 60 58110 114 109
920 T 550018 295 489910 435 648 43 58340 99 70 178
921 T 556836 394 497073 373 665 56 57926 57 74 218
922 C 563706 441 337 505271 362 67 98 56963 51 116
923 A 570188 511071 281 254 538 57653 52 77 76 186
924 A 576937 517594 441 158 517 57884 78 25 62 178
925 A 583599 522918 360 372 732 58829 63 47 110 168
926 A 589805 528676 380 404 758 59137 62 71 99 218
927 C 595346 432 399 535546 734 89 57 57848 80 161
928 A 602762 543305 452 462 715 57441 58 77 93 159
929 G 608998 574 556 526 550791 76 78 87 56172 138
930 C 614419 520 626 555070 637 73 62 57173 96 162
931 C 620688 464 417 561041 576 62 57 57797 73 201
932 A 627636 569203 386 323 658 56738 51 46 59 172
933 A 634514 575810 390 348 697 56924 58 46 70 171
934 G 639825 417 449 494 583274 53 66 68 54876 128
935 T 646803 350 590442 492 531 36 54511 60 74 307
936 A 652810 595831 378 393 748 55078 66 55 77 184
937 T 659784 589 602766 543 673 76 54803 61 71 202
938 A 665959 610630 565 599 808 52868 79 66 83 261
939 C 672706 708 960 616202 619 86 110 53795 69 157
940 A 680517 622903 584 634 990 54939 69 72 111 215
941 G 684557 497 792 565 627469 64 95 83 54820 172
942 C 690630 598 655 633356 805 63 68 54825 100 160
943 C 696546 908 959 638143 999 95 88 55084 93 177
944 T 702167 803 641219 1078 913 73 57694 122 87 178
945 A 707976 646908 1032 766 1196 57518 143 90 111 212
946 A 715103 656945 556 313 577 56319 65 46 58 224
947 T 720576 345 662754 386 780 43 55913 48 79 228
948 C 725709 524 469 666143 666 63 82 57531 51 180
949 A 730983 667371 535 448 1055 61146 52 53 105 218
950 G 736464 504 725 453 673352 64 91 44 61039 192
951 A 739295 675521 558 524 721 61452 63 56 80 320
952 C 745648 646 661 679850 1003 97 79 63016 88 208
953 C 751358 676 822 683246 1042 78 140 65038 111 205
954 G 756761 929 913 636 688050 84 129 90 65744 186
955 A 762792 693406 811 806 1329 65889 94 94 154 209
956 A 767255 695836 780 803 1363 67793 94 116 155 315
957 C 771295 840 1210 698434 1431 133 222 68652 146 227
958 G 774855 490 805 454 706220 49 113 65 66449 210
959 A 779879 710491 652 506 810 66915 89 79 107 230
960 G 783039 638 743 447 713097 91 89 72 67640 222
961 A 786990 713329 487 515 1197 70866 95 96 151 254
962 A 790215 714009 713 537 999 73337 109 88 143 280
963 T 793439 494 716966 616 913 87 73884 115 117 247
964 C 796918 960 881 719171 1146 133 102 74130 161 234
965 C 801565 904 858 720203 1266 155 124 77689 141 225
966 A 803305 717561 760 739 1640 81955 126 120 190 214
967 G 805359 820 1218 839 719793 127 188 156 82029 189
968 C 809604 994 1282 723900 977 148 193 81747 161 202
969 A 811376 725826 932 742 1273 81756 154 107 204 382
970 C 813765 472 554 729070 381 72 84 82855 48 229
971 A 815575 728902 675 549 653 84162 114 85 100 335
972 C 817366 684 535 730045 574 138 99 84963 75 253
973 A 820739 731453 195 117 375 88201 31 31 63 273
974 A 823271 733487 181 182 410 88598 68 50 66 229
975 G 824000 187 431 159 732720 72 70 30 90095 236
976 A 823998 733622 76 52 168 89759 29 13 40 239
977 G 822846 208 131 69 734804 36 36 32 87303 227
978 T 821891 108 731836 115 96 59 88844 42 44 747
979 C 823202 385 236 729700 174 82 57 92325 35 208
980 A 824689 729170 110 158 530 94363 30 34 91 203
981 G 821360 238 393 285 726806 60 69 60 93259 190
982 C 821624 1449 1279 721315 1426 231 183 95290 228 223
983 T 824001 1262 721144 916 1370 183 98560 142 215 209
984 G 821567 1180 1133 834 718646 179 227 139 99016 213
985 G 819445 758 843 585 719160 132 165 93 97463 246
986 T 818884 765 716996 861 899 190 97673 162 241 1097
987 G 819071 676 746 725 719688 139 168 119 96627 183
988 T 822236 763 722584 530 975 111 96548 99 172 454
989 G 823029 870 909 722 722991 123 175 123 96849 267
990 G 822836 761 674 818 722490 114 152 127 97453 247
991 A 822701 717709 907 970 1144 101162 167 176 207 259
992 T 823692 862 715348 1022 1097 196 104524 172 198 273
993 G 821333 1044 925 899 716249 182 214 189 101345 286
994 G 820359 1227 962 652 717937 229 191 132 98774 255
995 C 820975 1034 1018 719804 895 201 191 97376 181 275
996 A 821786 720467 880 906 1010 97777 166 159 164 257
997 T 821549 1126 720210 1216 863 173 97322 201 149 289
998 G 820416 1238 1254 826 723056 198 215 122 93314 193
999 C 819886 1063 1469 721559 1124 195 247 93835 160 234
1000 A 821457 719809 607 530 642 99266 133 91 114 265
1001 A 822505 718531 706 477 440 101785 152 75 108 231
1002 T 821659 674 716475 483 477 134 102927 95 87 307
1003 T 820600 730 714181 843 778 122 103323 173 183 267
1004 C 820820 963 909 711838 857 207 174 105473 167 232
1005 T 821401 737 709268 811 1079 193 108729 155 197 232
1006 G 818704 952 701 513 707100 171 194 168 108661 244
1007 C 818104 735 574 708905 670 221 113 106559 136 191
1008 T 819592 585 704954 767 690 107 111844 202 156 287
1009 G 820412 661 694 439 704222 187 184 129 113692 204
1010 C 821911 738 661 705805 779 205 164 113165 184 210
1011 A 823157 706829 510 415 799 113906 134 117 188 259
1012 T 822841 303 705856 504 598 72 114977 122 134 275
1013 T 825007 370 704943 417 652 110 118013 117 117 268
1014 T 824271 476 704585 469 604 104 117530 115 128 260
1015 G 818907 275 382 506 705131 75 133 92 112108 205
1016 A 819705 705646 325 260 593 112394 79 63 114 231
1017 A 819825 705939 265 305 667 112133 92 62 128 234
1018 G 815298 440 553 372 702306 130 145 78 111068 206
1019 A 813604 700463 373 467 412 111326 98 91 92 282
1020 T 810793 304 699425 499 441 81 109615 95 97 236
1021 C 809725 261 103 699251 327 89 44 109360 80 210
1022 T 814370 142 700136 408 201 86 113062 99 41 195
1023 A 814604 699481 162 138 461 113913 59 43 94 253
1024 A 813070 698875 342 422 643 112232 92 81 104 279
1025 G 809954 422 592 390 697076 106 123 92 110988 165
1026 A 807918 697726 552 367 649 108070 102 86 135 231
1027 G 805421 190 377 133 698956 38 92 45 105416 174
1028 T 804712 165 694839 188 258 103 107671 56 131 1301
1029 A 803238 696715 198 117 298 105582 52 34 42 200
1030 T 804005 273 694011 299 699 68 108197 70 137 251
1031 T 805249 302 695425 383 525 87 108098 87 104 238
1032 A 810072 695762 433 418 481 112472 106 87 84 229
1033 A 811698 693318 521 796 781 115593 108 176 157 248
1034 G 813738 468 704 502 695274 99 189 113 116214 175
1035 C 814270 708 582 695977 882 141 154 115488 172 166
1036 T 815229 425 697656 500 602 111 115441 99 145 250
1037 T 815373 392 699535 447 572 91 113867 116 109 244
1038 C 812705 622 472 700534 563 146 124 109934 125 185
1039 A 812513 700134 389 323 615 110531 90 86 108 237
1040 T 809748 323 695941 390 491 121 112100 79 108 195
1041 C 811006 488 426 692402 525 156 106 116599 111 193
1042 A 813782 689485 368 374 724 122246 152 91 124 218
1043 G 810817 384 586 303 689716 90 150 106 119285 197
1044 A 812498 691001 449 333 702 119377 130 115 145 246
1045 G 811717 278 509 353 692682 114 160 73 117290 258
1046 G 807218 362 355 394 692683 116 104 73 112846 285
1047 G 810094 347 492 265 698435 85 109 76 110024 261
1048 A 810242 697434 494 461 768 110329 121 143 147 345
1049 C 812724 270 519 698689 725 86 95 111919 188 233
1050 C 817192 557 392 699060 584 217 91 115928 138 225
1051 A 822609 701821 281 279 352 119380 98 94 89 215
1052 A 822473 700998 311 211 438 119997 123 53 109 233
1053 A 821200 699935 367 296 471 119564 129 81 148 209
1054 G 817373 387 329 357 699776 115 137 101 115939 232
1055 T 817280 364 698476 321 345 160 116788 107 125 594
1056 A 816464 700064 349 287 461 114726 166 73 89 249
1057 T 818798 160 705991 316 56 86 111732 128 24 305
1058 C 820637 254 206 707289 111 68 113 112308 28 260
1059 C 822748 218 210 707518 109 98 65 114187 35 308
1060 C 826588 664 543 705158 780 210 153 118599 153 328
1061 C 830894 753 511 703547 764 335 133 124466 166 219
1062 A 835185 704263 509 564 616 128506 148 180 129 270
1063 A 834228 704169 78 31 313 129131 99 19 167 221
1064 G 833281 175 429 86 703620 103 172 27 128450 219
1065 G 832845 117 203 108 708920 41 97 95 123054 210
1066 G 829284 151 422 100 712269 117 114 27 115805 279
1067 G 825982 296 331 170 710135 174 107 36 114447 286
1068 G 825217 413 392 135 708375 130 192 59 115274 247
1069 A 825429 705085 318 264 389 118699 188 62 164 260
1070 A 827803 706608 299 187 323 119787 208 39 72 280
1071 A 828947 708634 270 269 380 118642 75 107 209 361
1072 C 830242 318 346 708056 474 158 245 120336 105 204
1073 T 831488 251 708744 442 434 201 120920 169 79 248
1074 T 833462 295 711781 275 551 57 119911 196 130 266
1075 T 834353 292 714134 394 402 73 118605 102 78 273
1076 C 834430 518 403 717796 254 130 130 114867 84 248
1077 C 836181 475 302 723598 394 137 98 110809 122 246
1078 A 834039 725165 469 429 738 106574 117 111 133 303
1079 C 834442 568 453 724632 541 136 91 107720 104 197
1080 T 836636 413 722477 467 513 98 112252 121 91 204
1081 A 839873 718343 775 563 783 118669 231 144 147 218
1082 G 840754 712 885 490 719015 161 242 98 118997 154
1083 A 840217 719807 661 622 948 117472 145 154 162 246
1084 G 841393 282 629 313 725016 77 174 88 114568 246
1085 G 839978 230 421 424 726030 61 115 97 112382 218
1086 A 839848 728996 395 359 773 108765 88 77 131 264
1087 G 838850 364 508 219 730616 112 115 57 106655 204
1088 T 840048 270 732887 428 471 143 104486 102 167 1094
1089 A 839398 733910 421 255 631 103639 97 65 148 232
1090 C 840349 599 527 733679 417 140 119 104534 108 226
1091 A 844650 736089 424 340 529 106668 139 59 119 283
1092 A 845636 738756 495 320 601 104835 142 53 119 315
1093 A 845161 740159 404 278 447 103381 90 71 85 246
1094 T 843766 331 741075 378 540 96 100903 64 110 269
1095 T 845279 316 745165 440 609 60 98263 80 97 249
1096 G 843895 456 567 345 747455 81 141 86 94533 231
1097 C 844380 393 330 748177 563 72 63 94479 96 207
1098 T 846418 338 748796 434 534 73 95747 95 85 316
1099 T 846297 452 746810 682 912 70 96804 116 164 287
1100 C 848634 738 506 746535 990 173 105 99190 185 212
1101 A 851840 746766 684 436 1058 102250 117 100 166 263
1102 A 850830 743701 571 563 681 104746 117 83 115 253
1103 A 849353 742047 550 561 679 104945 120 97 103 251
1104 T 849242 416 743187 627 777 110 103627 96 161 241
1105 G 847874 492 548 499 744337 108 150 98 101445 197
1106 A 847432 746300 611 424 629 98927 108 64 133 236
1107 A 846679 746924 542 340 605 97732 78 66 108 284
1108 A 848868 745413 331 363 472 101782 74 71 77 285
1109 A 848271 743748 386 325 612 102562 78 82 104 374
1110 C 849383 446 435 745509 402 148 93 102065 66 219
1111 A 852319 747289 537 473 578 102897 114 96 104 231
1112 T 854115 491 749288 498 538 101 102771 89 86 253
1113 G 854201 535 579 485 751409 106 165 96 100569 257
1114 G 851533 215 444 305 751130 50 82 83 98987 237
1115 A 850737 751784 303 249 440 97524 73 58 76 230
1116 T 851622 285 753484 362 397 46 96629 72 86 261
1117 G 851759 423 609 233 752856 101 110 82 97120 225
1118 C 850813 477 494 751142 426 96 157 97705 86 230
1119 T 852444 306 753398 476 359 88 97418 80 75 244
1120 A 853053 754097 464 426 693 96811 92 120 102 248
1121 T 853171 355 756419 637 716 51 94553 74 107 259
1122 G 852755 430 493 530 755389 94 118 131 95310 260
1123 G 850278 374 501 355 753863 115 89 50 94706 225
1124 A 849432 752080 372 352 494 95627 75 37 133 262
1125 A 850311 753143 221 323 628 95509 82 48 99 258
1126 T 848845 432 752271 560 849 92 94145 113 132 251
1127 C 850725 600 414 753005 957 126 80 95142 193 208
1128 A 852737 751215 595 471 1062 98781 114 88 169 242
1129 A 850554 748289 608 610 893 99529 122 91 159 253
1130 G 846676 529 558 579 746827 106 128 103 97656 190
1131 T 847042 609 746575 663 915 121 97511 144 141 363
1132 A 848387 747722 506 593 952 97388 105 113 171 837
1133 C 846502 684 434 746515 979 162 89 97300 135 204
1134 T 848034 642 747348 466 934 116 98060 82 133 253
1135 C 848769 695 526 747636 668 125 94 98689 129 207
1136 T 849456 551 745195 735 875 153 101437 119 134 257
1137 T 849501 501 743488 648 835 111 103411 109 126 272
1138 G 846403 507 845 536 740299 113 154 99 103611 239
1139 A 846789 738265 431 555 806 106116 107 101 135 273
1140 A 846147 735942 568 512 751 107706 120 97 128 323
1141 C 846417 608 587 736622 653 127 124 107371 119 206
1142 T 848548 564 737519 606 684 115 108587 122 127 224
1143 G 849374 542 784 541 739195 111 161 122 107732 186
1144 A 849999 734390 708 798 1133 112265 136 132 192 245
1145 G 848157 783 1158 838 731592 173 199 158 113041 215
1146 A 847703 732079 749 1000 1104 111966 141 184 209 271
1147 A 848446 733988 878 499 1430 110830 191 126 249 255
1148 G 846646 1103 1116 766 734245 229 218 135 108615 219
1149 C 844730 958 1091 734145 1388 175 235 106242 231 265
1150 A 845870 733270 973 871 1665 108253 167 160 277 234
1151 G 842229 1119 1035 532 732662 210 196 92 106157 226
1152 G 841472 891 825 742 732958 159 146 166 105316 269
1153 T 841877 866 730837 866 1240 205 106549 194 274 846
1154 A 841406 732897 796 822 1375 104646 193 136 236 305
1155 C 840420 1039 840 732752 1105 208 193 103909 175 199
1156 T 843272 747 733910 813 1137 124 105980 143 183 235
1157 G 842922 868 778 518 735557 131 223 98 104497 252
1158 G 839633 589 700 652 732957 107 155 112 104066 295
1159 G 837155 531 324 626 733231 92 82 132 101873 264
1160 C 836512 693 526 729303 680 145 133 104575 161 296
1161 C 836050 629 550 727403 659 175 116 106127 118 273
1162 A 836435 723883 848 790 886 109257 182 199 159 231
1163 T 836103 879 720107 663 960 267 112729 117 168 213
1164 A 835464 718813 699 386 1607 113198 177 76 268 240
1165 A 840074 723708 794 420 1023 113323 193 94 281 238
1166 G 838492 571 1124 579 718893 205 225 150 116547 198
1167 A 838873 717317 916 565 500 118858 210 117 146 244
1168 A 840264 716901 921 1185 1304 118826 232 262 257 376
1169 C 840808 1038 1285 716090 1120 226 218 120263 261 307
1170 C 844872 1029 1008 717789 1286 296 174 122805 236 249
1171 A 846920 719670 1504 1098 1653 121933 309 226 298 229
1172 G 844802 1180 1516 994 718256 311 333 208 121800 204
1173 A 843787 717727 959 1203 1520 121379 191 225 325 258
1174 A 844803 717333 1256 1198 1156 122846 307 245 232 230
1175 G 846060 1014 1006 1033 720641 225 256 196 121494 195
1176 T 847532 1137 721816 1100 1229 244 120607 275 295 829
1177 G 847470 488 483 511 727138 157 190 125 118144 234
1178 G 844688 464 499 369 727118 112 128 96 115684 218
1179 A 844367 725934 459 419 914 115893 119 86 281 262
1180 G 842255 451 708 498 726141 97 292 90 113751 227
1181 G 838879 463 643 456 725781 126 220 90 110799 301
1182 A 837077 723391 568 487 643 111251 122 118 226 271
1183 A 837076 720961 883 978 1089 112107 303 257 246 252
1184 A 836196 720085 944 786 1250 112015 194 150 396 376
1185 C 835759 945 831 719595 1230 395 164 112113 253 233
1186 A 832781 716779 889 750 1405 111673 371 191 274 449
1187 C 832476 1067 884 714913 1344 268 385 113172 240 203
1188 T 832837 843 714287 1032 1210 209 114576 208 224 248
1189 A 832070 716381 931 689 929 112162 199 124 394 261
1190 A 832319 714822 731 633 1184 114215 176 141 189 228
1191 T 830343 609 715990 602 1229 129 110868 413 217 286
1192 C 829843 850 807 708530 919 221 184 117931 222 179
1193 A 831622 705770 609 870 1097 122228 405 177 237 229
1194 A 829083 706521 800 939 570 119194 162 195 342 360
1195 C 831750 805 818 704433 1459 196 190 123368 289 192
1196 A 837750 702577 852 958 1542 130874 216 184 333 214
1197 G 835886 924 996 820 703263 230 250 166 129011 226
1198 A 836109 704024 730 604 1246 128633 218 133 274 247
1199 G 834193 526 656 638 704246 152 165 137 127409 264
1200 G 830649 600 601 538 702969 139 154 121 125223 304
1201 G 827017 502 635 634 702333 109 146 150 122265 243
1202 C 828506 621 707 704651 859 142 168 120902 187 269
1203 C 831363 609 532 705125 1100 166 127 123251 218 235
1204 T 835872 597 705540 860 1201 179 126836 193 221 245
1205 C 834484 643 501 701628 1328 187 130 129613 268 186
1206 T 835053 645 699344 1151 1165 202 131811 238 231 266
1207 G 829847 974 1344 1015 699318 218 280 193 126282 223
1208 C 829376 1188 1327 699675 1574 269 533 124311 280 219
1209 A 829733 697941 713 1206 1802 126875 377 251 343 225
1210 G 827111 752 1036 522 699481 188 233 112 124548 239
1211 G 823670 696 981 676 705630 362 204 144 114751 226
1212 T 819464 683 702144 1322 1372 156 112299 267 294 927
1213 C 819978 783 449 705453 453 199 308 112047 88 198
1214 A 823277 706013 601 1040 267 114677 117 227 59 276
1215 A 824843 707452 688 756 626 114491 145 138 275 272
1216 A 827028 706437 393 215 292 119110 223 45 60 253
1217 T 827860 275 706808 391 161 78 119638 94 170 245
1218 C 830148 488 375 712991 222 141 166 115503 54 208
1219 A 831492 714707 238 152 468 115446 114 34 92 241
1220 G 829817 176 364 178 716871 53 113 62 111801 199
1221 T 829613 247 719186 283 95 72 109025 60 72 573
1222 G 826258 171 277 142 716273 53 68 40 109032 202
1223 T 826521 184 718637 255 208 53 106563 55 62 504
1224 G 828119 523 324 99 723511 81 91 37 103242 211
1225 C 829192 872 1547 718844 1177 173 261 105887 219 212
1226 A 831789 715727 813 990 1511 111907 163 165 269 244
1227 A 834171 715916 871 830 1502 113960 170 193 248 481
1228 C 836899 527 681 718729 944 115 150 115335 187 231
1229 C 840284 864 426 722781 904 161 116 114654 162 216
1230 T 843995 605 724238 1032 925 113 116482 194 158 248
1231 G 844393 1119 628 415 726880 232 162 120 114622 215
1232 C 847379 602 593 728847 1068 157 150 115532 232 198
1233 A 851956 730666 644 543 897 118532 157 126 178 213
1234 T 853762 543 732960 333 1374 107 117820 85 276 264
1235 T 856848 682 732342 547 1199 139 121320 124 223 272
1236 T 859102 465 733332 557 1602 97 122352 116 308 273
1237 T 861287 864 735178 730 1467 164 122163 154 305 262
1238 C 862413 912 973 736630 1473 194 207 121540 273 211
1239 T 863453 860 735894 1025 1187 168 123624 253 207 235
1240 G 859644 970 933 811 737984 182 250 206 118091 217
1241 T 858544 1026 742251 935 1654 199 111572 184 326 397
1242 G 858356 939 1228 812 745310 172 253 201 109222 219
1243 C 861223 654 800 747498 1190 160 207 110271 229 214
1244 A 865802 749920 679 595 1204 112639 135 102 245 283
1245 A 867411 752306 778 471 1313 111773 146 116 233 275
1246 A 870555 751185 641 707 1029 116194 235 110 204 250
1247 G 869163 485 822 689 751107 155 167 139 115385 214
1248 A 867861 754103 788 432 1079 110753 155 83 196 272
1249 A 868793 756635 526 380 851 109821 75 76 160 269
1250 A 867032 756109 476 443 787 107850 111 122 122 1012
1251 C 867222 520 531 758359 692 166 77 106509 116 252
1252 C 870697 685 609 759154 1126 152 184 108361 189 237
1253 T 872814 796 761986 717 1233 161 107158 195 224 344
1254 C 871737 852 481 762976 1207 139 128 105479 213 262
1255 C 873761 958 811 761910 1226 232 128 108002 211 283
1256 C 874632 1167 856 763002 945 250 137 107814 215 246
1257 A 874268 762907 877 602 1413 107687 169 144 269 200
1258 T 871516 832 763580 856 1596 179 103770 116 272 315
1259 T 870421 823 766134 1151 1543 148 99917 169 217 319
1260 T 870312 810 766886 1242 1783 147 98672 166 309 297
1261 G 866788 861 1063 672 771382 181 212 122 92064 231
1262 A 865494 769879 799 706 1108 92294 141 121 156 290
1263 C 866363 918 808 770278 883 176 139 92813 137 211
1264 A 870893 772214 750 639 1300 95305 99 133 204 249
1265 A 871068 771825 736 834 1153 95786 143 106 170 315
1266 A 870822 772611 1000 498 1257 94679 165 85 179 348
1267 C 870208 795 958 770776 1513 136 161 95389 210 270
1268 C 868815 964 842 769459 1761 186 132 94981 253 237
1269 A 866214 767383 892 993 1600 94621 122 150 206 247
1270 A 863664 767121 892 1072 1605 91938 142 146 287 461
1271 C 861012 995 1214 766719 1540 170 189 89671 283 231
1272 C 861320 1082 1192 767942 1581 198 170 88675 248 232
1273 A 861380 769286 1037 914 1118 88362 168 120 155 220
1274 T 858325 851 766949 894 1140 129 87730 132 153 347
1275 C 856817 989 899 768257 1320 186 128 84668 161 209
1276 A 857985 767158 825 912 1377 87057 124 142 165 225
1277 T 854314 1014 764482 1045 947 131 86127 142 142 284
1278 G 850162 793 912 1024 762435 101 172 136 84351 238
1279 G 847852 1016 986 896 762155 143 115 125 82197 219
1280 C 845616 1140 1101 760465 1368 168 137 80835 188 214
1281 A 840980 756775 1016 929 1585 80053 98 111 206 207
1282 G 834245 1088 1010 748 752889 140 137 105 77911 217
1283 C 830419 689 968 749936 1523 110 125 76642 214 212
1284 A 826581 748573 707 798 1361 74518 135 118 146 225
1285 T 823314 699 743681 1161 1280 114 75801 155 155 268
1286 T 820719 989 741139 776 1471 145 75662 94 175 268
1287 C 817416 1126 1076 738174 1218 199 137 75144 152 190
1288 A 815999 736207 793 509 1090 76707 125 80 148 340
1289 C 811119 711 687 730596 896 99 119 77652 126 233
1290 T 808657 616 726679 813 1060 97 78929 89 131 243
1291 G 803322 721 911 496 722466 106 123 91 78175 233
1292 G 796312 728 631 650 716810 121 95 96 76941 240
1293 G 792215 674 933 657 712668 105 121 110 76729 218
1294 A 787430 706109 1387 1040 1640 76349 181 112 252 360
1295 A 784045 703424 1054 1140 1824 75865 141 114 258 225
1296 T 779090 950 700232 1124 1425 134 74706 125 185 209
1297 A 774620 697791 794 640 927 73775 127 80 203 283
1298 C 772038 788 971 695240 809 143 125 73638 110 214
1299 A 767830 692577 652 658 1347 71941 165 83 172 235
1300 G 758530 802 1186 759 683240 132 139 103 71991 178
1301 A 756860 678718 780 636 2038 73889 126 174 244 255
1302 G 752544 774 801 629 676461 96 115 165 73277 226
1303 G 747129 504 663 586 672248 132 103 58 72609 226
1304 G 740911 623 699 358 666909 103 142 64 71810 203
1305 A 735702 658839 575 452 1584 73618 81 57 250 246
1306 A 728625 650431 647 734 1740 74454 86 85 244 204
1307 G 723425 924 1056 621 645139 138 171 85 75112 179
1308 A 719830 639102 748 773 1569 77003 88 106 232 209
1309 A 715953 632126 694 664 1366 80464 109 88 196 246
1310 C 710332 814 580 625323 1309 177 74 81697 181 177
1311 A 704505 618914 526 479 1494 82557 84 78 202 171
1312 T 699294 798 612861 682 1321 127 82980 116 216 193
1313 C 693759 839 757 607833 1340 188 124 82287 224 167
1314 A 688000 603886 609 642 1881 80348 102 93 260 179
1315 G 679568 491 647 437 600092 99 119 80 77433 170
1316 A 674535 596029 424 335 1175 76032 69 67 207 197
1317 C 668463 713 451 589385 909 150 86 76434 162 173
1318 A 662739 582851 683 726 1169 76734 102 108 180 186
1319 T 656460 739 577181 732 1080 123 76160 118 158 169
1320 G 647451 615 847 658 571863 96 118 103 73006 145
1321 A 639316 566502 392 275 873 70873 56 37 140 168
1322 G 633415 284 732 272 560925 51 141 36 70789 185
1323 G 627068 333 399 212 556487 66 79 34 69287 171
1324 G 619959 639 556 510 550018 108 81 92 67761 194
1325 C 614725 629 565 545279 727 124 130 66999 123 149
1326 A 607717 538060 546 517 926 67149 106 70 186 157
1327 G 602335 416 511 358 533038 93 82 52 67654 131
1328 A 598105 528856 402 315 710 67383 52 56 147 184
1329 A 593185 524510 447 261 625 66910 87 50 109 186
1330 A 588773 518284 580 515 948 67905 135 85 160 161
1331 T 584537 392 513358 481 1049 75 68792 69 159 162
1332 T 577928 481 507821 447 1036 94 67666 71 175 137
1333 A 571593 501332 655 525 1020 67552 110 75 166 158
1334 T 566091 800 494393 579 953 135 68803 103 179 146
1335 A 559947 488027 553 572 1096 69205 95 83 181 135
1336 A 555481 479169 985 962 1745 71901 158 151 292 118
1337 G 548904 844 1056 817 472423 154 191 124 73149 146
1338 G 542385 810 1163 712 467003 157 204 125 72083 128
1339 A 536403 461532 678 531 1055 72060 123 80 222 122
1340 T 531098 517 456861 651 1109 101 71376 104 241 138
1341 G 524556 466 776 606 452209 127 155 97 70001 119
1342 A 516812 446475 323 380 662 68533 91 75 137 136
1343 T 508877 355 439928 314 618 75 67250 56 147 134
1344 G 503044 381 447 289 433722 92 98 48 67834 133
1345 G 495227 338 427 226 426645 97 105 41 67236 112
1346 A 485420 417918 286 205 550 66094 85 36 119 127
1347 A 479762 412106 234 281 462 66312 36 87 121 123
1348 G 473126 346 450 199 405756 69 129 39 66019 119
1349 G 468238 261 302 196 400484 65 93 40 66689 108
1350 T 462282 160 394030 286 537 111 66051 94 236 777
1351 G 454787 627 422 329 388008 158 105 92 64954 92
1352 C 446917 337 638 380728 541 106 139 64188 148 92
1353 A 438003 371372 256 341 620 65013 75 80 123 123
1354 A 431351 363562 249 220 397 66569 59 65 110 120
1355 A 425029 355840 214 262 327 68027 64 67 100 128
1356 A 416992 348118 263 285 318 67570 50 123 89 176
1357 C 412331 173 196 345544 252 65 41 65884 83 93
1358 C 404547 245 131 335786 292 149 31 67712 96 105
1359 A 397026 324416 141 196 295 71684 36 53 114 91
1360 G 391540 157 359 181 318885 106 101 47 71627 77
1361 A 386626 315363 195 162 317 70261 68 56 114 90
1362 A 380692 306178 183 210 260 73524 66 80 126 65
1363 G 373003 433 643 485 297059 182 182 152 73792 75
1364 A 365207 288224 601 363 567 74904 164 113 191 80
1365 A 359227 277631 485 321 645 79592 167 101 209 76
1366 A 353856 269875 398 274 392 82480 148 84 132 73
1367 T 348683 283 262392 300 364 127 84896 98 150 73
1368 G 341613 288 334 215 255983 114 147 84 84378 70
1369 T 333947 394 250115 433 457 179 81870 190 205 104
1370 C 328372 519 422 245027 479 217 188 81256 189 75
1371 C 322689 418 459 240352 376 244 186 80403 204 47
1372 T 319574 387 234589 323 698 200 82946 111 242 78
1373 T 312495 450 230987 343 684 195 79399 114 247 76
1374 C 304617 437 404 227051 574 192 150 75574 179 56
1375 C 298642 366 291 223499 675 241 101 73239 164 66
1376 A 291526 217485 483 336 873 71819 101 107 267 55
1377 G 283285 269 513 321 213723 101 146 85 68078 49
1378 G 276491 227 421 289 209375 86 122 111 65813 47
1379 G 269108 376 525 272 204028 114 163 80 63500 50
1380 G 260666 415 450 333 199556 115 139 124 59489 45
1381 C 254290 283 450 195344 485 91 141 57207 226 63
1382 G 250425 357 469 367 193270 110 161 153 55481 57
1383 G 244221 291 362 313 189959 84 126 87 52947 52
1384 G 244205 311 461 556 188878 119 180 163 53457 80
1385 G 240311 329 404 501 186879 219 139 153 51622 65
1386 A 244286 182479 471 512 607 49208 166 158 5189 5496
1387 G 244651 197 246 202 187843 117 164 112 55705 65
1388 T 656759 151 397471 608 311 432 219938 561 12441 24846
1389 C 670932 454 309 438069 259 486 552 229816 665 322
1390 T 679512 1452 457970 1137 2080 608 214494 656 818 297
1391 T 682903 1441 456095 1139 1654 640 220589 547 675 123
1392 C 693135 1158 1843 461652 1869 582 1338 223283 772 638
1393 G 704525 640 945 451 474040 485 856 555 225981 572
1394 A 710085 478804 670 591 850 227055 524 457 682 452
1395 G 718008 505 922 436 482498 412 727 451 231799 258
1396 C 728845 1166 1125 495912 1343 583 678 226658 886 494
1397 T 741945 1069 522115 879 1254 516 214276 636 628 572
1398 C 751007 1019 1327 524815 1242 571 817 220378 593 245
1399 T 760074 817 532562 579 529 459 224025 448 300 355
1400 C 769174 725 817 534669 887 462 736 230191 530 157
1401 G 776728 556 869 457 544998 345 653 471 228063 316
1402 G 780235 428 722 188 553643 224 454 141 224155 280
1403 A 786100 559106 552 441 909 220059 287 233 1420 3093
1404 C 795529 379 697 578463 806 343 494 213730 365 252
1405 G 804471 920 1255 554 586420 441 607 345 213785 144
1406 A 811875 592313 1066 664 936 215050 513 331 581 421
1407 A 819610 602890 1039 949 882 212292 477 462 428 191
1408 A 824556 616426 705 688 1506 203814 414 283 560 160
1409 G 824864 1059 1109 701 622844 1468 482 306 193493 3402
1410 G 824928 754 843 948 636843 312 332 362 184377 157
1411 G 825060 832 774 933 648813 310 304 381 172393 320
1412 C 829744 692 1013 660890 1248 240 399 163334 927 1001
1413 A 836755 670425 682 761 2002 161515 277 275 542 276
1414 G 835346 455 584 252 683004 160 218 156 150039 478
1415 C 839552 347 763 693932 159 159 309 143381 124 378
1416 G 849321 406 585 426 704587 146 241 160 142352 418
1417 A 854833 711269 386 624 663 140815 123 166 294 493
1418 A 858509 719208 352 629 634 136778 124 182 155 447
1419 C 861708 489 432 728842 705 385 93 129571 158 1033
1420 C 866771 439 503 740569 807 164 153 123706 149 281
1421 C 871351 483 490 749080 988 173 198 119583 179 177
1422 G 873511 648 630 481 756369 172 189 414 113291 1317
1423 A 876702 760619 884 554 1440 111447 237 171 334 1016
1424 T 877450 1079 762219 512 1571 348 110873 130 290 428
1425 C 879952 1092 1249 763314 1455 260 308 111752 297 225
1426 G 881324 1186 1365 940 765310 224 294 274 111396 335
1427 T 884375 1126 769226 1096 1960 232 108229 172 619 1715
1428 G 887744 1550 1190 850 780405 257 273 187 102704 328
1429 C 890440 875 998 782097 1207 164 192 104369 294 244
1430 C 893266 947 1139 787725 1057 190 170 101628 188 222
1431 C 895627 918 1177 798510 1248 180 161 93117 159 157
1432 T 896988 614 803709 938 1345 89 87287 592 193 2221
1433 C 897893 636 815 810405 1394 106 173 84048 175 141
1434 T 897944 746 813524 1499 1082 107 80332 235 134 285
1435 T 897917 612 821206 418 943 61 74263 71 114 229
1436 T 897189 471 825940 501 878 52 68844 87 77 339
1437 T 896880 540 829543 608 777 57 65010 81 64 200
1438 G 895501 379 705 313 828612 47 1032 51 58818 5544
1439 A 894006 834271 377 341 919 57411 93 36 105 453
1440 C 892432 546 553 837719 564 62 56 52447 57 428
1441 A 891793 840681 726 524 1033 48310 41 61 61 356
1442 T 890654 531 845034 592 1083 46 42907 34 71 356
1443 G 889779 635 1025 550 850133 46 80 31 37072 207
1444 A 888285 852881 504 359 1516 32389 41 15 90 490
1445 G 887095 470 751 597 857136 18 46 19 27945 113
1446 T 885767 535 847309 577 1388 46 23573 23 708 11608
1447 A 884399 862116 296 152 511 21080 19 3 22 200
1448 A 882713 863707 256 179 528 17615 9 13 13 393
1449 T 881101 237 864328 249 458 28 15311 16 12 462
1450 G 880446 370 732 462 864860 19 17 12 13827 147
1451 A 879138 864492 347 362 828 12463 6 10 15 615
1452 A 878225 865462 384 243 806 10921 7 6 10 386
1453 G 877349 407 787 390 865658 127 16 3 9564 397
1454 G 876513 416 761 313 865144 9 9 3 9696 162
1455 A 875375 863519 389 333 700 9334 6 8 56 1030
1456 T 874437 445 863083 447 715 21 9148 8 12 558
1457 C 873803 472 545 862828 542 18 4 9135 6 253
1458 T 873154 473 862143 514 694 28 9082 10 7 203
1459 T 872305 393 861344 634 742 6 8767 13 9 397
1460 A 871257 860768 527 298 843 8279 69 8 5 460
1461 T 870457 490 860375 432 900 7 7905 4 11 333
1462 T 869754 573 860103 437 726 11 7647 5 4 248
1463 T 868995 645 859542 429 644 10 7484 4 10 227
1464 C 867848 713 896 855254 526 5 250 6638 11 3555
1465 T 867288 428 858316 542 1009 16 6749 5 9 214
1466 T 866306 500 857658 581 925 11 6334 1 5 291
1467 C 865248 836 790 856026 950 10 44 5699 12 881
1468 G 864648 959 1011 599 855848 21 18 7 5703 482
1469 G 863838 602 979 768 855892 8 13 3 5445 128
1470 A 863158 853181 724 660 1230 5186 7 6 84 2080
1471 G 862458 612 961 444 854991 8 8 5 5100 329
1472 A 861879 854237 831 553 817 4897 11 4 25 504
1473 C 861463 793 894 853871 717 15 11 4929 17 216
1474 A 860970 854385 448 593 478 4865 0 10 3 188
1475 A 860263 853745 516 311 674 4675 5 1 4 332
1476 T 859591 454 852173 440 640 39 4386 7 6 1446
1477 G 859112 700 812 480 852147 4 13 4 4345 607
1478 C 858409 750 892 851325 914 16 5 4185 1 321
1479 A 857868 850882 814 481 1195 4004 5 5 7 475
1480 G 857350 607 858 798 850980 14 6 1 3907 179
1481 A 856726 849728 653 648 1648 3778 3 2 10 256
1482 G 856135 664 868 483 850122 3 3 3 3732 257
1483 G 855434 497 677 658 849536 5 4 4 3549 504
1484 A 854667 846749 602 656 1413 3331 0 3 58 1855
1485 G 853760 635 796 501 848365 2 5 3 3231 222
1486 T 853113 576 815892 592 973 13 2761 2 269 32035
1487 A 852479 846759 526 644 1298 2902 3 1 4 342
1488 C 851247 649 782 845516 1013 7 4 2702 5 569
1489 G 847719 1097 1288 996 841353 11 6 5 2594 369
1490 A 842603 835275 1160 1028 2201 2444 6 6 3 480
1491 C 840756 1108 949 833926 1948 16 3 2450 10 346
1492 A 836760 812554 5851 6368 9361 2326 31 21 34 214
1493 A 832310 807892 6844 6011 9087 2184 25 18 35 214
1494 T 827979 5557 805211 4808 9402 40 2147 13 24 777