# amino-acid counts among definitively called codons
# POSITION TOTAL_COUNTS WT N_A N_C N_D N_E N_F N_G N_H N_I N_K N_L N_M N_N N_P N_Q N_R N_S N_T N_V N_W N_Y N_STOP
1 1227045 M 0 0 0 0 1 0 0 776 125 86 1225451 0 0 0 3 0 229 374 0 0 0
2 1229353 A 1221573 199 253 508 156 738 319 234 118 502 7 105 1115 275 584 763 603 883 111 172 135
3 1231133 S 467 282 144 108 282 3 275 119 172 395 7 120 858 222 510 1225965 493 37 104 293 277
4 1234127 Q 623 295 215 300 212 601 493 355 712 1021 83 588 1448 1223114 910 858 823 358 182 360 576
5 1236927 G 374 558 561 41 202 1230660 280 154 17 459 16 87 997 104 468 746 493 440 37 77 156
6 1239156 T 487 143 195 216 128 320 194 331 168 531 94 438 863 242 268 695 1232930 354 77 174 308
7 1242667 K 486 103 215 366 183 405 286 251 1234848 589 79 374 1099 417 509 882 821 264 65 88 337
8 1248031 R 229 65 108 192 154 294 263 300 220 779 125 95 968 576 1241744 423 507 197 471 165 156
9 1247453 S 496 164 157 131 263 325 243 154 205 435 73 189 835 186 478 1241431 466 424 29 547 222
10 1248148 Y 411 328 183 97 155 427 563 270 147 512 50 317 813 195 491 754 511 419 92 1241061 352
11 1245759 E 355 104 168 1240721 95 452 78 137 361 444 39 89 415 138 435 421 308 333 76 76 514
12 1242687 Q 493 145 148 197 134 334 855 234 527 884 117 257 1013 1234257 891 561 765 280 60 117 418
13 1233912 M 473 145 186 235 79 559 444 946 364 612 1225883 160 898 223 708 420 587 581 84 171 154
14 1218832 E 333 100 159 1212543 233 664 171 154 297 305 26 61 1282 188 425 565 323 425 45 102 431
15 1211725 T 447 73 66 95 46 320 154 150 94 158 50 321 609 150 195 221 1208043 173 39 155 166
16 1203638 D 207 90 1199449 223 45 471 205 110 74 184 20 259 344 119 320 209 304 376 51 515 63
17 1182828 G 311 78 184 433 123 1176589 251 144 209 377 49 170 623 147 979 378 390 561 439 198 195
18 1167799 E 588 184 359 1160252 47 618 345 171 566 487 19 175 1264 427 411 532 450 244 81 154 425
19 1142271 R 369 823 97 41 63 491 1157 165 38 696 61 129 782 307 1135715 574 307 221 51 94 90
20 1118697 Q 382 148 121 294 95 401 675 129 404 694 55 164 545 1111194 1632 351 419 386 63 143 402
21 1088794 N 363 76 337 90 74 267 244 277 329 543 46 1083002 621 159 510 601 433 278 36 287 221
22 1048569 A 1040689 154 324 606 102 522 215 107 168 440 48 170 1047 189 748 880 926 786 39 172 237
23 1022942 T 794 151 146 126 118 352 255 354 213 561 74 514 952 154 722 693 1016054 177 101 190 241
24 984594 E 201 127 611 978786 87 527 138 206 296 537 77 119 354 239 440 501 400 260 74 94 520
25 928482 I 178 47 112 107 169 202 184 923608 136 404 146 469 878 124 309 458 322 317 39 140 133
26 882146 R 171 138 57 131 99 716 108 320 132 251 44 42 589 59 878103 404 319 123 110 45 185
27 833831 A 829585 76 107 402 17 421 102 191 80 230 41 58 482 184 268 483 405 565 30 58 46
28 804890 S 293 139 72 82 150 205 158 55 66 286 13 67 492 135 293 801583 348 120 35 246 52
29 775916 V 367 103 151 104 238 148 227 266 80 266 21 49 293 134 244 209 140 772758 21 48 49
30 355006 G 155 24 31 84 13 353320 85 24 16 132 2 11 185 64 284 65 70 212 145 38 46
31 352019 K 106 45 27 135 30 47 50 47 350513 79 31 152 183 27 153 112 99 64 10 38 71
32 351203 M 51 25 37 34 56 179 74 336 81 178 349129 52 145 64 133 163 112 175 25 52 102
33 364347 I 45 45 37 29 80 108 81 362775 120 138 23 119 30 84 159 96 65 140 27 60 86
34 378794 D 166 60 376680 125 30 217 112 79 16 129 10 113 138 50 134 170 160 109 16 185 95
35 395253 G 131 44 21 82 15 393676 22 19 58 90 17 62 83 17 254 115 81 213 33 56 164
36 412193 I 56 9 11 5 44 60 53 411129 17 112 19 49 142 43 124 52 121 74 15 17 41
37 427379 G 101 17 29 80 26 426242 56 27 19 45 13 57 58 19 129 51 95 113 20 26 156
38 444890 R 86 2 50 36 8 31 85 33 12 204 0 32 408 138 443394 38 95 23 3 27 185
39 459554 F 96 78 66 37 457615 84 94 60 33 392 12 28 231 19 119 187 150 84 34 62 73
40 474745 Y 121 186 55 105 76 193 161 94 88 186 72 126 142 3 196 172 161 108 54 472180 266
41 489261 I 57 35 47 56 69 137 33 487460 55 168 33 126 163 57 120 199 218 103 26 38 61
42 504463 Q 92 73 51 49 60 95 57 66 181 275 10 42 222 502242 262 207 152 57 25 49 196
43 519572 M 97 11 56 9 36 53 43 335 53 160 517909 41 151 40 121 134 116 131 22 22 32
44 538819 C 123 536968 16 24 173 109 82 60 8 101 29 15 150 19 256 200 57 41 29 169 190
45 553633 T 250 37 41 49 30 82 81 119 47 148 33 156 282 42 161 201 551677 46 43 61 47
46 565142 E 83 34 126 563033 43 144 35 44 150 104 26 78 160 96 144 146 168 144 15 60 309
47 578191 L 41 8 12 24 89 35 42 129 18 577329 9 10 167 26 64 55 44 24 3 34 28
48 590207 K 31 10 10 111 35 27 9 85 589175 97 11 112 76 34 101 61 47 53 10 16 96
49 597197 L 416 141 117 105 121 385 243 367 174 591633 85 160 553 257 621 473 428 435 84 208 191
50 604800 S 270 185 148 75 95 705 212 233 94 306 41 120 744 120 709 599824 410 212 114 70 113
51 615095 D 238 19 612641 162 39 139 79 185 75 197 43 141 153 44 37 154 189 209 16 269 66
52 627307 Y 218 161 79 95 112 328 143 194 121 255 58 93 220 99 372 224 190 173 39 623967 166
53 638576 E 235 112 317 634594 44 581 111 61 120 181 27 79 418 149 249 377 209 281 59 81 291
54 646862 G 268 34 73 293 47 644086 31 65 99 209 23 27 222 99 407 140 187 200 260 45 47
55 652195 R 243 50 67 45 54 256 208 67 30 569 30 131 745 346 648155 195 207 123 97 42 535
56 658023 L 287 126 66 85 107 249 290 122 104 653295 103 128 928 224 607 310 380 295 37 148 132
57 665666 I 259 121 159 88 126 336 183 661263 98 443 73 181 277 77 626 269 383 290 45 227 142
58 673945 Q 194 180 118 225 139 473 568 110 316 670 133 151 753 667451 847 321 427 274 137 116 342
59 675252 N 406 141 300 143 191 566 279 304 410 676 75 667762 628 264 720 545 574 723 68 182 295
60 674544 S 189 53 116 66 76 317 85 247 29 178 29 145 143 108 567 671598 190 145 29 102 132
61 682624 L 111 35 92 28 151 171 51 159 45 680340 21 62 209 48 229 274 117 226 34 55 166
62 692821 T 402 52 65 34 122 282 160 332 315 386 33 151 800 103 441 448 688210 164 58 110 153
63 699475 I 152 80 39 58 73 158 78 696186 94 355 366 98 453 118 167 273 344 165 14 86 118
64 704695 E 126 62 395 700840 103 250 180 108 191 315 23 177 428 80 352 283 148 165 27 113 329
65 703063 R 225 39 71 51 46 214 64 357 141 311 22 32 397 92 700035 305 243 70 50 115 183
66 703695 M 44 13 4 7 18 28 20 422 72 76 702479 29 44 13 44 80 171 88 7 5 31
67 700539 V 153 9 6 130 2 103 11 32 4 163 83 2 46 14 50 14 15 699644 6 33 19
68 703905 L 175 13 22 27 148 68 193 228 77 701724 4 46 470 130 152 144 101 110 10 22 41
69 699510 S 137 150 55 54 129 222 94 143 42 268 25 46 373 76 196 696858 210 91 9 235 97
70 690971 A 687471 65 323 80 30 162 138 143 98 256 43 65 408 111 236 421 456 202 26 133 104
71 689711 F 211 54 52 73 687069 239 66 131 38 367 19 71 293 72 180 264 92 108 88 65 159
72 681422 D 292 56 678128 265 97 379 157 62 55 241 15 200 299 43 179 234 180 188 14 278 60
73 678381 E 103 29 88 676237 36 213 67 61 188 194 13 36 166 56 173 136 100 111 5 69 300
74 681799 R 198 12 44 22 39 391 56 297 131 187 27 57 211 40 679430 267 174 81 12 21 102
75 679408 R 66 64 8 11 61 311 46 70 122 78 300 33 188 14 677236 383 166 49 74 41 87
76 675140 N 69 149 98 44 34 139 48 101 103 269 4 673184 153 65 142 187 113 71 27 88 52
77 668118 K 140 45 53 190 9 105 41 77 666111 148 13 94 183 63 253 151 150 83 24 53 132
78 667241 Y 101 87 71 47 82 123 106 123 97 225 58 180 91 71 171 196 183 63 38 664949 179
79 665593 L 165 56 46 65 65 132 86 143 110 662425 267 124 614 175 248 253 230 175 33 61 120
80 662041 E 416 119 284 656040 139 272 271 241 285 532 51 156 606 207 505 632 326 323 67 137 432
81 656469 E 250 81 201 651339 125 413 257 215 332 325 36 204 402 307 364 478 204 330 51 131 424
82 651033 H 157 76 83 125 38 301 646949 173 106 419 43 372 194 351 493 263 189 174 60 197 270
83 650391 P 319 106 149 168 95 438 256 165 110 434 78 136 645892 156 443 311 465 337 45 136 152
84 657879 S 262 154 119 106 95 530 70 388 297 227 16 210 115 61 578 653997 192 208 64 76 114
85 653814 A 650393 127 74 324 51 296 80 87 94 151 61 92 299 60 285 389 350 308 112 63 118
86 652320 G 309 76 75 350 65 648659 200 104 108 189 38 70 372 63 399 213 170 386 235 129 110
87 654941 K 286 30 69 483 76 435 116 102 650425 189 96 407 368 115 399 359 361 258 46 150 171
88 656824 D 288 146 652218 217 105 548 157 119 79 399 86 220 336 127 476 249 218 361 78 252 145
89 658464 P 445 233 110 137 181 410 431 258 216 674 96 230 651877 230 657 590 748 368 182 162 229
90 663003 K 374 258 123 298 204 650 250 343 656366 492 126 328 122 215 656 501 445 477 152 305 318
91 664161 K 358 119 87 210 135 194 221 186 660042 369 26 159 399 105 347 282 351 163 48 117 243
92 659024 T 205 50 31 45 37 104 46 93 69 244 31 202 298 71 117 266 656886 125 13 43 48
93 658994 G 240 64 48 101 45 656725 111 50 45 91 4 57 139 83 315 163 104 257 20 32 300
94 659904 G 120 25 28 139 29 658225 42 50 23 147 10 41 121 64 294 69 53 186 21 22 195
95 656893 P 120 6 21 21 26 52 181 34 22 158 5 35 655588 32 108 190 174 53 6 46 15
96 654097 I 112 35 34 40 65 76 40 652144 110 269 85 51 175 72 127 119 260 154 27 46 56
97 650244 Y 118 145 59 68 143 144 140 58 19 184 23 123 111 86 163 149 96 111 26 648006 272
98 650077 K 192 28 71 266 55 139 91 135 646970 170 104 348 373 119 377 144 192 89 64 65 85
99 645405 R 97 58 52 50 44 205 67 228 86 149 39 23 253 58 643341 212 118 124 18 43 140
100 642803 V 237 94 43 225 80 172 123 200 70 468 16 54 473 59 184 295 122 639767 19 58 44
101 646238 D 169 53 643423 120 53 162 129 118 48 184 30 160 350 38 176 289 257 189 22 230 38
102 642577 R 199 58 29 60 115 319 153 309 75 180 19 86 358 43 639760 278 216 151 40 77 52
103 647434 K 147 40 35 120 41 138 90 33 645530 127 15 171 294 67 162 94 89 65 36 44 96
104 646510 W 178 343 68 37 83 117 107 154 76 464 20 76 531 70 365 408 272 98 642705 94 244
105 641833 M 97 94 34 81 39 189 65 441 93 293 639240 20 205 135 154 136 204 190 29 46 48
106 633470 R 116 28 15 40 83 463 47 81 117 119 313 59 173 18 631080 319 155 73 108 22 41
107 630519 E 40 16 88 628594 30 165 56 19 569 94 5 31 177 71 63 69 43 122 25 32 210
108 631619 L 96 33 14 16 111 71 145 197 24 629946 5 50 291 62 143 87 152 98 25 24 29
109 628674 V 214 22 79 19 121 123 38 298 18 114 8 7 211 45 91 93 47 626970 18 58 80
110 624214 L 101 14 17 66 67 62 99 219 56 622603 6 41 313 64 162 33 66 108 8 73 36
111 622342 Y 62 170 30 37 71 110 150 41 11 117 17 89 62 23 69 88 97 98 39 620829 132
112 609654 D 157 57 607392 221 47 261 163 63 33 88 3 137 166 31 118 169 95 165 9 215 64
113 605816 K 135 28 27 162 66 118 64 68 603678 209 24 101 183 55 293 150 154 55 12 88 146
114 610809 E 69 35 57 608832 54 157 30 63 100 208 7 76 239 71 110 179 50 161 20 35 256
115 613804 E 30 33 56 612436 22 132 12 52 122 89 16 27 99 68 67 108 68 106 6 26 229
116 611300 I 117 70 62 46 89 121 77 608819 106 333 242 51 249 22 145 248 190 153 19 59 82
117 615766 R 102 92 52 62 43 346 96 78 140 152 254 66 131 54 613249 341 181 109 64 76 78
118 618218 R 55 40 102 18 30 73 84 21 22 380 4 7 224 209 616503 93 80 31 23 21 198
119 618184 I 25 17 21 25 39 38 19 617304 8 39 52 72 63 39 58 91 129 101 11 17 16
120 620616 W 49 231 24 37 21 138 27 33 30 250 25 27 117 78 371 164 69 90 618587 27 221
121 624157 R 163 397 44 72 98 209 390 84 41 458 61 92 370 74 620561 537 201 155 42 68 40
122 626932 Q 219 80 62 212 22 385 162 64 272 177 6 73 241 623671 441 196 140 193 91 27 198
123 623230 A 620551 60 182 72 36 277 36 75 30 128 33 92 295 40 137 316 301 459 13 58 39
124 629897 N 58 41 112 49 33 132 76 122 130 143 31 628113 149 28 123 245 73 83 16 53 87
125 638623 N 94 59 170 88 111 129 50 208 120 154 21 636103 150 41 221 389 165 111 73 77 89
126 634945 G 190 257 106 66 73 632374 107 49 78 139 12 83 233 45 251 275 125 284 51 73 74
127 637923 D 239 42 634801 274 72 292 146 127 49 191 19 172 177 62 251 205 147 307 3 291 56
128 639272 D 201 62 636625 159 40 394 142 84 37 163 34 135 94 78 205 107 124 146 72 300 70
129 648592 A 645575 21 66 266 85 214 72 114 37 203 63 73 208 42 142 351 494 374 19 58 115
130 651759 T 166 57 83 42 76 87 66 168 291 299 31 113 239 47 199 223 649315 58 31 80 88
131 655859 A 652686 34 321 65 49 288 104 101 71 155 14 90 389 86 231 450 325 236 24 78 62
132 648567 G 121 261 126 91 52 646345 57 81 37 210 18 79 147 43 205 215 76 227 42 60 74
133 643486 L 89 8 24 39 31 108 77 109 57 641468 206 39 507 83 142 166 106 101 14 73 39
134 639100 T 397 86 114 62 40 238 171 168 61 222 8 214 689 96 268 344 635701 77 14 56 74
135 642115 H 131 62 147 78 29 178 638883 92 81 321 33 269 211 315 299 197 282 155 42 228 82
136 649651 M 178 67 88 139 70 202 167 611 271 287 645744 129 174 87 276 228 326 306 45 72 184
137 653169 M 125 15 97 64 32 49 52 387 140 216 650656 43 306 67 155 137 198 293 63 24 50
138 650337 I 77 56 51 18 79 105 49 648695 38 123 50 131 171 19 142 92 219 135 16 45 26
139 653036 W 40 195 27 28 15 98 9 46 44 317 31 16 79 19 566 108 70 36 650960 24 308
140 652955 H 97 33 58 39 12 121 651221 47 17 92 14 254 127 79 190 104 70 34 45 265 36
141 656386 S 93 65 18 26 123 62 43 44 36 44 3 52 297 30 72 654901 148 38 8 243 40
142 651362 N 64 41 135 51 47 101 42 91 89 167 11 649630 160 31 133 233 114 102 10 78 32
143 651196 L 58 40 44 19 361 99 118 22 65 649211 66 50 129 71 136 251 113 124 17 63 139
144 654675 N 81 23 214 29 30 53 73 63 184 92 41 652872 114 53 188 236 123 60 42 81 23
145 648510 D 22 20 646962 89 34 119 115 46 51 75 9 123 64 45 108 141 90 117 2 227 51
146 646530 T 399 14 19 52 26 95 19 168 253 78 13 55 239 12 165 215 644522 109 22 34 21
147 646428 T 229 45 15 24 32 68 32 66 203 53 33 13 119 23 119 132 645130 45 15 16 16
148 641176 Y 66 105 38 30 67 210 185 42 32 94 4 49 201 61 101 135 117 81 67 639309 182
149 643355 Q 115 21 23 83 15 142 322 71 213 179 11 20 163 641000 450 91 67 70 17 66 216
150 638438 R 80 7 10 24 8 226 61 17 167 63 333 15 180 38 636652 322 102 49 60 12 12
151 636591 T 180 46 55 44 17 92 84 173 214 227 20 101 292 62 87 279 634461 52 10 30 65
152 637725 R 179 69 64 76 84 476 80 332 149 226 24 73 213 41 634890 203 183 109 18 61 175
153 639786 A 636482 116 260 69 53 251 141 127 120 171 28 91 274 78 284 523 298 232 43 81 64
154 644709 L 221 94 105 124 111 286 140 287 163 640649 71 119 458 111 501 272 312 368 63 74 180
155 643919 V 258 61 119 105 217 366 180 161 113 348 20 113 369 106 381 274 217 640092 64 85 270
156 643386 R 413 358 125 79 83 249 672 64 49 440 38 105 393 47 639186 486 185 204 41 44 125
157 645549 T 433 69 123 95 73 337 152 383 181 288 47 218 451 125 368 484 641261 200 16 131 114
158 644332 G 289 307 367 60 98 639896 231 66 90 333 24 45 472 106 474 616 184 387 29 93 165
159 641926 M 323 25 137 98 75 308 180 598 228 362 637214 129 507 80 406 317 331 398 21 109 80
160 647389 D 234 128 642977 231 94 758 127 151 141 374 35 188 173 116 209 393 193 327 100 269 171
161 645969 P 208 80 76 64 75 333 221 115 97 404 24 84 642581 58 405 310 375 234 33 68 124
162 650642 R 288 92 116 97 117 566 185 116 265 350 317 168 159 168 646383 494 245 209 93 51 163
163 651514 M 114 119 72 97 58 178 86 514 194 221 648369 46 96 49 269 203 238 236 68 132 155
164 651537 C 163 648370 32 60 303 193 68 54 104 190 35 58 139 68 251 326 157 101 105 442 318
165 646153 S 171 98 43 124 207 190 76 85 128 194 7 59 408 72 235 643312 218 128 66 221 111
166 646691 L 105 116 79 42 62 348 60 202 92 643032 270 73 451 278 416 240 188 261 77 90 209
167 653160 M 234 242 128 55 55 204 114 747 151 357 649411 69 162 89 201 201 258 264 66 45 107
168 655862 Q 160 61 79 128 61 134 408 96 372 375 58 113 274 651606 644 281 242 152 35 145 438
169 650727 G 178 318 186 71 53 647679 53 72 77 323 27 125 197 70 243 301 150 322 62 96 124
170 656682 S 142 89 32 54 105 128 55 41 63 374 21 61 349 60 188 654248 172 73 86 103 238
171 658111 T 248 76 40 12 23 168 47 123 48 173 17 184 286 39 275 388 655652 118 19 59 116
172 657939 L 114 81 49 48 121 234 200 316 45 655107 10 44 359 72 294 161 219 230 49 76 110
173 658221 P 333 102 166 116 84 221 290 93 179 346 39 108 654588 132 280 353 376 124 77 99 115
174 659205 R 135 82 36 54 97 290 62 154 142 330 222 47 216 53 656227 398 136 120 74 150 180
175 656770 R 78 52 32 64 30 257 50 79 135 85 167 40 137 63 654882 220 94 76 118 71 40
176 664526 S 102 80 69 36 194 110 72 110 55 194 17 59 270 36 138 662358 161 139 37 202 87
177 672887 G 83 23 50 138 53 670768 42 93 58 161 15 50 119 100 304 97 118 222 22 41 330
178 681295 A 678678 62 220 40 75 252 33 76 59 182 16 52 302 85 227 387 211 208 32 62 36
179 690125 A 686988 64 50 331 35 209 107 97 62 319 17 23 144 35 99 438 660 358 23 14 52
180 689948 G 58 203 143 36 18 688222 26 32 20 161 16 22 96 13 239 218 58 241 55 31 40
181 689849 A 686936 59 123 61 96 87 147 95 126 216 18 24 217 68 272 381 573 149 34 62 105
182 694879 A 690448 63 95 270 53 337 242 57 37 164 66 69 331 74 235 349 686 1082 55 57 109
183 696915 V 204 83 126 84 240 233 76 301 42 263 32 69 206 85 427 199 265 693772 54 33 121
184 704048 K 247 98 79 235 68 298 65 124 700687 256 31 262 142 141 488 210 186 134 64 78 155
185 709596 G 295 56 108 163 49 706168 153 86 77 190 41 177 208 65 370 331 247 371 18 82 341
186 714592 V 249 58 155 96 218 284 64 234 59 228 70 143 157 82 289 183 136 711671 57 46 113
187 722042 G 221 69 59 221 29 719196 58 59 54 152 49 73 225 53 435 252 164 300 264 30 79
188 724970 T 297 62 71 59 71 114 47 169 343 175 18 79 192 68 248 239 722508 113 17 31 49
189 734150 M 195 57 55 40 68 170 99 488 128 204 731051 107 167 92 266 189 292 232 52 29 169
190 735572 V 360 64 51 224 58 206 78 40 110 346 95 48 175 58 219 186 148 732861 78 115 52
191 736612 M 124 122 45 30 67 307 130 473 137 286 733581 75 245 91 143 147 239 188 41 42 99
192 737309 E 186 59 217 734184 70 555 56 33 126 171 6 46 209 133 236 231 144 260 71 29 287
193 737309 L 209 44 54 52 344 195 57 83 39 735127 127 37 88 66 107 276 92 123 57 50 82
194 741116 I 208 47 30 44 30 311 98 738254 106 298 139 81 523 40 237 110 228 166 27 78 61
195 739664 R 216 42 64 44 43 326 107 106 124 210 347 62 472 53 736401 371 288 112 104 92 80
196 742581 M 151 42 28 35 29 248 94 412 146 178 739617 27 326 123 288 208 245 171 94 30 89
197 745107 I 116 21 47 65 116 154 56 742986 27 87 86 125 274 83 145 201 223 172 25 59 39
198 743127 K 48 46 53 161 21 137 33 46 741513 128 5 75 211 144 194 63 105 41 9 41 53
199 742624 R 163 166 33 10 30 153 318 32 23 237 23 22 365 42 740313 340 160 98 20 16 60
200 750548 G 219 77 64 225 116 747954 69 44 48 155 9 59 111 30 331 104 81 404 283 42 123
201 743135 I 114 61 128 47 152 266 87 740581 24 137 92 94 307 56 186 178 168 267 34 56 100
202 739341 N 76 24 280 63 49 143 85 124 101 196 63 736579 387 40 117 492 214 109 17 96 86
203 742095 D 211 98 738776 250 60 374 119 144 110 289 28 145 82 84 207 276 148 252 36 291 115
204 745032 R 230 197 64 54 79 236 23 63 81 398 30 71 188 311 742001 207 173 151 293 98 84
205 747227 N 143 40 166 85 32 137 66 108 188 181 45 744885 212 55 132 284 113 82 35 119 119
206 741230 F 148 40 109 41 739101 100 67 83 44 480 25 33 206 45 147 213 67 114 31 82 54
207 734406 W 181 299 42 41 51 192 56 45 40 402 16 27 350 63 500 211 140 63 731395 55 237
208 732171 R 155 64 150 70 86 454 117 360 125 265 10 94 416 74 728732 322 296 137 45 38 161
209 736214 G 135 218 100 44 76 734137 57 130 52 211 16 29 120 39 101 255 118 243 27 28 78
210 742335 E 119 29 60 740325 19 256 54 51 169 122 19 16 115 63 94 131 149 223 20 34 267
211 743647 N 138 69 127 38 33 136 42 141 80 138 30 741822 98 17 180 195 126 59 75 53 50
212 746256 G 177 120 48 245 126 743475 35 57 49 131 5 62 155 28 383 291 130 315 48 41 335
213 744808 R 164 70 71 87 43 202 103 81 55 451 30 60 503 280 741611 186 209 195 68 49 290
214 739447 K 57 25 64 146 107 301 25 121 737043 202 14 78 219 70 232 193 133 83 158 68 108
215 737102 T 193 27 20 22 51 129 42 119 159 132 11 36 290 26 163 180 735311 75 14 35 67
216 734930 R 151 62 60 30 10 485 56 28 97 111 370 45 98 27 732531 303 184 61 115 25 81
217 732221 S 63 95 43 55 55 282 65 150 36 129 23 163 151 70 313 730117 140 158 43 27 43
218 726400 A 724981 42 221 24 26 186 16 35 15 24 7 11 75 34 78 218 193 118 53 18 25
219 733834 Y 44 105 15 55 86 79 152 43 56 134 11 21 39 20 83 50 45 83 31 732462 220
220 736128 E 52 11 243 734662 9 127 11 28 153 44 17 52 108 64 49 44 24 96 7 22 305
221 739456 R 70 10 44 26 8 209 24 247 153 70 8 20 64 54 738062 148 108 34 9 13 75
222 729957 M 41 30 25 6 31 67 21 343 99 100 728681 39 69 16 19 58 95 158 1 37 21
223 722253 C 1 721146 1 0 201 13 2 1 0 100 0 2 5 0 175 137 1 0 60 229 179
224 721574 N 14 6 134 14 4 4 95 93 231 16 10 720691 1 7 30 117 15 9 2 52 29
225 724727 I 8 10 51 6 47 38 9 724166 20 32 3 38 11 6 32 8 105 88 36 10 3
226 726141 L 30 3 2 4 96 8 93 195 4 725374 0 2 210 11 42 10 15 41 0 0 1
227 726219 K 27 5 2 144 11 40 1 73 725486 52 4 54 19 9 117 29 16 91 4 6 29
228 718967 G 68 22 5 124 17 717801 15 22 15 60 3 9 52 14 167 64 30 229 19 11 220
229 713355 K 75 25 21 133 23 143 10 41 712035 110 16 101 82 20 204 99 55 86 16 15 45
230 713994 F 54 66 6 17 712334 223 43 83 10 388 4 17 153 19 111 167 79 96 14 58 52
231 707358 Q 57 24 92 55 54 119 98 60 332 188 11 21 239 705003 484 98 139 79 17 45 143
232 700982 T 193 39 24 6 15 49 62 195 238 66 6 28 340 34 262 117 699143 90 17 52 6
233 698597 A 696365 61 257 35 23 247 56 28 17 83 14 28 139 21 193 404 276 235 30 32 53
234 690667 A 688337 46 28 202 47 285 37 15 5 124 15 26 159 18 92 300 539 243 32 56 61
235 680964 Q 132 48 42 67 121 140 115 46 220 190 43 26 130 678888 234 94 105 169 18 14 122
236 674582 R 93 43 19 59 25 304 62 76 138 132 317 54 235 61 672179 282 130 78 81 69 145
237 668606 A 665180 53 96 276 82 392 55 71 92 214 44 65 221 24 261 386 364 503 88 89 50
238 656388 M 17 49 33 40 108 183 80 521 132 241 653111 125 277 184 347 243 196 227 64 99 111
239 646046 M 131 50 21 66 50 241 32 514 101 191 643268 69 148 82 261 166 156 290 51 66 92
240 631993 D 83 29 629861 116 49 520 81 44 43 107 5 142 55 15 149 165 103 123 53 187 63
241 612867 Q 238 60 84 98 68 342 131 96 247 419 32 61 303 609175 541 290 198 258 38 51 137
242 596700 V 266 90 71 151 77 323 75 45 85 401 100 97 206 91 257 149 108 593903 73 45 87
243 586292 R 180 78 38 60 71 329 69 394 91 236 20 63 221 107 583429 277 172 176 62 81 138
244 564873 E 172 62 149 562322 43 231 61 71 231 172 21 40 239 99 133 129 113 193 74 62 256
245 551207 S 56 51 58 72 33 293 20 164 29 153 12 101 162 41 313 549268 136 125 29 22 69
246 531971 R 91 52 43 17 27 93 58 38 35 275 65 51 128 238 530203 61 78 90 224 43 61
247 509911 N 42 22 96 30 48 94 13 76 163 107 16 508507 105 23 107 167 122 27 35 49 62
248 490806 P 59 61 18 30 6 41 18 9 30 176 7 58 489677 159 123 71 158 36 23 20 26
249 469749 G 80 23 84 90 17 468430 15 36 55 41 10 12 101 23 183 67 101 161 16 18 186
250 454538 N 99 50 79 47 73 141 94 56 143 130 17 452743 65 29 259 179 92 78 27 61 76
251 438821 A 437892 1 106 13 11 59 9 14 4 39 23 4 37 22 31 193 120 194 29 8 12
252 420727 E 62 25 185 419502 12 142 2 12 85 75 8 12 34 42 45 76 136 82 15 28 147
253 402332 I 47 14 3 21 35 46 12 401750 2 48 29 28 27 5 63 42 45 74 5 11 25
254 381106 E 5 3 32 380714 0 50 0 0 102 3 0 0 1 34 3 15 1 41 0 0 102
255 357954 D 47 15 357186 36 23 59 28 15 13 100 9 46 79 13 45 34 52 43 22 71 18
256 337354 L 32 41 27 62 47 71 78 113 27 336202 10 54 108 17 109 79 45 125 42 26 39
257 319118 I 79 16 20 9 33 72 47 318079 1 163 36 30 102 43 69 58 71 94 54 21 21
258 298294 F 103 27 36 42 296784 79 38 59 35 145 11 52 106 35 245 173 97 51 14 61 101
259 283952 L 43 26 16 42 26 113 25 50 74 282793 104 31 151 67 61 74 60 87 42 19 48
260 265997 A 265102 15 14 114 14 41 12 9 8 21 5 6 64 11 48 105 173 182 12 19 22
261 248219 R 30 5 2 14 7 47 16 8 9 99 14 0 55 64 247641 25 17 19 132 2 13
262 231751 S 49 20 19 7 60 20 23 36 18 46 3 22 102 14 36 231065 46 36 9 98 22
263 209744 A 208639 21 16 115 33 84 26 18 38 74 6 17 63 9 36 118 207 147 26 11 40
264 190893 L 43 25 13 34 43 56 30 47 23 190240 3 20 60 16 74 49 13 64 5 9 26
265 168231 I 43 26 24 24 27 52 37 167372 52 52 54 15 71 21 88 59 93 62 10 26 23
266 149945 L 31 15 18 22 78 33 15 10 13 149337 27 5 35 15 51 100 36 37 11 23 33
267 136282 R 22 3 28 16 16 65 17 54 30 39 0 11 77 15 135733 57 45 24 9 6 15
268 122524 G 4 3 5 36 1 122214 8 8 9 25 5 2 54 4 49 19 4 24 43 2 5
269 106604 S 18 3 6 9 0 10 8 1 3 31 1 2 46 4 28 106319 27 24 5 8 51
270 87139 V 29 4 13 8 15 37 6 15 0 28 3 8 25 5 19 15 11 86887 4 5 2
271 70522 A 70223 8 20 2 5 21 7 6 3 20 4 7 21 3 36 38 52 32 1 6 7
272 59972 H 44 19 12 16 16 25 59285 21 15 71 16 45 89 32 50 65 28 52 14 26 31
273 49097 K 25 14 19 18 26 25 16 31 48593 63 8 21 22 17 51 28 20 39 4 20 37
274 36725 S 15 5 6 6 5 14 13 4 5 19 4 5 36 3 19 36504 15 13 1 22 11
275 32073 C 21 31780 4 7 26 23 9 7 9 21 6 5 13 5 35 24 5 24 4 7 38
276 24323 L 3 1 2 1 0 3 3 0 1 24243 12 4 4 7 19 3 7 4 4 1 1
277 20338 P 92 16 6 18 13 176 56 21 26 104 9 24 19275 16 108 147 86 103 13 7 22
278 18449 A 17535 19 63 18 19 57 18 39 34 68 19 15 84 17 71 92 110 100 17 15 39
279 16315 C 18 15855 10 1 25 10 12 3 1 56 5 3 39 21 201 8 1 6 2 10 28
280 20267 V 12 20 1 10 4 3 3 1 0 16 3 0 2 0 11 7 2 20157 3 9 3
281 25125 Y 2 14 12 6 12 17 16 8 4 25 5 5 1 2 15 17 5 12 10 24922 15
282 19983 G 48 15 9 29 8 19476 14 10 10 35 11 11 47 13 80 40 24 36 34 11 22
283 46694 P 69 70 30 24 10 145 43 53 30 138 20 30 45458 25 179 108 58 113 12 29 50
284 61452 A 60766 7 75 22 5 32 28 4 13 11 2 1 55 18 37 101 145 109 4 5 12
285 70992 V 37 12 8 15 14 41 9 31 4 96 0 10 25 10 55 39 10 70528 7 18 23
286 83393 A 83197 3 22 0 2 30 5 1 1 10 0 5 15 4 21 22 16 15 4 12 8
287 94368 S 0 12 0 0 0 15 0 16 0 2 0 23 0 0 17 94250 29 0 0 1 3
288 108187 G 14 14 19 8 0 108027 0 3 1 5 1 1 1 4 16 17 2 43 4 1 6
289 127680 Y 4 22 7 15 9 17 43 5 3 16 5 8 3 7 19 8 9 1 2 127423 54
290 148914 D 1 13 148602 49 4 44 8 2 1 10 4 26 23 8 30 21 12 8 3 43 2
291 168290 F 13 15 19 4 167788 41 14 34 0 108 21 23 34 9 44 45 6 16 11 31 14
292 186590 E 25 2 38 186132 7 67 5 1 61 23 6 6 21 22 29 24 5 40 6 8 62
293 200374 K 3 14 6 39 7 22 12 24 200048 23 6 23 19 4 46 9 41 6 4 3 15
294 219152 E 37 4 101 218542 10 68 26 12 30 45 7 6 18 17 27 25 17 51 7 19 83
295 238841 G 27 3 13 46 16 238493 5 10 5 15 2 7 10 6 47 14 4 67 0 4 47
296 260351 Y 24 60 15 26 27 28 61 8 15 39 3 37 14 9 75 38 22 33 9 259689 119
297 280454 S 35 23 16 21 28 47 25 27 14 58 11 25 89 14 69 279695 62 62 17 89 27
298 305822 L 71 45 49 73 50 101 28 100 57 304523 27 41 68 35 112 128 53 68 83 49 61
299 329818 V 125 10 34 40 28 147 19 14 12 171 31 29 87 26 98 70 35 328788 15 19 20
300 347633 G 111 24 18 118 29 346504 17 16 7 70 9 37 37 18 153 88 39 154 52 17 115
301 362879 I 37 34 25 21 18 118 37 361642 63 117 183 23 47 24 158 79 95 77 18 38 25
302 385065 D 65 13 383802 105 7 252 49 29 20 89 9 45 68 26 127 59 50 94 23 115 18
303 407863 P 90 22 36 47 11 154 143 18 26 73 6 34 406608 37 124 131 156 60 20 49 18
304 426290 F 119 43 55 53 424144 205 29 99 53 371 15 40 105 41 217 288 52 150 67 95 49
305 442937 K 159 70 31 165 68 158 26 57 440946 204 49 110 57 74 189 143 88 203 1 34 105
306 460245 L 64 34 20 52 45 223 37 40 42 458718 166 12 181 74 231 77 35 108 30 18 38
307 483443 L 119 59 44 42 92 281 65 175 14 481628 23 27 179 45 201 104 61 166 57 22 39
308 505861 Q 86 50 32 100 16 54 60 47 202 119 4 12 87 504265 279 109 42 90 54 45 108
309 523659 N 174 40 107 78 40 284 23 98 183 125 22 521603 84 44 215 194 81 87 60 50 67
310 544203 S 140 134 20 37 29 381 39 240 35 121 30 262 127 45 446 541582 198 133 60 89 55
311 561610 Q 81 45 85 90 42 230 58 43 175 180 25 49 111 559645 296 104 44 89 51 49 118
312 582965 V 228 46 33 77 38 174 50 146 36 312 19 34 106 60 223 111 71 581096 27 28 50
313 602582 Y 112 196 122 48 116 215 156 103 57 136 30 77 135 41 190 278 147 175 45 599840 363
314 623175 S 154 170 47 89 58 532 71 281 22 262 16 123 138 65 428 620321 114 165 34 14 71
315 638502 L 229 82 113 95 141 272 58 304 93 634940 70 77 523 137 325 260 171 284 89 105 134
316 655237 I 105 73 22 65 126 231 57 653275 26 125 70 81 86 22 118 204 138 153 159 16 85
317 666227 R 183 65 17 60 94 645 65 232 110 236 12 74 39 57 663625 222 154 145 43 69 80
318 678491 P 278 41 23 82 34 397 91 55 46 464 40 38 675261 255 375 348 219 218 48 84 94
319 690484 N 122 61 180 197 69 552 112 104 320 271 67 686488 251 78 340 436 200 260 114 128 134
320 701442 E 186 86 277 698529 39 421 46 55 218 238 20 33 75 85 152 190 78 295 90 53 276
321 706115 N 145 42 185 102 43 443 56 158 147 161 40 703266 133 30 272 297 105 299 66 85 40
322 710042 P 261 83 67 143 86 497 54 117 169 443 49 65 706223 236 414 340 327 157 115 58 138
323 713381 A 709188 99 117 383 146 324 70 66 51 458 63 71 201 122 275 647 307 522 57 77 137
324 720287 H 55 46 57 38 50 116 717614 34 62 456 12 209 251 305 403 213 67 111 26 128 34
325 720929 K 55 13 25 227 13 32 29 28 719476 52 53 299 30 12 352 47 49 29 0 45 63
326 721102 S 21 58 4 5 2 129 3 121 12 2 0 154 21 16 102 720412 25 4 9 2 0
327 716868 Q 16 20 18 62 8 49 321 13 212 61 1 56 95 715281 361 86 18 25 18 12 135
328 710304 L 194 68 161 208 115 454 46 140 206 705840 349 139 262 208 535 262 287 384 93 111 242
329 710739 V 299 82 64 237 63 386 45 130 80 281 170 70 202 82 248 243 161 707603 60 57 176
330 714461 W 238 274 91 85 80 412 54 88 104 458 128 53 105 62 394 273 152 139 710756 84 431
331 710272 M 264 98 57 124 67 309 124 560 157 376 705957 43 266 158 427 242 309 372 129 68 165
332 709245 A 705067 49 75 431 112 366 58 139 179 202 26 89 320 39 242 503 555 522 72 93 106
333 710549 C 53 705622 107 55 406 350 151 143 178 332 50 131 176 103 688 523 263 288 118 375 437
334 706516 N 131 60 196 55 60 116 101 246 180 233 21 704145 110 51 132 195 98 132 22 142 90
335 701524 S 91 117 69 122 193 313 58 136 104 304 94 43 213 134 273 698395 195 167 55 268 180
336 698093 A 695089 74 287 85 35 205 48 48 104 156 30 43 135 44 239 397 597 297 43 57 80
337 695119 A 692259 38 66 317 50 353 31 97 46 114 25 92 147 60 221 356 271 362 55 74 85
338 693807 F 90 44 37 73 691886 262 63 126 11 231 26 13 140 31 171 173 44 125 59 52 150
339 695587 E 72 17 127 693749 20 353 49 10 97 135 15 6 82 141 144 97 54 140 10 7 262
340 687456 D 168 49 685480 100 22 191 95 51 95 111 3 130 127 14 112 84 93 178 26 259 68
341 685304 L 42 0 2 3 9 59 17 167 17 684178 3 24 311 76 129 28 21 215 2 1 0
342 683743 R 112 56 19 29 55 318 37 241 70 123 13 149 96 65 681800 174 107 148 34 24 73
343 681246 V 109 23 9 67 21 132 20 109 5 263 8 14 33 15 65 38 13 680248 18 16 20
344 681364 L 106 50 75 40 117 228 30 95 12 679711 6 20 92 3 106 171 48 243 10 12 189
345 685488 S 170 129 34 74 57 345 41 250 69 177 54 73 117 109 700 682651 105 151 108 35 39
346 686510 F 80 65 53 52 684319 213 37 132 43 454 26 30 112 38 196 195 79 195 18 96 77
347 684255 I 90 32 53 30 90 185 46 682557 15 103 72 76 64 27 189 116 138 249 40 39 44
348 679522 R 85 67 32 50 32 427 29 268 94 148 13 35 63 82 677596 122 105 113 26 41 94
349 683518 G 147 29 34 204 31 681826 20 27 13 70 24 5 104 10 299 86 66 194 243 40 46
350 685462 T 338 57 3 14 52 229 33 144 14 150 2 91 108 39 260 230 683370 166 68 20 74
351 684840 K 17 20 17 113 42 136 18 93 683495 107 5 143 100 27 207 64 57 57 11 28 83
352 685069 V 125 21 36 152 53 140 18 144 33 269 26 31 96 31 86 91 57 683569 25 37 29
353 694205 S 6 25 28 2 79 9 30 52 12 58 5 16 157 15 62 693422 61 10 6 146 4
354 694408 P 113 79 117 77 38 275 33 100 98 149 37 86 691962 206 248 189 211 173 58 49 110
355 691898 R 19 2 21 0 9 267 1 8 108 29 371 26 4 3 690758 165 60 1 33 10 3
356 697535 G 109 16 75 148 51 696397 16 21 4 97 3 13 6 8 116 45 20 153 179 11 47
357 691470 K 58 28 12 186 39 78 27 97 690188 92 16 77 36 53 170 67 26 48 29 60 83
358 694788 L 121 68 28 57 80 92 33 85 27 693345 18 14 175 40 180 98 82 161 16 20 48
359 704017 S 95 47 43 72 99 107 43 39 37 148 29 21 157 30 69 702499 128 80 10 244 20
360 715995 T 297 119 104 45 46 134 50 59 32 186 14 207 50 41 152 186 713990 143 53 30 57
361 709116 R 124 78 75 102 128 309 41 312 115 194 75 79 127 59 706382 228 149 159 57 141 182
362 715382 G 181 132 5 86 42 713624 17 2 25 80 3 8 104 45 232 136 51 281 64 17 247
363 720061 V 266 42 42 104 31 192 18 169 3 309 17 27 43 8 123 114 41 718387 38 29 58
364 723571 Q 58 53 51 129 60 75 110 26 155 178 51 100 57 721574 291 164 102 98 24 59 156
365 729059 I 96 37 19 35 75 119 31 727407 57 138 42 92 40 23 190 104 199 174 97 38 46
366 736742 A 734746 59 211 38 34 235 18 13 14 91 6 27 110 43 159 369 292 177 46 22 32
367 737945 S 181 92 42 148 36 329 39 34 28 195 35 91 220 35 349 735220 162 202 75 87 345
368 731801 N 125 38 157 51 87 196 102 113 85 174 24 729466 121 74 224 305 133 141 56 76 53
369 735539 E 129 82 85 733274 74 312 13 83 145 197 26 24 100 113 170 88 123 221 17 19 244
370 733999 N 26 55 186 41 74 136 63 109 212 107 18 732087 18 30 232 164 246 72 43 49 31
371 737693 M 114 112 29 118 23 161 61 504 105 292 735217 45 151 31 155 98 165 149 51 21 91
372 741112 D 104 39 739514 160 68 270 98 16 31 93 4 101 48 43 47 87 25 117 46 169 32
373 742701 A 740727 68 269 48 43 159 25 98 11 80 15 21 73 25 107 362 195 254 24 23 74
374 745045 M 155 66 38 43 23 236 27 365 129 173 742603 10 193 18 171 131 228 213 117 16 90
375 742379 E 113 16 84 740487 21 303 9 51 112 99 12 50 128 77 117 49 73 184 21 46 327
376 742437 S 136 91 52 108 19 395 38 58 25 154 28 28 270 48 199 740087 114 144 93 44 306
377 737407 S 153 169 68 75 42 499 75 213 66 181 33 137 125 38 494 734656 143 78 72 37 53
378 733628 T 265 49 40 151 20 321 86 106 35 124 27 199 158 90 345 294 730975 151 111 23 58
379 734505 L 104 61 44 88 101 247 138 322 75 731775 13 24 388 43 416 224 88 175 35 51 93
380 728343 E 161 88 139 725647 17 338 54 78 130 91 34 16 162 163 229 194 77 203 53 30 439
381 726638 L 120 75 74 74 107 158 113 91 37 724177 214 27 273 155 314 160 94 219 65 20 71
382 724775 R 72 45 121 84 70 579 57 367 191 340 107 90 268 79 721116 302 346 259 12 49 221
383 724443 S 268 213 192 88 105 553 121 379 183 230 84 245 97 82 550 720183 258 296 92 99 125
384 722824 R 161 99 71 192 88 973 46 88 223 341 254 152 40 118 718705 318 178 236 218 104 219
385 720996 Y 261 356 118 176 122 467 174 138 107 268 71 128 194 81 292 313 179 186 67 716949 349
386 720643 W 182 229 135 106 67 457 142 76 63 343 54 87 86 91 622 218 117 220 716968 48 332
387 717490 A 714914 14 248 139 24 349 74 22 59 62 11 38 217 59 261 216 308 397 18 12 48
388 710161 I 124 72 40 165 61 308 47 706422 220 450 538 83 164 142 379 169 234 231 67 66 179
389 709292 R 111 80 78 50 139 467 52 432 170 191 41 74 128 17 706210 319 152 292 32 49 208
390 705833 T 357 136 103 112 102 259 182 252 77 434 30 270 219 116 434 439 701596 447 69 80 119
391 710449 R 191 155 126 159 199 757 78 370 202 445 93 129 225 90 705439 442 291 381 98 234 345
392 709083 S 240 282 86 84 202 509 106 300 108 223 46 228 269 160 651 704749 219 216 98 60 247
393 712651 G 128 52 43 116 38 710655 23 63 34 85 35 17 89 147 358 114 90 267 24 51 222
394 711069 G 137 96 25 204 69 708730 40 20 37 154 34 20 76 27 427 201 84 355 45 30 258
395 706933 N 163 116 200 86 99 314 105 208 263 278 43 702953 248 209 384 409 170 300 127 121 137
396 704323 T 345 92 86 222 108 462 107 216 60 208 71 279 213 67 413 453 700293 258 110 123 137
397 704021 N 155 65 141 79 101 370 106 150 151 254 44 700759 107 86 327 400 146 162 142 111 165
398 697573 Q 197 67 55 152 125 346 142 90 269 229 3 58 291 694193 458 282 179 151 73 74 139
399 693742 Q 239 67 51 181 80 725 403 116 252 373 35 35 319 689268 557 236 197 229 82 49 248
400 689890 R 198 62 61 80 59 679 71 52 115 185 143 31 177 47 686995 326 88 193 156 54 118
401 692963 A 689923 63 228 144 25 455 35 53 59 120 30 17 331 36 197 329 267 468 82 46 55
402 691068 S 265 172 57 132 79 560 97 49 51 196 16 32 353 39 388 687938 176 150 53 162 103
403 686001 A 680922 172 86 296 67 679 94 108 97 316 42 147 348 125 406 515 310 764 126 221 160
404 687923 G 259 358 245 109 101 684582 44 141 70 240 30 58 143 23 300 352 93 449 109 67 150
405 699515 Q 102 1 90 124 73 37 222 123 239 275 24 92 536 696686 192 127 274 98 29 19 152
406 695217 I 80 12 13 23 136 34 20 694033 18 58 39 71 85 19 91 116 114 139 2 42 72
407 702583 S 26 73 11 4 36 374 9 218 10 62 5 100 32 8 165 701272 79 40 22 26 11
408 704198 V 169 12 3 114 4 127 20 2 16 247 104 0 45 16 51 40 4 703205 6 4 9
409 707271 Q 248 101 35 121 70 478 168 127 285 300 38 36 340 702505 634 361 128 268 163 65 800
410 707934 P 213 124 95 97 19 378 298 33 77 191 33 67 705061 82 269 327 238 142 50 56 84
411 717239 A 713907 132 52 287 34 468 74 38 30 104 12 51 135 49 267 426 674 395 41 19 44
412 723184 F 183 182 93 270 720109 578 18 146 58 241 63 26 77 31 189 217 104 229 163 29 178
413 727029 S 330 161 101 97 243 692 80 232 97 246 29 70 272 80 305 723081 196 205 60 255 197
414 730473 V 462 90 167 264 47 832 72 65 134 573 194 73 103 131 463 267 172 726079 95 81 109
415 738156 Q 221 103 99 196 50 404 120 66 270 227 80 22 155 734722 440 167 110 246 100 49 309
416 739799 R 234 55 57 29 76 511 61 212 150 332 4 26 144 40 736998 246 166 176 51 53 178
417 745906 N 170 100 166 80 70 277 44 83 222 160 13 743558 92 39 187 200 104 142 58 64 77
418 751408 L 159 43 127 165 154 492 117 273 67 748110 9 13 381 136 454 189 73 168 52 60 166
419 754473 P 426 76 104 130 113 260 45 91 135 318 38 52 750525 464 395 349 369 283 37 57 206
420 754729 F 299 237 120 188 750260 645 82 137 83 459 110 44 226 76 416 508 187 321 62 132 137
421 762101 D 184 90 758154 328 81 538 153 130 90 208 29 343 147 37 259 344 126 339 17 354 150
422 762772 K 168 80 56 267 122 522 56 121 759371 192 26 133 239 70 408 307 177 271 28 73 85
423 759943 P 288 187 56 142 79 746 108 69 46 391 40 115 755658 287 545 322 272 246 101 79 166
424 759877 T 336 95 138 164 159 620 82 293 106 369 59 253 243 64 541 389 755355 319 95 66 131
425 761795 I 181 82 104 110 129 345 87 757894 70 434 122 156 150 82 459 252 350 360 122 116 190
426 754664 M 357 115 86 143 98 341 175 530 149 410 750228 191 201 114 304 247 306 431 77 33 128
427 753321 A 748772 94 82 464 150 607 69 102 46 252 30 215 259 80 453 391 425 549 96 114 71
428 742263 A 737956 93 81 340 93 645 60 89 22 203 110 30 200 27 461 621 512 456 83 27 154
429 733570 F 146 197 80 146 729204 588 216 156 52 687 26 78 218 105 381 371 152 302 97 197 171
430 722945 T 329 76 77 99 79 343 16 177 72 172 26 233 210 83 183 433 719861 219 92 60 105
431 709881 G 271 151 95 205 73 706869 101 88 78 106 8 39 125 43 428 250 115 347 295 75 119
432 697673 N 307 242 301 76 119 633 94 203 138 396 40 692700 286 115 427 587 214 283 167 167 178
433 688260 T 349 90 76 78 108 237 82 334 273 285 60 53 104 70 253 230 685083 176 123 62 134
434 673144 E 265 137 309 668661 52 924 27 75 172 254 91 46 95 116 629 241 99 295 216 111 329
435 656143 G 162 113 63 249 32 653517 105 72 34 115 15 27 75 59 494 123 58 455 128 21 226
436 639472 R 235 95 100 191 50 853 88 411 264 237 24 91 89 80 635545 282 195 321 130 58 133
437 617868 T 301 73 64 218 38 525 44 113 138 179 29 48 198 88 463 184 614600 208 127 67 163
438 602065 S 220 99 33 183 25 626 33 77 151 318 100 79 236 36 356 598656 144 230 41 29 393
439 588360 D 78 52 585546 345 32 637 79 37 58 115 11 109 85 46 252 166 79 221 104 216 92
440 570990 M 192 133 98 97 31 425 116 452 191 312 567352 66 220 55 286 160 215 331 128 60 70
441 555152 R 108 28 36 38 42 525 18 34 113 107 388 12 29 26 552987 244 67 148 145 22 35
442 537277 A 534697 51 87 211 45 317 75 42 57 112 50 56 131 84 228 345 267 308 60 17 37
443 522957 E 166 45 81 521002 20 315 19 63 139 139 38 29 30 102 214 103 44 137 64 19 188
444 507062 I 142 109 33 75 90 396 40 504591 35 169 43 55 85 75 319 145 157 278 115 29 81
445 488115 I 180 83 91 111 47 369 33 485111 160 204 232 62 87 85 335 159 204 240 58 111 153
446 468467 R 222 158 95 140 116 942 80 116 161 260 241 54 226 137 464121 516 189 301 165 73 154
447 451517 M 196 91 61 56 70 487 62 284 80 212 448497 30 153 45 336 162 190 221 86 77 121
448 433054 M 120 49 63 62 34 171 9 351 70 155 431035 35 75 46 222 88 98 223 75 38 35
449 411460 E 60 41 92 409959 46 251 27 26 101 59 8 46 40 62 130 135 18 140 27 12 180
450 393213 G 58 174 98 25 36 391945 9 21 19 101 16 19 42 15 119 233 48 124 33 15 63
451 371655 A 369414 29 39 190 27 268 12 27 17 127 9 12 108 19 146 229 446 435 43 17 41
452 347773 K 68 21 37 85 5 129 21 56 346651 62 28 57 75 23 111 85 61 60 22 78 38
453 324013 P 61 40 9 17 5 126 22 16 9 75 12 18 323207 114 55 61 61 20 22 4 59
454 305449 E 44 22 76 304437 45 162 6 17 44 52 10 18 43 41 70 76 14 67 18 18 169
455 277502 E 133 67 86 275418 56 186 67 87 107 181 22 42 59 99 176 136 68 225 52 55 180
456 254653 M 75 52 25 43 51 94 24 133 68 151 253280 14 67 21 117 111 71 125 48 37 46
457 239847 S 103 104 70 52 70 104 68 59 23 166 8 35 118 40 151 238162 138 107 25 158 86
458 226469 F 82 83 51 83 224504 302 39 77 71 263 22 32 86 22 113 177 56 151 57 89 109
459 213054 Q 76 27 27 75 50 314 152 51 108 195 27 8 108 210961 446 92 82 150 27 8 70
460 198373 G 132 79 31 102 65 196981 34 41 18 143 25 48 66 25 100 82 25 235 12 34 95
461 186875 R 70 39 8 31 84 284 34 52 6 222 25 13 167 199 185248 80 47 69 135 31 31
462 176221 G 226 33 35 87 34 174465 46 51 18 158 17 32 130 42 305 145 32 130 56 37 142
463 157460 V 101 18 24 8 85 56 7 82 2 101 11 3 65 12 45 65 49 156674 7 24 21
464 455866 F 292 342 241 211 449758 687 122 387 122 800 207 146 211 188 304 544 234 609 70 184 207
465 467705 E 211 91 296 464639 87 397 37 80 151 262 48 86 81 94 170 202 112 177 80 72 332
466 492237 L 246 153 111 158 221 405 159 401 163 488270 61 91 237 97 328 274 168 321 76 103 194
467 526479 S 82 105 38 89 68 175 56 77 82 464 58 87 182 37 323 523638 270 132 174 121 221
468 546667 D 159 101 544209 157 69 544 50 58 10 96 31 109 28 24 132 189 94 288 33 232 54
469 583059 E 105 106 149 579265 196 474 48 175 268 280 38 113 170 74 173 265 166 362 53 124 455
470 611650 R 174 36 141 137 70 771 86 128 224 236 382 113 148 114 607568 469 227 264 96 113 153
471 644354 A 640429 50 26 242 58 648 78 87 50 263 62 63 408 82 264 362 419 499 126 61 77
472 681187 A 679054 20 37 159 59 100 20 48 5 66 19 13 201 12 16 344 351 551 17 54 41
473 707352 N 179 39 122 55 6 233 81 65 179 204 2 705158 249 70 144 238 99 67 33 58 71
474 736156 P 144 41 17 84 28 399 13 30 46 267 9 14 733718 228 326 223 204 147 120 47 51
475 759443 I 149 88 100 179 122 586 85 755406 102 282 144 277 40 78 495 232 224 381 178 93 202
476 764110 V 484 130 137 280 84 869 82 124 103 526 396 72 248 72 483 344 161 758873 239 120 283
477 781540 P 283 79 81 117 138 366 266 82 127 538 29 63 777465 110 365 459 358 337 72 111 94
478 802537 S 246 131 90 92 116 551 42 100 72 234 16 37 374 73 386 799029 187 340 77 136 208
479 819469 F 218 99 58 58 816913 338 31 88 25 300 76 123 80 33 210 189 85 261 87 93 104
480 827007 D 161 32 824308 329 37 609 109 11 24 79 29 185 72 26 90 121 44 216 92 344 89
481 840950 M 154 174 82 82 49 326 42 733 84 254 837342 29 128 96 333 185 212 380 84 57 124
482 841467 S 125 139 31 101 34 1020 41 306 32 164 50 191 95 35 384 838004 321 195 112 8 79
483 860002 N 64 40 156 20 17 182 28 97 100 48 7 858648 51 19 103 158 19 84 77 40 44
484 863198 E 92 53 120 860813 38 422 7 4 152 100 13 32 137 114 193 107 68 192 98 16 427
485 864381 G 145 70 53 117 110 862079 66 76 40 160 4 37 62 32 308 90 45 408 38 13 428
486 863003 S 211 74 38 94 145 225 19 32 55 142 90 82 210 41 139 860955 104 135 57 107 48
487 861345 Y 90 138 108 78 97 261 324 32 51 176 19 110 25 52 210 174 55 201 159 858731 254
488 856906 F 80 143 140 60 854163 215 25 266 89 507 25 34 64 56 144 254 65 230 49 202 95
489 858077 F 206 97 41 93 855015 425 51 117 38 643 56 40 84 34 235 286 35 242 84 113 142
490 855149 G 222 70 44 185 146 851614 65 98 44 175 40 56 135 74 605 344 213 518 43 38 420
491 855432 D 152 82 852148 228 51 472 110 134 70 182 44 138 119 39 138 209 123 419 40 444 90
492 853165 N 44 50 155 47 79 170 92 139 203 221 15 850934 128 107 172 262 80 61 59 102 45
493 852430 A 848842 11 81 334 43 591 35 45 63 178 26 40 160 33 243 533 396 598 6 84 88
494 851690 E 243 98 368 847627 42 962 33 84 137 241 57 55 188 146 357 257 58 229 83 38 387
495 848002 E 368 55 394 844339 26 851 13 57 161 247 47 60 181 68 314 95 40 223 104 18 341
496 815875 Y 197 394 125 88 127 401 217 96 63 143 35 117 116 8 259 332 82 122 41 812584 328
497 837089 D 428 130 831237 387 66 1187 143 117 70 384 87 309 228 118 497 341 168 502 135 288 267
498 824535 N 2127 843 817 766 766 3190 578 931 629 2411 357 798304 1495 576 3082 2075 1181 2345 693 562 807
