# nucleotide counts
# upper case indicates nucleotide called by both reads
# lower case indicates nucleotide called by one read with other ambiguous
# N indicates disagreement between reads, or both ambiguous
# POSITION WT COUNTS A T C G a t c g N
1 A 1468466 1459425 98 8 264 8436 22 6 5 202
2 T 1470121 147 1459859 241 23 4 9327 2 3 515
3 G 1471524 256 279 67 1460825 1 12 5 9769 310
4 G 1472241 111 174 37 1461892 3 9 2 9761 252
5 C 1473846 370 793 1461353 75 6 21 10585 7 636
6 G 1475857 390 265 57 1463075 2 7 12 11552 497
7 T 1477719 1830 1461427 1266 212 18 12311 23 10 622
8 C 1479482 1367 907 1463425 92 18 27 13380 3 263
9 C 1481540 1289 1446 1463820 345 17 25 14296 4 298
10 C 1483476 5992 5346 1455438 1385 62 77 14914 16 246
11 A 1485756 1458936 5182 4716 573 15914 84 54 6 291
12 A 1487885 1461842 2925 3740 2092 16914 65 53 33 221
13 G 1488996 485 641 408 1470044 13 23 11 17124 247
14 G 1490983 247 224 432 1471640 4 19 9 17971 437
15 C 1493606 377 209 1473592 69 7 12 19147 7 186
16 A 1495405 1473833 73 16 315 20117 15 18 11 1007
17 C 1497382 190 142 1475963 38 9 16 20829 4 191
18 C 1500567 401 148 1477109 89 11 13 22585 5 206
19 A 1503374 1478110 72 18 182 24755 4 16 4 213
20 A 1505960 1479856 77 15 184 25539 4 4 5 276
21 A 1507981 1481798 72 74 204 25421 23 7 6 376
22 C 1510180 343 298 1483360 57 20 32 25838 2 230
23 G 1512510 266 331 56 1485480 21 26 7 26079 244
24 G 1515910 290 168 43 1488234 5 24 8 26920 218
25 T 1518908 289 1487457 264 130 10 28445 18 11 2284
26 C 1522033 472 289 1491031 104 13 27 29917 6 174
27 T 1525240 229 1491815 565 135 6 32255 21 2 212
28 T 1528478 179 1491017 844 277 10 35942 29 2 178
29 A 1532622 1492017 378 204 301 39481 19 28 19 175
30 T 1536516 422 1493189 617 63 22 41781 29 4 389
31 G 1538329 278 428 141 1492874 24 46 16 44178 344
32 A 1541910 1493798 117 44 276 47228 12 11 51 373
33 A 1545264 1495028 141 29 409 49264 21 4 52 316
34 C 1549539 3188 1920 1491115 709 167 74 52083 35 248
35 A 1554014 1492081 609 2450 1744 56639 48 100 82 261
36 G 1555527 2218 1386 1964 1490075 103 113 113 59370 185
37 A 1559205 1494190 174 36 252 64258 19 11 27 238
38 T 1562943 138 1490658 188 70 183 69236 60 27 2383
39 G 1566001 312 270 96 1489617 193 59 20 75189 245
40 G 1568905 13266 293 105 1474033 377 183 13 80398 237
41 A 1572395 1467430 99 21 13387 89915 186 22 405 930
42 A 1575955 1478091 85 53 565 96735 18 22 92 294
43 A 1578668 1478403 112 133 234 99066 142 50 65 463
44 C 1582130 436 138 1477890 53 162 42 103164 37 208
45 T 1587215 179 1472552 294 70 130 113419 70 29 472
46 G 1588881 295 375 139 1467873 66 119 32 119789 193
47 A 1590923 1464721 91 142 332 124976 49 29 137 446
48 T 1593967 271 1461892 231 62 102 131088 36 56 229
49 G 1594866 555 443 366 1451616 99 144 60 141371 212
50 G 1594641 467 252 460 1444653 91 166 72 148202 278
51 G 1593325 711 549 347 1437060 138 178 57 153988 297
52 G 1592529 826 448 1546 1427924 1225 101 183 159978 298
53 A 1593010 1421357 403 1838 534 166988 1089 238 105 458
54 A 1590243 1416955 442 1204 1296 168514 1050 214 190 378
55 C 1588576 319 348 1406636 88 87 98 180624 178 198
56 G 1584043 594 366 100 1396633 1041 77 92 184780 360
57 C 1582636 299 132 1388483 78 163 51 193162 36 232
58 C 1588525 270 222 1379649 72 191 798 207014 40 269
59 A 1591637 1366317 135 3756 575 219202 52 569 818 213
60 G 1585523 174 399 116 1362622 108 233 42 221612 217
61 A 1582812 1351309 674 472 389 228806 160 163 617 222
62 A 1580713 1333348 267 2260 916 242958 91 463 208 202
63 T 1580559 1624 1321011 1076 712 709 254484 252 272 419
64 G 1573654 1405 400 2513 1301290 584 401 564 266262 235
65 C 1569690 704 834 1282612 2760 363 232 281208 748 229
66 A 1568096 1262217 793 1371 855 301753 231 401 237 238
67 A 1562484 1245064 2455 373 706 311844 1051 155 430 406
68 C 1559528 742 225 1236294 399 875 103 320258 265 367
69 T 1558491 1803 1234105 959 405 825 319548 274 338 234
70 G 1548979 538 383 385 1222001 217 250 177 324809 219
71 A 1543069 1208045 407 222 276 333043 289 113 421 253
72 G 1534677 1334 526 238 1193347 756 281 157 337815 223
73 A 1526896 1168697 178 127 198 356822 226 190 147 311
74 T 1518466 185 1147045 248 22 239 370027 238 234 228
75 C 1512393 360 223 1122251 186 589 242 388090 254 198
76 A 1507691 1101321 117 219 353 404713 294 147 223 304
77 G 1491039 164 319 102 1082832 283 231 133 406768 207
78 A 1479965 1056138 61 89 364 422652 83 89 284 205
79 G 1463308 356 328 312 1033812 312 275 347 427301 265
80 C 1449588 438 331 1024078 398 571 260 422976 308 228
81 A 1437469 999709 129 152 504 436033 236 123 345 238
82 T 1425018 2413 979584 592 848 1192 439303 307 543 236
83 C 1414613 2543 125 967511 1016 1559 238 440900 508 213
84 C 1420773 830 1834 958832 509 1041 893 456155 471 208
85 G 1409240 666 218 46 951596 786 327 84 455314 203
86 T 1393264 112 934173 136 17 241 457461 172 429 523
87 C 1381788 938 286 918679 67 721 435 459986 309 367
88 G 1353264 3280 247 54 908791 3251 306 231 436815 289
89 G 1330236 2666 187 61 891288 3187 233 59 432324 231
90 G 580237 111 140 457 445683 70 90 531 133056 99
91 A 572694 444787 50 76 105 127355 41 25 64 191
92 A 564762 436797 41 24 171 127452 66 24 53 134
93 G 561445 88 164 56 437583 70 98 28 123273 85
94 A 560308 436517 37 3 87 123473 28 12 53 98
95 T 562655 39 439192 47 9 48 123173 32 16 99
96 G 564441 55 135 32 448019 78 133 28 115888 73
97 A 565889 451396 53 54 137 114016 51 23 62 97
98 T 567071 46 454515 68 20 71 112211 27 17 96
99 T 569524 117 461028 92 13 58 108055 42 25 94
100 G 571473 320 483 229 467692 94 249 62 102259 85
101 A 575622 471677 722 520 499 101574 206 179 147 98
102 T 580889 699 482009 272 292 223 97142 83 79 90
103 G 584587 105 172 36 487140 47 146 41 96788 112
104 G 590695 77 130 52 493037 40 71 37 97152 99
105 A 594365 497347 45 39 136 96558 48 21 47 124
106 A 598498 508257 49 30 136 89475 33 23 382 113
107 T 601513 88 515800 59 6 309 84928 30 175 118
108 T 609343 133 518806 71 30 42 89970 32 149 110
109 G 614753 92 151 24 527409 37 254 22 86633 131
110 G 619381 56 97 41 536859 21 30 27 82125 125
111 A 625563 542704 78 15 277 82056 32 115 57 229
112 C 634485 112 162 549164 30 236 57 84573 15 136
113 G 642436 125 131 52 555484 97 80 33 86348 86
114 A 649483 563299 46 23 114 85728 22 19 117 115
115 T 656332 188 566920 566 170 70 88139 66 48 165
116 T 661370 49 572396 733 50 29 87765 121 59 168
117 C 665098 201 156 578871 694 40 49 84886 92 109
118 T 674368 54 586655 290 11 76 87091 66 6 119
119 A 681940 593739 88 17 105 87649 54 17 48 223
120 C 689590 185 114 601375 38 87 50 87577 49 115
121 A 698331 605373 179 645 336 91400 35 160 68 135
122 T 705431 162 612072 444 261 136 92012 111 82 151
123 C 712856 469 158 619738 976 183 76 90983 168 105
124 C 721501 165 86 627020 70 76 122 93783 34 145
125 A 729909 633235 59 38 128 96139 91 41 44 134
126 A 735774 639355 24 26 118 96014 25 24 47 141
127 A 743883 648426 35 32 88 95068 58 34 16 126
128 T 750805 518 657336 90 4 149 92555 20 10 123
129 G 755212 134 194 500 665727 83 92 99 88260 123
130 T 762708 98 673911 175 57 42 87963 45 51 366
131 G 769374 133 280 74 681696 27 93 32 86919 120
132 C 776517 226 402 685743 82 74 77 89742 20 151
133 A 782673 694319 191 63 378 87338 57 20 78 229
134 C 787491 232 371 699223 174 53 78 87228 36 96
135 T 792646 285 704402 514 128 47 86984 90 31 165
136 G 794734 162 203 49 710703 45 81 41 83341 109
137 A 801439 715851 80 39 113 85136 32 15 34 139
138 A 807057 721043 93 35 158 85348 38 14 34 294
139 C 812556 149 214 728097 33 42 46 83805 14 156
140 T 820121 42 735662 116 46 23 84006 33 13 180
141 T 827249 278 740711 335 139 52 85480 64 24 166
142 A 831798 744379 108 48 127 86906 48 17 29 136
143 A 838272 749382 48 68 95 88456 10 14 41 158
144 A 843249 751523 87 57 108 91093 36 16 40 289
145 C 848840 214 441 756306 74 69 95 91474 19 148
146 T 854997 74 760084 211 60 22 94301 50 17 178
147 C 860532 769 273 762892 312 132 64 95894 67 129
148 A 866587 762194 1563 1148 3885 96771 209 158 506 153
149 G 870272 735 228 3530 767563 140 76 473 97397 130
150 T 875819 897 771205 3519 1973 137 96835 506 303 444
151 G 882008 592 276 206 780071 111 106 55 100456 135
152 A 885908 786825 220 670 260 97564 47 113 51 158
153 T 889987 405 789403 305 119 75 99422 60 35 163
154 T 897424 270 794564 235 155 66 101907 41 35 151
155 A 903567 800899 197 481 238 101440 63 74 42 133
156 T 908536 226 806628 440 267 46 100633 75 55 166
157 G 912173 138 291 83 813745 56 73 24 97618 145
158 A 916742 818899 98 62 217 97163 84 14 45 160
159 G 918666 196 245 71 820704 58 101 16 97123 152
160 G 920680 224 244 90 824257 34 112 16 95467 236
161 G 922594 179 134 538 828538 42 73 57 92792 241
162 G 924231 327 250 329 832896 56 86 155 89967 165
163 C 929246 409 296 835524 112 186 112 92346 42 219
164 G 934677 303 311 82 834020 100 91 16 99573 181
165 A 937482 837801 212 103 251 98635 45 24 142 269
166 C 942289 497 259 841682 153 363 60 99071 49 155
167 T 949935 115 844244 586 39 309 104327 117 22 176
168 G 951853 615 723 586 845007 94 425 127 104128 148
169 A 956478 850004 149 511 452 104788 231 62 93 188
170 T 960304 87 855425 165 57 204 104046 32 78 210
171 C 966761 454 199 861659 523 88 247 103292 71 228
172 C 972010 224 161 863984 52 263 104 107010 18 194
173 A 976070 867517 75 37 188 107906 111 42 40 154
174 G 975895 208 257 81 866612 100 98 43 108317 179
175 A 983037 868210 92 41 132 114221 36 28 113 164
176 A 985533 866869 96 35 185 117952 49 19 86 242
177 C 988094 244 606 864921 59 77 186 121775 59 167
178 A 990173 867841 342 68 141 121410 150 26 39 156
179 G 988962 103 317 371 872861 36 102 143 114874 155
180 C 990426 338 246 873005 214 141 66 116179 81 156
181 T 998073 532 876533 139 559 165 119794 28 96 227
182 T 1003659 174 885427 157 41 60 117497 92 19 192
183 A 1007487 888204 329 397 294 117874 87 65 54 183
184 A 1011524 892614 402 60 200 117878 72 60 35 203
185 C 1015298 236 116 894738 378 182 42 119338 72 196
186 A 1021018 897017 395 1207 242 121631 77 195 80 174
187 A 1020313 900127 117 106 187 119439 19 31 107 180
188 T 1023554 87 904672 191 16 55 118205 109 32 187
189 A 1026470 904624 153 159 291 120898 102 29 53 161
190 G 1026659 99 350 170 909334 33 87 44 116365 177
191 A 1028287 911084 139 55 191 116518 63 18 38 181
192 G 1028130 375 273 131 914878 84 53 39 112128 169
193 A 1030486 914195 103 118 205 115496 45 21 74 229
194 G 1029911 147 267 76 913386 68 59 17 115725 166
195 A 1029409 915613 108 72 276 113013 49 21 63 194
196 A 1031321 920506 70 19 105 110332 24 8 47 210
197 T 1032996 91 920065 111 12 49 112361 28 20 259
198 G 1031582 121 293 58 919198 40 123 20 111489 240
199 G 1033519 226 146 35 916122 48 54 23 116630 235
200 T 1037091 133 915805 193 49 60 119677 38 89 1047
201 G 1043175 270 340 114 918622 68 88 35 123475 163
202 C 1047345 456 257 919814 88 99 60 126340 32 199
203 T 1052245 81 919553 188 64 73 131948 61 27 250
204 C 1056338 326 921 922955 280 120 178 131340 56 162
205 T 1058022 438 918923 211 61 141 137976 79 22 171
206 C 1057391 197 77 915589 464 98 55 140665 88 158
207 T 1059715 165 911885 665 94 104 146390 167 32 213
208 G 1052808 832 495 58 906975 262 144 65 143841 136
209 C 1053680 316 134 904079 168 145 173 148451 63 151
210 T 1059950 236 904135 356 551 67 154161 131 97 216
211 T 1061556 63 903925 225 41 52 156839 50 153 208
212 T 1063553 341 903789 103 26 81 158848 96 19 250
213 T 1063492 71 898713 250 54 67 164021 53 64 199
214 G 1057423 112 241 85 895182 161 143 38 161300 161
215 A 1052049 891356 116 14 184 159953 59 45 104 218
216 C 1051387 200 591 888771 52 111 209 161103 158 192
217 G 1050449 611 1189 1517 886055 251 313 393 159955 165
218 A 1051123 889124 1621 587 1047 157768 394 117 260 205
219 A 1051256 888399 688 827 498 160166 154 178 152 194
220 A 1050634 890741 84 158 179 159073 85 35 106 173
221 G 1046135 405 327 118 891502 174 119 40 153318 132
222 A 1047410 894365 80 56 382 152152 59 24 100 192
223 A 1045353 893902 60 564 127 150277 49 96 97 181
224 G 1042822 108 198 41 894840 80 122 33 147211 189
225 G 1037656 168 636 138 892647 101 136 61 143602 167
226 A 1032919 888615 133 96 435 143242 48 36 102 212
227 A 1033596 887103 482 94 181 145378 119 36 47 156
228 T 1031919 123 886374 407 370 123 144086 114 75 247
229 A 1031207 882644 603 612 765 145986 138 136 166 157
230 A 1028537 881678 542 347 1281 144025 125 113 249 177
231 A 1022279 879280 1022 633 219 140549 215 157 55 149
232 T 1020027 68 876940 288 10 47 142346 73 42 213
233 A 1019107 880607 113 14 130 137937 68 34 36 168
234 T 1013545 82 881648 202 13 38 131277 38 52 195
235 C 1011874 306 75 883652 94 101 54 127384 30 178
236 T 1013722 114 876026 237 21 57 137005 48 19 195
237 G 1007346 253 334 175 873343 68 170 59 132739 205
238 G 1006167 429 686 208 869513 152 158 38 134807 176
239 A 1005290 865297 279 612 243 138347 69 131 111 201
240 A 1003820 863023 317 662 343 138896 133 135 134 177
241 G 1000209 285 403 171 862942 166 121 53 135873 195
242 A 997683 861261 382 61 349 135176 162 28 88 176
243 A 998244 860173 492 188 297 136544 107 117 75 251
244 C 997326 1476 1693 856380 293 374 307 136563 63 177
245 A 1000877 856693 1012 640 1046 140666 274 127 247 172
246 T 999932 1737 852500 1042 1171 355 142379 283 197 268
247 C 1000829 594 368 853057 994 149 84 145210 204 169
248 C 1002452 471 308 853323 871 264 87 146730 162 236
249 C 1007815 423 831 853567 1136 213 173 150997 287 188
250 A 1012709 856550 755 302 1436 152969 147 79 299 172
251 G 1006631 512 709 1243 861126 100 199 301 142270 171
252 C 1002119 1101 1051 859140 525 306 159 139424 202 211
253 G 998836 1227 734 797 856525 230 229 140 138789 165
254 C 996612 805 318 857233 796 129 146 136564 282 339
255 G 996332 1122 779 688 858137 215 220 150 134839 182
256 G 993527 1483 572 2390 851979 223 188 367 136153 172
257 G 991616 2538 624 809 852257 408 147 141 134511 181
258 G 988587 1229 915 1529 851453 268 190 246 132589 168
259 A 989790 855697 71 28 229 133362 45 38 92 228
260 A 989353 861321 74 22 195 126772 388 11 372 198
261 G 987211 219 300 67 862177 64 352 25 123846 161
262 G 983571 3322 595 55 858160 576 434 232 120006 191
263 A 981476 861136 78 138 790 118431 547 28 122 206
264 T 979549 166 861146 2520 72 61 114609 702 33 240
265 C 976411 310 865 860138 1186 153 493 112833 221 212
266 C 980017 533 407 857756 647 150 514 119568 221 221
267 T 986043 650 859524 1622 517 430 122598 449 106 147
268 A 984933 859767 82 1750 613 121924 48 431 162 156
269 A 983852 862256 513 316 1827 118172 120 93 387 168
270 G 982401 805 1039 586 865094 202 249 104 114094 228
271 A 981808 867456 85 505 106 113311 67 79 29 170
272 A 982226 865339 36 7 925 115461 110 47 141 160
273 A 980265 862794 417 42 609 115996 112 21 93 181
274 A 977310 863620 58 60 110 112901 76 45 33 407
275 C 977475 186 43 863424 26 93 37 113462 24 180
276 T 978673 139 860038 526 139 29 117405 91 71 235
277 G 975329 151 198 54 860583 38 128 26 113985 166
278 G 975263 99 91 42 862254 48 53 34 112440 202
279 A 979213 864795 73 20 329 113651 43 25 85 192
280 G 977996 119 127 42 865388 43 34 28 112016 199
281 G 977019 119 153 36 864779 50 57 18 111590 217
282 A 976038 862700 94 424 400 111465 44 103 85 723
283 C 977055 208 229 862872 125 52 55 113270 42 202
284 C 979315 194 91 863107 128 59 56 115453 34 193
285 C 980129 377 359 859808 136 126 88 118986 25 224
286 A 982374 859749 101 83 260 121889 62 19 52 159
287 T 980252 104 859004 102 17 62 120741 39 10 173
288 A 976985 858306 86 71 182 118116 41 28 40 115
289 T 977917 86 857573 131 13 39 119833 45 9 188
290 A 976223 856104 113 12 144 119455 51 23 28 293
291 C 975647 253 233 857241 58 137 59 117354 28 284
292 A 977642 854904 123 112 187 121996 30 33 39 218
293 A 978041 853147 157 63 368 123916 56 26 78 230
294 G 977329 283 280 126 852828 76 76 32 123455 173
295 A 975987 850051 98 405 206 124838 58 61 48 222
296 G 971020 167 213 104 847709 41 77 41 122490 178
297 A 970663 847631 105 229 279 122017 36 37 73 256
298 G 968741 589 653 559 846936 134 143 108 119464 155
299 T 970643 629 847466 950 384 271 118303 188 179 2273
300 A 971511 848905 475 688 1136 119661 128 144 202 172
301 G 969994 148 345 186 851792 67 91 41 117095 229
302 A 971194 852944 113 170 109 117604 29 41 24 160
303 T 972548 169 852400 368 69 66 119117 56 32 271
304 A 973184 851317 259 539 573 120082 69 75 110 160
305 G 970312 306 286 423 850879 99 76 87 117972 184
306 A 970411 849770 479 490 444 118781 72 86 86 203
307 A 973160 854063 75 261 284 118174 27 31 63 182
308 A 972972 856199 117 140 486 115711 44 36 68 171
309 G 974392 256 471 96 854988 50 98 32 118158 243
310 T 976845 85 852703 138 11 87 122268 45 163 1345
311 G 976978 172 220 49 851771 35 122 30 124312 267
312 G 975592 92 207 58 851971 27 74 18 122888 257
313 A 976090 850020 210 469 493 124465 53 81 91 208
314 T 972308 483 850147 354 259 103 120556 55 61 290
315 G 972734 406 618 483 852380 85 173 97 118340 152
316 A 972719 847211 101 183 243 124581 88 29 68 215
317 G 965958 251 215 55 840856 53 145 16 124205 162
318 G 963816 151 138 132 840014 53 104 29 122871 324
319 G 959381 521 202 46 838487 93 68 22 119517 425
320 A 958971 836683 46 29 158 121781 31 14 30 199
321 A 956659 836084 141 51 214 119053 45 94 43 934
322 C 952977 155 174 836808 79 46 38 115464 22 191
323 T 953776 84 835505 448 144 37 117162 80 22 294
324 C 956699 314 269 836260 75 77 56 119463 26 159
325 G 954814 492 300 131 835209 148 89 46 118217 182
326 T 956836 162 834033 242 160 61 121755 48 43 332
327 C 958612 312 169 830357 361 78 39 127032 77 187
328 C 961170 423 93 829892 45 122 68 130259 22 246
329 T 962964 31 830388 134 6 106 132084 29 6 180
330 T 962129 171 829366 140 93 76 132005 77 19 182
331 T 958986 932 826245 225 97 180 131077 35 20 175
332 A 954622 821614 514 634 159 131212 171 121 38 159
333 T 952240 828 816589 478 103 153 133799 87 25 178
334 G 947777 367 257 117 813959 93 100 85 132631 168
335 A 946970 812640 128 93 246 133404 79 42 53 285
336 C 948523 234 195 810042 165 237 50 137208 65 327
337 A 952876 809652 47 27 110 142776 50 14 32 168
338 A 951089 805392 61 22 91 145255 35 26 27 180
339 A 954288 806226 55 25 288 147385 63 9 80 157
340 G 955260 115 324 198 811026 131 100 44 143094 228
341 A 956435 815460 210 47 160 140267 45 17 41 188
342 A 958617 819058 186 52 262 138781 42 12 69 155
343 G 954684 91 192 50 823147 85 71 18 130757 273
344 A 954532 819991 49 11 145 134096 29 6 32 173
345 A 952030 816138 47 15 134 135432 36 9 36 183
346 A 951198 816200 66 26 254 134372 31 14 54 181
347 T 950098 67 810794 100 24 102 138686 32 18 275
348 A 956429 813919 267 175 200 141539 93 33 46 157
349 A 958845 816785 86 111 167 141316 53 35 78 214
350 G 955771 152 361 91 819244 66 104 28 135547 178
351 G 951967 191 260 68 819474 61 60 50 131604 199
352 C 951567 288 158 821693 48 72 84 128894 68 262
353 G 950653 212 219 57 819899 113 80 17 129834 222
354 A 951186 822160 88 33 113 128522 40 21 30 179
355 A 950369 820182 69 53 296 129430 55 23 55 206
356 T 952093 86 821663 296 42 46 129668 71 22 199
357 C 950971 318 409 822936 167 87 95 126758 41 160
358 T 956565 61 823750 170 44 80 132116 45 42 257
359 G 955214 152 158 47 825535 55 62 21 129001 183
360 G 952320 111 131 38 825434 50 54 23 126238 241
361 C 955676 329 513 825722 149 84 134 128435 55 255
362 G 953819 535 270 108 827078 145 62 53 125329 239
363 C 952249 181 274 829006 234 55 72 122205 50 172
364 C 958242 1120 216 828563 367 280 60 127091 77 468
365 A 958762 824200 581 672 367 132486 101 116 57 182
366 A 958600 822444 685 475 418 134102 121 88 73 194
367 G 955671 223 394 45 825414 53 81 33 129279 149
368 C 951564 171 162 828644 115 48 33 122179 32 180
369 C 950860 199 183 829009 103 85 48 121006 26 201
370 A 952743 830317 32 91 137 121896 31 32 18 189
371 A 957419 832948 98 33 88 123970 30 21 32 199
372 T 957960 122 834490 158 21 74 122871 50 9 165
373 A 960551 837841 574 145 326 121277 136 38 65 149
374 A 962072 837900 432 183 511 122630 94 58 84 180
375 T 965852 480 839156 521 136 102 125178 96 32 151
376 G 964695 376 372 152 836938 89 133 63 126400 172
377 G 963893 311 223 200 836330 97 61 56 126457 158
378 T 964415 311 836861 322 349 95 124761 79 167 1470
379 G 963193 666 1337 441 840035 142 272 105 120061 134
380 A 962689 841301 616 955 476 118792 122 153 93 181
381 T 962946 1176 841773 581 327 208 118546 94 77 164
382 G 963723 1416 559 801 840939 307 142 196 119181 182
383 A 962890 843802 1033 1064 532 115735 268 166 104 186
384 T 963435 1079 843385 839 669 235 116687 175 139 227
385 G 964425 1064 376 138 845580 199 107 44 116733 184
386 C 964256 380 419 846645 419 102 142 115891 81 177
387 A 968199 849585 249 991 447 116399 89 150 91 198
388 A 970110 854322 78 321 147 114794 41 90 33 284
389 C 971232 694 148 856251 129 186 39 113540 42 203
390 A 973395 855815 200 194 197 116687 51 37 48 166
391 G 976656 178 461 1006 859006 74 114 164 115511 142
392 C 975939 343 146 858591 75 72 65 116475 27 145
393 T 976412 116 856554 1105 301 47 117876 171 56 186
394 G 975562 96 219 46 854126 50 92 11 120755 167
395 G 968218 105 138 32 850239 25 52 20 117453 154
396 T 965587 95 847451 538 37 39 116908 81 27 411
397 C 964957 326 138 844582 59 69 44 119572 17 150
398 T 965485 49 842558 243 30 39 122348 45 6 167
399 G 959703 336 271 231 840618 75 56 48 117924 144
400 A 958011 842035 130 19 225 115247 40 22 48 245
401 C 961825 196 135 842333 66 53 27 118828 20 167
402 T 963407 125 841947 492 91 34 120422 81 20 195
403 C 964208 266 116 841087 62 71 46 122397 14 149
404 A 965395 842308 88 22 147 122435 53 22 33 287
405 C 965982 263 200 845858 64 60 56 119290 23 168
406 A 970755 846853 180 188 234 123014 32 59 42 153
407 T 973108 76 848826 131 24 35 123820 41 13 142
408 G 971585 234 482 699 853384 44 144 119 116355 124
409 A 970297 855869 68 17 158 113957 28 4 29 167
410 T 970521 94 853106 156 6 42 116902 31 7 177
411 G 970826 133 257 60 853845 55 85 24 116215 152
412 A 972292 855446 79 28 129 116368 28 12 28 174
413 T 970542 90 856695 127 18 23 113349 22 18 200
414 C 970150 307 115 852892 72 93 28 116447 37 159
415 T 972600 81 852696 254 48 56 119228 50 10 177
416 G 966148 206 209 65 851497 40 76 14 113883 158
417 G 962328 157 196 40 852557 26 38 13 109116 185
418 C 962550 272 179 852478 73 50 39 109267 15 177
419 A 963725 852558 67 15 141 110698 19 9 38 180
420 T 965016 27 852768 215 55 24 111705 29 13 180
421 T 964677 206 853977 169 50 48 110004 47 13 163
422 C 963482 202 88 854449 201 81 33 108190 45 193
423 C 963586 223 225 852809 39 108 55 109933 23 171
424 A 965451 851451 51 23 140 113526 23 15 26 196
425 A 963974 851055 52 14 109 112524 25 6 26 163
426 T 962771 54 848672 1180 13 14 112465 179 9 185
427 T 965983 62 850603 179 12 15 114859 44 4 205
428 T 968056 54 850252 173 11 31 117315 19 12 189
429 G 967307 219 259 75 849655 46 116 22 116769 146
430 A 968615 853733 92 20 205 114290 39 12 36 188
431 A 967431 852347 63 34 140 114603 18 16 40 170
432 T 966748 103 848794 154 16 31 117433 28 8 181
433 G 963521 106 267 71 848608 34 117 29 114124 165
434 A 961578 849620 77 9 119 111550 25 11 29 138
435 T 961288 63 847719 137 13 34 113122 32 15 153
436 A 961784 844172 560 10 565 116000 97 22 97 261
437 C 962133 245 120 842957 634 105 48 117724 144 156
438 A 966368 843458 171 920 440 120894 53 186 75 171
439 A 964653 844323 104 17 145 119728 31 19 26 260
440 C 964369 309 94 844105 50 91 72 119480 24 144
441 A 963982 842063 62 30 145 121402 21 12 86 161
442 T 959341 51 837161 138 7 20 121695 98 8 163
443 A 959460 837281 77 12 110 121049 40 114 46 731
444 C 962106 142 101 838537 37 65 32 122951 86 155
445 C 963818 249 124 836916 44 110 51 126029 113 182
446 A 971503 839582 94 19 212 131264 154 9 47 122
447 G 971170 155 231 74 841768 48 80 14 128668 132
448 A 973931 837415 49 15 152 135895 49 122 43 191
449 G 971283 114 220 44 835047 46 128 24 135494 166
450 G 967438 173 157 37 834542 161 52 33 132090 193
451 A 968783 834287 136 18 177 133688 46 26 35 370
452 C 968713 179 114 835168 38 83 51 132871 26 183
453 A 971663 834764 75 101 340 136048 48 40 61 186
454 A 967903 833586 71 367 157 133358 60 67 39 198
455 G 969354 138 119 62 835681 92 72 33 132897 260
456 A 967141 837184 221 105 263 129005 42 25 89 207
457 G 963088 137 243 52 840110 46 67 27 122246 160
458 C 965170 236 87 838836 57 69 24 125664 41 156
459 T 969668 285 840861 248 25 56 127930 50 16 197
460 C 970000 465 270 843309 101 122 118 125291 34 290
461 T 970143 95 846309 124 23 59 123322 29 7 175
462 T 974762 448 845591 339 269 121 127624 80 75 215
463 G 973704 303 299 75 844547 88 93 26 128100 173
464 T 972630 186 841100 251 77 55 130587 69 33 272
465 T 972093 238 838295 196 115 79 132686 159 39 286
466 C 970791 270 207 837925 65 101 108 131938 23 154
467 G 974807 316 204 46 841920 131 162 23 131832 173
468 C 978209 258 530 850396 306 62 148 126305 54 150
469 A 981302 850160 294 80 1023 128162 197 109 200 1077
470 C 983557 201 986 849564 234 52 184 131985 166 185
471 C 987095 456 912 846847 1867 133 240 136033 423 184
472 G 989323 352 275 96 848206 123 181 29 139853 208
473 G 988229 362 172 92 851641 124 69 50 135520 199
474 C 988565 367 236 850787 317 97 96 136429 80 156
475 A 985323 848926 510 340 148 135006 106 70 65 152
476 T 984986 70 848660 132 28 31 135824 35 26 180
477 G 981803 402 400 198 846936 129 119 44 133378 197
478 G 977706 129 223 40 849976 43 50 35 127044 166
479 A 979271 852060 59 32 197 126645 16 32 44 186
480 T 980024 104 854125 271 49 35 125115 56 29 240
481 C 980402 416 787 852571 882 104 151 125142 156 193
482 C 983535 237 254 857448 405 94 62 124711 107 217
483 C 984613 822 306 856496 663 236 88 125672 120 210
484 A 989924 862041 51 264 267 126931 49 51 76 194
485 G 989550 112 285 50 863698 60 97 28 125009 211
486 G 988324 296 403 77 865358 90 93 19 121817 171
487 A 987599 863478 234 45 434 122998 89 22 84 215
488 T 989661 53 864888 578 124 29 123591 109 69 220
489 G 987868 356 778 143 866167 76 165 42 119970 171
490 T 988438 413 866826 164 482 93 119732 52 114 562
491 G 987332 310 547 479 865422 79 141 90 120058 206
492 C 987741 432 456 863377 289 83 72 122775 79 178
493 T 993029 956 861001 178 84 215 130234 63 74 224
494 C 995678 1003 65 858619 224 315 23 135041 54 334
495 T 998397 124 857635 1068 140 107 138842 199 90 192
496 C 999598 542 153 857809 89 177 43 140570 27 188
497 T 1002427 104 859648 213 16 124 142011 53 73 185
498 G 998596 188 341 308 861532 116 105 138 135718 150
499 A 998417 863316 186 550 154 133615 88 155 156 197
500 T 1003002 72 868896 154 15 65 133538 69 11 182
501 G 1004947 342 300 56 867504 164 85 53 136290 153
502 C 1006455 317 346 871644 264 78 209 133354 68 175
503 A 1005579 872166 73 345 339 132162 71 83 134 206
504 G 1001839 514 252 94 872607 116 153 50 127890 163
505 G 997444 117 207 36 870563 42 113 61 126132 173
506 G 998919 140 165 42 870808 39 71 19 127489 146
507 T 999391 76 872111 272 254 45 125766 106 128 633
508 T 995842 93 874211 92 16 58 121091 74 10 197
509 C 997137 191 262 876518 64 103 189 119639 28 143
510 G 998473 356 324 73 876502 193 90 82 120682 171
511 A 998991 876800 125 13 152 121045 46 53 62 695
512 C 1002398 209 114 882324 38 84 60 119401 22 146
513 T 1005591 63 881494 291 18 39 123262 91 27 306
514 C 1004445 376 89 880334 62 91 33 123301 16 143
515 T 1006390 100 879000 208 18 106 126591 71 21 275
516 C 1008809 432 276 879408 60 90 64 128234 31 214
517 C 1014685 263 193 880782 200 151 65 132774 50 207
518 C 1018916 351 108 884084 62 152 37 133907 29 186
519 T 1021538 287 882000 551 477 124 137739 108 73 179
520 A 1020219 876431 75 32 141 143222 67 41 43 167
521 G 1018710 80 277 67 876596 35 99 55 141335 166
522 G 1019396 134 146 56 879131 97 54 26 139576 176
523 A 1018837 877451 54 76 173 140678 33 57 60 255
524 G 1020772 1165 203 33 878177 244 73 72 140656 149
525 G 1020415 158 137 33 881403 36 123 24 138360 141
526 T 1024134 85 882210 149 48 75 140409 154 117 887
527 C 1026126 141 70 885043 43 87 40 140507 29 166
528 T 1031702 64 892537 523 79 69 138122 110 26 172
529 G 1033032 124 159 53 894466 57 220 26 137734 193
530 G 1036002 125 115 32 899481 41 165 21 135829 193
531 A 1037740 904471 88 217 284 132196 45 51 154 234
532 G 1038927 228 306 228 907458 136 72 53 130308 138
533 C 1042757 380 215 912197 52 96 39 129562 39 177
534 T 1048227 210 917965 526 116 43 128992 117 30 228
535 G 1048299 291 269 47 922389 66 77 20 124977 163
536 C 1050503 257 179 920194 47 58 66 129486 33 183
537 A 1053560 918977 255 620 857 132317 97 102 154 181
538 G 1052045 95 146 66 923047 29 65 17 128431 149
539 G 1049788 107 158 21 922441 40 43 29 126763 186
540 C 1050358 454 516 919895 121 93 92 128912 34 241
541 G 1054034 302 442 172 920185 85 135 42 132522 149
542 C 1056788 289 199 922068 158 77 53 133714 52 178
543 T 1061284 61 926302 571 253 21 133682 112 59 223
544 G 1063259 373 292 79 925127 80 84 26 137035 163
545 C 1067741 389 362 925792 71 85 85 140729 35 193
546 A 1073574 927954 189 200 295 144556 67 51 64 198
547 G 1075577 508 283 47 929221 111 79 41 145165 122
548 T 1076994 100 930583 347 17 60 145368 212 38 269
549 C 1080608 330 204 936012 133 92 208 143373 48 208
550 A 1084440 936321 99 29 165 147361 21 186 31 227
551 A 1089259 942788 67 13 154 145743 71 128 35 260
552 A 1090799 947625 69 70 507 142137 46 49 90 206
553 G 1093725 108 213 55 945339 48 87 49 147641 185
554 G 1093060 118 178 42 942879 129 75 22 149440 177
555 A 1096366 945489 256 71 335 149669 54 102 86 304
556 G 1093862 859 225 151 948587 178 53 98 143579 132
557 T 1092769 128 951616 226 16 62 139724 71 61 865
558 T 1099686 322 960317 610 159 50 137812 144 50 222
559 G 1100055 179 253 45 963544 65 172 52 135527 218
560 G 1099277 162 178 106 966806 42 107 33 131613 230
561 G 1099393 258 181 106 969235 72 54 24 129264 199
562 A 1100600 967420 195 11 212 132278 57 21 64 342
563 C 1102348 206 148 969645 55 78 66 131925 34 191
564 A 1104504 970178 117 189 212 133459 36 45 40 228
565 A 1105494 972945 284 431 231 131142 86 74 60 241
566 T 1110266 182 978811 224 227 54 130475 27 64 202
567 G 1109420 330 501 549 981076 72 148 124 126413 207
568 G 1107396 247 200 39 982228 79 55 23 124339 186
569 T 1108122 116 978545 375 168 70 126222 108 270 2248
570 G 1107443 345 349 230 982882 84 110 74 123220 149
571 A 1107253 981848 323 30 134 124575 57 40 29 217
572 T 1107707 133 981377 118 19 34 125760 46 18 202
573 G 1109546 395 248 64 982971 118 122 21 125434 173
574 G 1107760 121 202 64 979578 44 44 40 127489 178
575 A 1108215 976219 68 19 286 131198 37 10 113 265
576 G 1108590 440 283 100 976075 88 74 22 131375 133
577 T 1108939 109 979819 581 91 66 127336 91 71 775
578 T 1111498 48 981821 229 55 22 129053 53 20 197
579 G 1109581 667 319 168 983990 123 106 46 124006 156
580 A 1111213 986388 140 47 254 124040 17 31 68 228
581 T 1113647 50 985011 204 18 43 128065 38 26 192
582 A 1117315 981772 54 53 188 134936 52 17 38 205
583 A 1120501 982187 59 217 170 137517 71 41 41 198
584 G 1122405 103 285 69 986308 27 145 54 135236 178
585 G 1120045 283 320 62 984991 86 77 31 134029 166
586 A 1121414 986433 120 92 216 134249 46 29 54 175
587 T 1125291 157 988931 179 55 35 135654 44 17 219
588 G 1123696 190 315 110 989469 51 118 21 133258 164
589 A 1124030 989812 99 16 306 133495 28 15 63 196
590 T 1124235 141 989571 205 22 45 133970 36 13 232
591 C 1125227 354 180 987264 150 139 63 136799 40 238
592 A 1130054 988524 35 26 163 141024 19 24 41 198
593 A 1130482 990323 19 9 173 139672 11 15 35 225
594 A 1127800 986294 43 88 164 140867 16 46 34 248
595 C 1127448 270 155 985380 42 94 79 141150 40 238
596 G 1125903 316 208 39 987864 61 74 53 137127 161
597 T 1129138 76 991580 261 292 40 136214 68 101 506
598 G 1128178 289 264 47 991776 76 149 33 135334 210
599 G 1128743 155 201 127 991101 31 131 38 136713 246
600 G 1129024 244 240 127 988226 57 66 42 139841 181
601 A 1130814 990396 156 60 451 139377 49 19 81 225
602 T 1130814 101 990440 302 60 23 139535 77 18 258
603 C 1126162 295 174 984220 198 119 82 140837 39 198
604 A 1125545 984543 195 571 256 139576 53 92 32 227
605 A 1126803 983016 570 81 231 142574 118 18 24 171
606 T 1129559 578 983394 329 115 83 144739 86 32 203
607 G 1131680 128 254 56 988908 47 118 53 141967 149
608 A 1130633 991570 121 8 138 138507 44 17 31 197
609 T 1127980 85 989515 269 12 26 137762 62 8 241
610 C 1129622 354 230 991291 43 124 106 137246 31 197
611 G 1132543 266 192 53 992885 125 169 26 138594 233
612 G 1128759 245 377 231 992740 54 70 57 134808 177
613 A 1130233 991947 371 17 352 137107 68 19 63 289
614 A 1133139 987586 78 199 403 144256 32 58 72 455
615 C 1134028 252 260 984287 29 58 72 148869 19 182
616 T 1135194 120 983451 187 55 37 151053 39 15 237
617 T 1130858 59 980857 176 11 26 149441 43 9 236
618 C 1129104 300 145 981303 99 75 49 146914 26 193
619 T 1129206 80 975029 232 11 45 153553 72 14 170
620 G 1126202 170 498 63 974900 55 245 34 150050 187
621 G 1121663 127 231 301 974447 45 75 58 146204 175
622 A 1121073 972135 119 357 235 147742 68 70 74 273
623 G 1121797 110 280 75 971749 53 82 31 149257 160
624 A 1120906 969530 73 153 666 149995 44 32 150 263
625 G 1120192 138 241 56 974683 42 66 16 144782 168
626 G 1116904 116 135 30 975340 37 33 19 141000 194
627 T 1121147 201 972680 207 232 107 144726 91 315 2588
628 G 1126702 169 216 52 980220 82 71 17 145695 180
629 A 1127337 980831 94 8 216 145840 33 14 56 245
630 A 1127397 982716 200 79 202 143921 43 14 33 189
631 A 1126352 980023 438 901 2054 142062 110 146 360 258
632 A 1126157 979819 1158 1306 907 142142 245 234 143 203
633 T 1127377 310 981566 1293 1190 96 142217 236 250 219
634 G 1123683 230 287 66 986500 49 191 42 136123 195
635 G 1123552 147 168 83 982962 60 66 35 139786 245
636 A 1123830 980105 122 386 475 142268 34 113 98 229
637 C 1126898 315 296 981212 57 111 88 144534 53 232
638 G 1129389 270 267 63 980444 100 73 53 147923 196
639 A 1129706 980700 101 184 320 148053 24 29 94 201
640 A 1131559 979970 174 307 171 150598 52 58 38 191
641 A 1130274 974648 55 114 601 154479 32 41 108 196
642 A 1129269 973171 42 355 574 154733 20 72 101 201
643 A 1125476 970556 240 231 602 153349 60 91 110 237
644 C 1125871 198 263 972439 186 142 64 152353 39 187
645 A 1128588 973078 397 600 443 153635 97 102 64 172
646 A 1128260 970931 78 61 209 156648 50 16 67 200
647 G 1124010 171 246 52 966914 49 145 34 156238 161
648 G 1123703 282 164 52 967179 110 53 27 155656 180
649 A 1122506 963587 296 255 484 157409 92 46 120 217
650 G 1118678 694 399 574 961454 171 120 133 154956 177
651 T 1118530 531 958439 443 207 192 157344 125 250 999
652 G 1116609 1105 282 39 958735 238 121 27 155874 188
653 C 1112228 285 107 956025 862 87 76 154433 161 192
654 T 1117604 121 958768 964 31 66 157275 159 20 200
655 T 1122914 32 964564 206 10 78 157753 79 11 181
656 A 1122930 965282 88 15 167 157029 53 52 40 204
657 C 1123581 208 210 966514 63 90 179 156117 40 160
658 G 1126317 212 283 57 970294 64 161 23 155029 194
659 A 1126059 969574 79 57 175 155809 100 22 50 193
660 G 1124123 87 297 63 973809 40 79 21 149561 166
661 A 1126037 974212 69 36 181 151222 40 19 55 203
662 G 1123321 314 205 42 973584 86 76 21 148811 182
663 A 1118012 965604 42 26 173 151896 28 16 46 181
664 A 1114539 962005 210 56 279 151661 76 14 54 184
665 T 1110270 249 954604 106 188 53 154797 25 67 181
666 G 1106640 257 444 158 953202 66 110 47 152192 164
667 T 1103628 245 952131 185 25 79 150342 45 34 542
668 G 1098956 178 215 158 948163 42 91 42 149898 169
669 C 1094325 204 292 946823 74 72 95 146507 36 222
670 A 1093786 945683 87 27 140 147537 30 31 45 206
671 A 1095614 947078 90 24 155 147907 26 26 34 274
672 C 1095190 229 120 948139 36 117 37 146305 27 180
673 A 1096883 947892 197 33 236 148225 63 28 45 164
674 T 1098692 62 952232 439 171 31 145425 86 43 203
675 T 1099721 59 950958 435 4 37 147944 82 8 194
676 C 1098775 228 66 952349 59 85 50 145682 34 222
677 T 1097522 113 948948 189 14 74 147907 61 12 204
678 C 1095810 220 107 947968 64 125 65 146979 33 249
679 A 1098506 948283 47 15 169 149704 43 24 28 193
680 A 1096088 946465 77 10 139 149090 31 12 31 233
681 A 1091034 942259 36 19 325 148117 16 9 77 176
682 G 1089540 111 191 42 939567 58 83 17 149286 185
683 G 1086487 136 164 89 937069 87 54 31 148626 231
684 A 1079350 935042 122 21 342 143519 26 10 78 190
685 A 1075885 934952 33 8 156 140458 15 8 45 210
686 A 1074400 932411 29 23 105 141603 16 15 26 172
687 A 1068880 930893 96 14 148 137454 36 12 24 203
688 T 1066469 58 929967 145 25 24 135991 30 13 216
689 T 1065238 44 930289 157 20 14 134437 34 11 232
690 T 1059737 85 926826 197 13 32 132318 45 11 210
691 C 1054755 579 205 924115 164 390 67 128625 46 564
692 A 1050951 923392 224 471 679 125779 59 77 105 165
693 A 1045861 920822 135 475 273 123840 19 82 51 164
694 A 1041812 917005 48 458 202 123683 27 91 38 260
695 C 1038377 941 191 913267 427 189 52 123064 79 167
696 A 1035419 910960 151 289 152 123598 29 56 23 161
697 G 1031852 380 280 310 908614 57 64 66 121919 162
698 C 1027869 404 121 906913 89 78 34 120047 37 146
699 T 1023836 160 905021 376 200 37 117619 71 62 290
700 G 1018270 342 323 334 900395 88 71 61 116464 192
701 C 1014491 251 156 899397 105 81 35 114213 28 225
702 A 1011343 895552 167 293 254 114632 38 58 30 319
703 C 1006409 199 114 889922 33 890 38 112581 14 2618
704 A 1004781 888484 81 20 130 115821 27 8 26 184
705 A 998487 883592 74 10 194 114339 29 9 31 209
706 A 994959 881306 41 197 241 112716 32 29 95 302
707 G 989564 247 276 30 879002 42 66 13 109676 212
708 G 979670 263 181 86 873134 39 31 21 105674 241
709 G 974397 420 314 92 869781 61 70 30 103387 242
710 C 970414 313 190 868552 572 227 50 99904 75 531
711 A 965702 865020 487 205 290 99349 65 37 44 205
712 A 958435 858692 65 120 167 99101 31 26 41 192
713 T 951698 77 852310 128 29 23 98927 38 16 150
714 G 943621 181 318 88 847307 58 83 22 95445 119
715 A 935667 839722 217 20 551 94873 31 9 75 169
716 T 929201 96 835163 226 21 27 93324 36 43 265
717 G 924611 280 235 66 831430 40 69 22 92300 169
718 G 918206 264 190 362 826683 59 44 38 90407 159
719 A 908634 818215 68 101 290 89699 12 18 39 192
720 T 902347 349 812057 187 233 49 89203 24 27 218
721 C 895516 224 98 803940 45 119 20 90776 26 268
722 A 888659 792439 87 11 210 95569 16 4 34 289
723 A 879502 782184 46 22 222 96331 20 6 36 635
724 G 873161 169 265 67 775829 41 37 11 96618 124
725 T 865713 94 768346 188 38 92 96138 43 42 732
726 G 858747 690 403 86 762333 77 57 9 94945 147
727 A 851238 757754 121 135 241 92746 24 17 30 170
728 G 839829 344 260 95 750909 59 23 20 88006 113
729 A 834492 746600 106 113 685 86703 26 11 84 164
730 G 825259 109 166 57 737742 57 20 11 86756 341
731 A 816855 729760 42 35 177 86621 14 11 24 171
732 A 805453 719720 39 37 151 85316 11 10 21 148
733 A 797601 711847 79 142 726 84516 22 20 92 157
734 G 789393 102 164 503 704763 15 29 58 83625 134
735 T 784329 178 699184 465 274 57 83550 70 49 502
736 C 774946 210 209 689445 49 47 52 84744 31 159
737 G 763387 305 126 61 680304 78 40 18 82284 171
738 G 755447 265 108 107 674649 60 17 27 79923 291
739 A 747939 667731 177 19 325 79505 26 7 38 111
740 A 739353 655078 72 283 209 78862 20 434 41 4354
741 C 729246 178 189 649900 162 39 40 78568 35 135
742 C 718082 105 124 639120 49 49 28 78455 9 143
743 C 708697 129 100 629236 85 85 23 78773 25 241
744 A 702402 620523 94 95 157 81325 32 14 45 117
745 G 692204 91 150 35 611014 23 29 4 80706 152
746 G 681854 75 106 27 600891 59 14 3 80203 476
747 A 672580 594335 49 13 181 77827 2 3 27 143
748 A 666143 586997 55 23 146 78742 23 8 29 120
749 A 660329 579903 38 49 98 80062 21 11 20 127
750 T 654799 49 573763 127 58 16 80592 21 19 154
751 G 645307 101 227 41 565835 32 35 9 78908 119
752 C 636745 149 151 562034 32 47 31 74149 20 132
753 T 628351 54 553254 181 111 28 74549 29 24 121
754 G 622414 75 115 36 547200 60 27 6 74809 86
755 A 613363 538997 39 3 87 74079 12 3 28 115
756 G 603694 79 146 21 530319 20 35 2 72968 104
757 A 595389 525830 36 13 91 69281 14 5 14 105
758 T 586867 39 516618 51 3 15 69987 22 10 122
759 C 578465 180 112 507158 48 104 27 70714 19 103
760 G 568875 123 132 33 497169 148 31 8 71094 137
761 A 559348 490582 36 4 56 68536 15 3 7 109
762 A 553662 480632 28 6 112 72762 8 5 22 87
763 G 543474 26 92 16 467785 34 23 5 75391 102
764 A 534236 458838 28 4 58 75173 20 3 13 99
765 T 525455 27 451330 82 2 8 73875 21 11 99
766 C 516739 131 171 442655 50 49 39 73556 11 77
767 T 511892 46 433747 85 42 61 77812 19 9 71
768 C 503341 126 148 423514 178 74 27 79143 50 81
769 A 493362 414039 133 851 64 77764 30 163 24 294
770 T 487348 43 408597 57 18 14 78528 16 14 61
771 C 481330 228 52 401077 50 92 17 79147 25 642
772 T 474169 30 389428 74 12 72 84470 8 10 65
773 T 465826 16 380458 63 4 16 85159 15 8 87
774 T 457243 18 375384 78 11 12 81628 19 6 87
775 C 450457 142 59 369650 74 69 29 80363 22 49
776 T 444450 51 364720 76 6 52 79355 26 9 155
777 G 432959 101 117 16 357170 43 28 10 75375 99
778 G 421534 90 101 15 351211 32 37 9 69946 93
779 C 411333 78 105 341952 68 37 24 68955 34 80
780 A 403671 334328 92 41 67 68785 18 20 26 294
781 C 396727 106 88 327673 15 43 24 68621 19 138
782 G 388383 77 78 8 320799 18 26 6 67297 74
783 G 379057 69 70 12 311927 16 18 13 66833 99
784 T 372938 24 303668 46 40 26 68908 24 26 176
785 C 365859 77 35 297424 48 52 9 68149 14 51
786 T 358441 47 290476 201 19 40 67533 41 14 70
787 G 347209 167 246 11 281542 72 60 10 65036 65
788 C 337380 96 73 273555 193 41 22 63302 49 49
789 A 329402 261849 77 141 64 66062 24 54 15 1116
790 C 321354 76 57 254893 16 38 11 66195 20 48
791 T 314405 53 245873 57 10 32 68299 17 6 58
792 C 306567 121 50 237749 29 68 23 68425 32 70
793 A 300091 225462 105 185 100 74013 55 49 48 74
794 T 291009 11 217845 85 7 18 72968 31 11 33
795 A 280427 208558 24 121 216 71220 32 42 89 125
796 T 273000 33 196712 84 142 20 75833 45 71 60
797 T 267338 9 189349 43 8 22 77788 30 20 69
798 G 261342 84 56 81 185306 53 41 43 75640 38
799 A 254682 180176 15 22 29 74325 15 17 36 47
800 G 249588 64 22 12 175872 51 14 9 73507 37
801 A 242500 168211 18 3 128 73830 7 11 99 193
802 G 233689 118 274 17 162263 50 147 11 70772 37
803 G 227127 41 118 263 156288 42 69 127 70128 51
804 G 216774 51 153 215 149795 31 90 111 66272 56
805 T 209290 30 143838 18 6 52 65138 38 49 121
806 C 201083 37 24 136043 33 53 14 64825 17 37
807 A 192827 129131 21 27 62 63477 2 11 52 44
808 G 183143 19 17 8 121665 15 24 7 61308 80
809 T 175070 13 111157 17 2 45 63753 20 16 47
810 T 169755 97 104398 36 4 85 65061 40 11 23
811 G 159181 57 19 4 97160 71 23 19 61771 57
812 C 153095 31 13 93488 45 27 14 59382 72 23
813 T 148136 6 83570 71 7 42 64277 82 11 70
814 C 142910 41 16 76883 7 62 35 65822 27 17
815 A 138520 73178 7 1 10 65225 13 18 30 38
816 C 132912 23 15 71286 4 118 18 61066 13 369
817 A 127875 66785 3 1 11 61020 20 2 20 13
818 A 122836 60592 1 1 10 62181 12 7 23 9
819 A 117623 58153 7 1 13 59286 70 11 11 71
820 T 111948 30 55244 9 2 41 56569 16 22 15
821 C 106055 23 2 48110 17 69 118 57521 32 163
822 T 100804 3 43105 13 47 21 57482 24 100 9
823 T 94317 3 42346 3 6 16 51899 11 21 12
824 G 87340 8 10 8 39430 29 68 8 47717 62
825 T 82140 18 37586 16 4 18 44425 36 12 25
826 C 77341 14 9 34199 2 62 40 42972 28 15
827 T 74022 4 31385 2 0 78 42151 121 95 186
828 G 67508 0 6 0 27970 43 27 865 37595 1002
829 C 64830 15 44 28187 12 24 18 36507 17 6
830 C 64564 69 43 26898 12 43 25 37450 12 12
831 C 68172 83 70 26132 88 84 59 41604 40 12
832 G 68758 66 38 21 25214 112 34 158 42984 131
833 C 67677 64 32 23536 39 22 27 43929 21 7
834 C 70246 185 54 22528 51 59 617 45934 87 731
835 T 73232 4 22613 103 3 19 50326 42 64 58
836 G 71571 4 23 3 20558 20 85 12 50844 22
837 T 71742 9 21270 9 16 23 50224 24 98 69
838 G 74374 33 6 0 23100 73 132 16 50922 92
839 T 76510 1 25065 4 3 15 51334 14 44 30
840 G 78819 22 8 8 26995 88 292 43 51040 323
841 T 79797 4 29832 6 2 43 49847 30 10 23
842 A 80562 32011 7 0 7 48229 104 7 50 147
843 T 83405 7 33384 12 1 9 46383 26 1771 1812
844 G 87858 12 16 4 39675 32 107 12 47995 5
845 G 92007 16 3 30 44465 74 99 238 46705 377
846 A 95554 27742 50 10 98 29500 103 15640 91 22320
847 C 100257 1331 357 53327 1315 345 123 42993 456 10
848 C 106908 236 717 60550 948 217 161 43857 217 5
849 T 114990 475 66650 289 2083 281 44655 104 445 8
850 G 120144 110 91 130 75276 39 44 38 44394 22
851 C 125010 78 145 79598 113 29 179 44821 34 13
852 C 132205 182 166 83796 70 57 77 47821 16 20
853 G 139157 31 89 11 87002 20 47 14 51929 14
854 T 147258 22 92151 29 29 8 54984 15 11 9
855 A 154907 95884 17 40 39 58849 27 15 23 13
856 G 164566 16 16 14 102887 21 29 16 61558 9
857 C 172513 34 17 107737 16 16 25 64629 16 23
858 C 179652 38 38 112533 8 27 31 66948 8 21
859 A 187254 116620 6 37 15 70499 17 26 23 11
860 G 193637 28 18 24 122805 33 33 78 70608 10
861 T 199435 19 128152 15 7 18 71174 10 19 21
862 G 205944 28 19 3 134742 14 52 8 71067 11
863 G 210032 13 27 2 142513 9 30 10 67412 16
864 C 217656 60 21 151610 8 30 18 65882 3 24
865 T 228985 11 160024 161 37 10 68615 87 18 22
866 A 236611 168052 71 16 46 68286 50 31 18 41
867 C 244558 101 100 177897 30 47 85 66259 10 29
868 G 255782 64 31 20 187749 37 56 31 67771 23
869 A 264810 197079 20 13 41 67499 36 24 33 65
870 C 274342 64 29 206379 23 36 30 67727 10 44
871 T 283499 7 212717 28 4 12 70627 51 4 49
872 T 287809 14 219220 31 7 17 68429 36 12 43
873 C 296370 71 52 228405 14 30 72 67665 13 48
874 G 306115 134 71 37 236102 77 50 49 69557 38
875 A 315831 240217 56 55 120 75219 34 38 55 37
876 A 325543 247336 55 38 59 77927 47 9 30 42
877 A 335990 254101 4 65 35 81688 15 19 21 42
878 A 346619 259026 20 6 56 87418 25 5 18 45
879 A 355810 267323 19 58 149 88073 47 30 66 45
880 G 363747 253 126 326 277921 120 107 154 84706 34
881 A 371745 283679 153 154 620 86662 118 76 230 53
882 G 376047 435 137 163 291057 191 114 65 83827 58
883 G 383451 43 51 11 303825 20 78 12 79356 55
884 G 390920 53 57 12 313390 19 43 15 77280 51
885 A 399136 323780 25 2 70 75128 7 3 25 96
886 T 407515 28 332430 42 8 13 74922 11 3 58
887 A 416117 337992 25 4 54 77373 103 82 23 461
888 C 427206 96 29 348863 11 32 16 78104 4 51
889 T 435814 59 358557 64 6 18 76983 28 8 91
890 C 446973 113 28 371090 32 27 34 75578 10 61
891 T 455349 21 381761 73 36 12 73338 28 6 74
892 T 461714 17 391745 72 8 2 69761 19 4 86
893 T 473721 11 405200 56 9 6 68349 13 4 73
894 A 482731 414803 31 29 106 67626 26 15 26 69
895 G 491133 37 107 19 422665 16 48 23 68162 56
896 T 501907 52 432045 58 9 11 69431 13 20 268
897 G 509411 73 126 21 438351 21 88 19 70641 71
898 G 518104 55 89 23 444933 16 67 15 72802 104
899 G 525402 92 105 22 449791 21 62 22 75188 99
900 A 530707 455650 572 47 131 74056 114 12 28 97
901 A 537358 464501 90 56 169 72373 25 13 30 101
902 T 546114 72 473668 122 36 24 72090 19 10 73
903 A 554633 482824 200 72 187 71133 85 18 31 83
904 G 562965 129 139 147 494384 41 59 36 67962 68
905 A 572986 505459 62 83 102 66840 33 41 32 334
906 C 583512 120 96 516776 131 29 22 66208 20 110
907 C 593923 87 57 525021 25 21 35 68554 8 115
908 C 602659 167 47 534405 21 28 19 67870 6 96
909 T 608377 41 541245 418 91 9 66398 65 23 87
910 T 614839 67 547975 140 284 20 66183 21 38 111
911 T 621006 57 557665 226 11 17 62857 43 4 126
912 C 627790 183 95 560881 205 29 54 66220 31 92
913 A 638819 569103 40 66 116 69284 47 24 23 116
914 A 647728 574396 67 30 246 72808 27 6 47 101
915 A 656294 582070 58 67 101 73735 35 24 29 175
916 C 666630 169 52 590479 72 48 13 75698 12 87
917 T 677944 43 601078 133 22 9 76454 41 7 157
918 G 687947 246 227 43 611998 33 63 23 75203 111
919 C 697788 170 51 620181 28 26 19 77180 22 111
920 T 707954 41 630040 102 31 9 77537 39 5 150
921 T 717264 148 639358 186 63 18 77269 45 11 166
922 C 726369 284 181 649407 265 55 63 75956 22 136
923 A 734962 657193 233 145 256 76892 44 35 36 128
924 A 743472 665907 130 169 303 76734 29 24 33 143
925 A 752142 673403 54 277 399 77804 15 40 45 105
926 A 760309 681027 239 316 541 77844 37 56 52 197
927 C 767676 376 258 690019 422 50 47 76338 43 123
928 A 777194 700766 187 49 386 75581 24 11 63 127
929 G 785170 205 277 381 710222 38 59 73 73791 124
930 C 791787 308 354 715376 187 50 47 75348 24 93
931 C 799715 376 497 722495 133 65 68 75926 15 140
932 A 809603 733434 120 469 288 75026 25 58 33 150
933 A 818676 742362 118 476 302 75160 30 63 37 128
934 G 825598 284 287 52 752274 34 52 21 72468 126
935 T 834865 79 762272 122 73 14 71939 10 6 350
936 A 842640 770200 179 149 229 71695 25 19 25 119
937 T 852207 57 780076 144 37 17 71709 26 8 133
938 A 860387 790681 98 18 138 69173 24 10 21 224
939 C 869291 253 449 797718 81 29 67 70543 9 142
940 A 879556 806769 247 25 373 71917 42 10 34 139
941 G 884781 110 272 290 812289 18 60 43 71558 141
942 C 892594 245 240 820617 131 17 29 71126 15 174
943 C 900957 373 368 828506 58 43 44 71391 8 166
944 T 908880 87 833417 208 16 12 74948 34 8 150
945 A 916264 840633 153 385 244 74616 39 38 36 120
946 A 925524 852057 228 158 168 72672 28 19 27 167
947 T 933116 69 860632 105 39 17 72017 14 7 216
948 C 940267 363 146 865205 261 51 39 74036 33 133
949 A 947457 867880 34 75 259 78978 40 16 21 154
950 G 954817 109 209 52 875546 12 42 14 78692 141
951 A 958584 878351 57 29 228 79511 11 11 34 352
952 C 966986 195 164 884726 172 44 34 81440 20 191
953 C 974811 318 282 889887 164 47 101 83830 20 162
954 G 982072 349 287 154 896181 50 81 25 84791 154
955 A 990234 902906 374 1029 589 84935 55 115 61 170
956 A 996337 906386 203 373 1683 87162 28 63 190 249
957 C 1002577 947 1118 910242 824 127 232 88829 89 169
958 G 1007777 169 236 46 921268 30 77 21 85759 171
959 A 1014497 927756 109 11 153 86172 56 21 45 174
960 G 1019035 211 241 42 930759 50 47 33 87460 192
961 A 1024712 931869 109 66 252 92095 56 32 37 196
962 A 1029758 933293 199 58 281 95618 22 26 68 193
963 T 1034256 187 937181 328 223 37 95950 67 40 243
964 C 1039246 379 170 941574 156 80 28 96657 27 175
965 C 1045320 227 198 943347 125 76 60 101086 15 186
966 A 1048033 940288 129 145 627 106517 58 24 67 178
967 G 1050914 662 424 351 942545 104 62 78 106475 213
968 C 1056799 543 478 948460 518 88 88 106364 69 191
969 A 1059349 950932 291 600 473 106427 61 100 63 402
970 C 1062375 312 132 953959 40 40 38 107694 17 143
971 A 1064735 954663 142 32 140 109351 33 14 23 337
972 C 1066335 263 254 955962 31 60 58 109507 5 195
973 A 1070512 956366 28 13 152 113680 22 9 32 210
974 A 1073993 959122 63 20 184 114332 35 10 27 200
975 G 1075284 169 198 46 958587 56 56 10 115953 209
976 A 1075761 959785 70 9 190 115438 37 8 26 198
977 G 1073912 116 175 31 961820 21 39 15 111516 179
978 T 1073164 100 958451 161 20 61 113396 41 37 897
979 C 1074960 203 128 956776 58 52 53 117478 26 186
980 A 1077126 956182 50 18 249 120362 22 13 37 193
981 G 1073088 153 316 36 953005 34 62 16 119262 204
982 C 1074112 391 514 949753 82 107 62 122986 39 178
983 T 1077887 87 949808 150 29 30 127561 29 12 181
984 G 1075112 345 362 85 945955 58 104 28 128001 174
985 G 1071668 200 153 51 945679 41 33 17 125297 197
986 T 1071359 88 943576 123 27 86 125837 43 133 1446
987 G 1071552 364 330 132 945441 87 92 30 124906 170
988 T 1076080 79 950101 137 32 29 125097 39 58 508
989 G 1076604 178 257 56 950572 47 103 42 125155 194
990 G 1077173 127 227 63 950033 41 98 33 126352 199
991 A 1076881 944750 119 55 153 131456 54 40 35 219
992 T 1078441 89 941664 115 25 39 136181 24 60 244
993 G 1075439 261 277 59 942483 62 103 31 131905 258
994 G 1075043 173 198 57 944950 68 62 27 129323 185
995 C 1075939 294 217 947410 72 100 70 127532 30 214
996 A 1076981 948093 101 40 203 128235 43 23 50 193
997 T 1076875 128 948211 266 85 29 127808 62 31 255
998 G 1076270 233 374 99 953180 60 79 30 122025 190
999 C 1075206 263 629 951542 86 79 117 122263 30 197
1000 A 1077237 946897 136 324 242 129238 44 83 60 213
1001 A 1078556 945563 82 132 187 132243 33 44 55 217
1002 T 1077704 108 942344 252 50 48 134581 59 19 243
1003 T 1077273 114 940283 104 97 35 136344 34 25 237
1004 C 1077644 290 65 937305 174 89 38 139473 41 169
1005 T 1078650 221 933412 388 137 142 144037 74 28 211
1006 G 1075059 497 1022 266 928860 121 236 155 143710 192
1007 C 1074169 322 1022 930886 201 160 207 141144 58 169
1008 T 1075990 784 925145 414 521 164 148510 153 82 217
1009 G 1077482 205 261 58 925183 63 90 89 151365 168
1010 C 1079679 252 126 927448 74 155 46 151384 24 170
1011 A 1081009 928300 95 40 198 152017 39 39 100 181
1012 T 1080853 67 926500 90 102 28 153769 58 45 194
1013 T 1084140 78 925496 221 60 46 157971 58 15 195
1014 T 1083213 126 924716 267 62 45 157724 72 32 169
1015 G 1075578 102 279 81 924563 69 136 29 150122 197
1016 A 1077124 925659 86 11 214 150847 41 9 53 204
1017 A 1076667 926058 440 33 395 149370 96 14 63 198
1018 G 1070989 151 237 55 922461 68 81 20 147734 182
1019 A 1069264 919451 72 16 111 149331 32 15 37 199
1020 T 1065834 63 918005 205 12 33 147266 38 7 205
1021 C 1064096 454 62 916646 106 156 38 146409 32 193
1022 T 1070158 115 918208 182 7 91 151336 39 13 167
1023 A 1069997 916987 62 200 179 152232 44 40 51 202
1024 A 1068165 917399 92 139 272 149896 71 28 54 214
1025 G 1064565 159 269 201 915077 51 98 64 148484 162
1026 A 1062165 916702 123 127 485 144387 44 29 79 189
1027 G 1058908 438 504 37 917607 105 118 19 139953 127
1028 T 1057983 64 912723 143 18 90 142777 47 137 1984
1029 A 1055975 915886 86 10 186 139553 40 15 33 166
1030 T 1057270 68 912896 115 24 30 143934 33 12 158
1031 T 1059157 104 914613 116 10 47 144018 23 14 212
1032 A 1065599 915199 89 15 306 149676 54 7 71 182
1033 A 1068136 912957 348 43 191 154257 86 9 54 191
1034 G 1070431 132 209 523 914401 30 92 120 154754 170
1035 C 1071784 590 169 916787 124 144 51 153709 35 175
1036 T 1073390 58 918777 181 199 36 153819 40 55 225
1037 T 1073673 94 921335 275 97 31 151555 66 31 189
1038 C 1069828 269 194 922276 150 91 58 146588 46 156
1039 A 1069286 921241 209 100 325 147079 47 31 72 182
1040 T 1065763 87 916007 115 110 84 149133 31 24 172
1041 C 1067623 314 116 911363 276 182 48 155086 63 175
1042 A 1070681 907110 81 105 207 162806 112 46 44 170
1043 G 1066550 170 244 66 907350 54 127 27 158307 205
1044 A 1068756 909039 89 9 426 158768 108 62 84 171
1045 G 1067565 112 210 46 911712 92 117 16 155063 197
1046 G 1061213 115 154 41 912302 54 92 14 148198 243
1047 G 1065090 284 212 73 920081 86 61 62 144002 229
1048 A 1065117 918800 578 198 941 143843 127 75 168 387
1049 C 1068457 237 517 920730 553 87 116 145863 156 198
1050 C 1074515 516 597 920985 902 235 102 150778 204 196
1051 A 1081939 926283 62 18 126 155146 50 38 24 192
1052 A 1081536 925286 66 16 126 155740 57 13 42 190
1053 A 1079888 923470 59 41 609 155283 71 32 162 161
1054 G 1074630 111 93 36 923492 64 124 28 150516 166
1055 T 1074534 77 921783 134 15 137 151539 41 84 724
1056 A 1073294 923852 62 21 164 148818 128 11 47 191
1057 T 1075501 736 927674 1131 29 194 145139 294 12 292
1058 C 1077875 587 438 929257 388 168 159 146629 68 181
1059 C 1080385 258 529 928838 617 127 131 149505 107 273
1060 C 1085286 240 119 927857 38 135 58 156534 13 292
1061 C 1090459 224 111 924970 127 206 39 164501 36 245
1062 A 1096237 925715 76 31 189 169860 44 78 37 207
1063 A 1095118 924516 58 22 136 169977 109 20 127 153
1064 G 1093308 179 326 42 924236 97 162 23 168076 167
1065 G 1092446 108 156 30 931569 52 104 131 160097 199
1066 G 1087563 102 152 28 936665 167 103 16 150066 264
1067 G 1083101 117 122 36 933284 200 79 16 149005 242
1068 G 1081765 255 188 51 930616 136 229 17 150086 187
1069 A 1081777 925614 63 31 176 155319 224 19 106 225
1070 A 1084129 927063 74 14 209 156269 226 9 49 216
1071 A 1085289 929743 59 100 146 154600 30 58 232 321
1072 C 1086388 81 64 929056 20 119 242 156622 17 167
1073 T 1088473 32 930038 168 15 214 157682 99 10 215
1074 T 1090804 64 933460 176 29 20 156573 235 15 232
1075 T 1091689 413 934233 1736 182 101 154395 334 38 257
1076 C 1091308 617 408 938666 1311 150 164 149558 248 186
1077 C 1093026 500 318 945667 1306 158 89 144513 262 213
1078 A 1090828 949359 145 10 151 140697 90 69 25 282
1079 C 1090821 290 92 947245 53 115 40 142772 25 189
1080 T 1093606 131 943236 225 64 58 149613 81 11 187
1081 A 1097466 937815 102 108 145 158858 149 70 48 171
1082 G 1097217 117 256 65 937580 72 148 42 158777 160
1083 A 1096362 939241 78 8 289 156435 46 29 62 174
1084 G 1097906 94 226 42 944508 33 131 28 152653 191
1085 G 1095132 84 205 40 945628 47 65 31 148836 196
1086 A 1094799 950226 102 51 356 143623 48 11 69 313
1087 G 1092673 165 502 103 951509 103 107 25 140007 152
1088 T 1094208 74 955220 196 28 177 136633 53 121 1706
1089 A 1093073 956905 181 56 332 135181 50 20 118 230
1090 C 1093814 531 164 956489 85 137 96 136089 35 188
1091 A 1098862 959039 539 174 141 138575 173 36 23 162
1092 A 1099601 962161 279 64 576 136112 104 19 99 187
1093 A 1098569 963575 258 48 143 134219 51 46 31 198
1094 T 1096810 68 964663 146 11 30 131616 36 11 229
1095 T 1098495 63 969383 198 220 21 128335 41 48 186
1096 G 1096985 215 339 36 972264 42 88 31 123780 190
1097 C 1097355 248 87 972071 239 53 34 124404 54 165
1098 T 1099417 500 971485 247 476 74 126306 37 62 230
1099 T 1099559 293 969897 150 566 67 128204 36 106 240
1100 C 1102327 337 109 969136 572 107 50 131722 117 177
1101 A 1106673 969060 287 185 495 136249 67 47 81 202
1102 A 1104776 963785 256 156 1000 139130 41 23 176 209
1103 A 1102693 962140 102 797 554 138647 35 151 84 183
1104 T 1102337 421 964028 467 384 95 136586 71 77 208
1105 G 1100354 145 246 78 966518 51 70 29 133080 137
1106 A 1099623 969567 54 31 152 129554 20 8 49 188
1107 A 1097859 970319 34 29 199 127001 17 15 23 222
1108 A 1100336 967076 137 392 357 131981 33 80 51 229
1109 A 1099023 965594 248 250 240 132230 52 68 43 298
1110 C 1100029 420 185 966838 489 140 37 131655 93 172
1111 A 1103214 969309 223 156 199 133030 42 28 52 175
1112 T 1105377 96 971565 164 76 29 133170 32 23 222
1113 G 1105299 390 425 320 973714 79 150 66 129967 188
1114 G 1101414 148 145 50 973387 40 78 43 127349 174
1115 A 1100350 973980 104 24 273 125649 48 20 36 216
1116 T 1101950 141 976488 180 56 33 124793 32 41 186
1117 G 1102256 342 523 201 974785 72 118 90 125950 175
1118 C 1100862 355 390 972626 175 72 146 126863 46 189
1119 T 1102955 212 975016 539 269 63 126548 90 46 172
1120 A 1103955 977197 132 41 188 126074 39 76 34 174
1121 T 1104442 83 981246 141 13 23 122684 19 12 221
1122 G 1104183 374 242 78 979055 84 113 91 123967 179
1123 G 1101108 152 227 93 977197 112 75 21 123043 188
1124 A 1100205 975282 131 34 250 124102 54 14 112 226
1125 A 1101020 975782 61 77 333 124379 94 20 48 226
1126 T 1098995 124 974788 134 296 35 123332 24 52 210
1127 C 1101440 245 290 975974 150 67 59 124448 34 173
1128 A 1103288 973228 156 93 340 129141 43 31 45 211
1129 A 1100171 968054 416 710 474 130001 105 121 81 209
1130 G 1094982 695 585 361 965336 131 151 59 127513 151
1131 T 1095433 177 965790 850 673 74 127226 153 119 371
1132 A 1097118 967345 300 82 341 127783 102 61 94 1010
1133 C 1094169 213 107 964656 636 76 30 128138 121 192
1134 T 1096335 676 965367 446 173 128 129219 80 39 207
1135 C 1097302 320 369 965893 113 94 64 130230 38 181
1136 T 1098238 91 962782 221 304 62 134431 55 42 250
1137 T 1098683 365 960673 286 77 63 136950 46 28 195
1138 G 1094415 166 263 58 956253 57 70 29 137345 174
1139 A 1095533 954002 102 19 193 140907 41 8 36 225
1140 A 1094197 950334 90 24 275 143105 34 18 53 264
1141 C 1094310 276 235 951840 64 74 53 141564 33 171
1142 T 1096888 31 953599 200 31 21 142742 51 22 191
1143 G 1098063 392 248 146 955514 78 74 49 141407 155
1144 A 1098837 949771 84 1172 218 147094 52 165 59 222
1145 G 1096636 130 60 39 947357 55 46 23 148757 169
1146 A 1096623 946943 89 17 1472 147628 35 15 211 213
1147 A 1096943 950121 135 30 411 145932 41 12 85 176
1148 G 1094311 156 364 254 949944 36 94 56 143216 191
1149 C 1091443 278 481 950881 259 102 104 139071 58 209
1150 A 1092321 949509 173 689 406 141122 65 96 88 173
1151 G 1087589 238 277 93 948337 66 98 21 138289 170
1152 G 1086546 487 157 203 948667 98 66 60 136613 195
1153 T 1086916 98 945915 250 30 106 139235 78 93 1111
1154 A 1086306 948155 160 17 226 137323 55 25 46 299
1155 C 1084452 191 363 947495 48 54 94 136026 31 150
1156 T 1088425 83 948945 176 19 28 138898 40 38 198
1157 G 1088313 179 266 44 950154 56 130 23 137259 202
1158 G 1083985 140 164 53 946238 51 68 20 137016 235
1159 G 1080753 242 217 52 945737 76 77 35 134106 211
1160 C 1080277 170 189 940983 247 63 93 138208 51 273
1161 C 1079360 255 354 938456 166 104 91 139661 47 226
1162 A 1079140 934693 123 18 128 143854 53 21 30 220
1163 T 1078089 345 929616 151 17 93 147643 46 18 160
1164 A 1077512 927918 72 229 536 148422 45 41 71 178
1165 A 1083585 933566 58 58 156 149382 79 22 102 162
1166 G 1080754 138 247 35 926982 109 83 58 152918 184
1167 A 1081337 924724 82 20 209 156000 42 15 55 190
1168 A 1082459 925724 72 9 140 155960 76 53 48 377
1169 C 1083149 125 94 924586 28 69 32 157942 20 253
1170 C 1088210 235 105 926374 80 151 32 160975 43 215
1171 A 1090955 930123 100 242 192 159974 53 48 62 161
1172 G 1088533 175 155 51 927372 119 111 41 160320 189
1173 A 1087532 926613 42 80 493 159894 25 34 150 201
1174 A 1088525 925993 320 18 179 161559 181 12 71 192
1175 G 1089644 109 204 347 929292 50 86 85 159329 142
1176 T 1091791 178 930823 169 110 107 159132 147 92 1033
1177 G 1091731 152 218 68 934803 128 180 34 155942 206
1178 G 1087549 84 227 85 934857 37 109 61 151907 182
1179 A 1087440 933571 105 57 640 152504 70 24 254 215
1180 G 1084972 131 181 34 934219 56 218 27 149911 195
1181 G 1081551 125 235 47 934474 81 182 22 146187 198
1182 A 1079554 931679 76 85 381 146740 68 70 199 256
1183 A 1078713 929948 209 365 259 147267 213 186 36 230
1184 A 1077539 928955 76 212 465 147137 39 68 280 307
1185 C 1076858 459 380 928454 142 336 97 146685 92 213
1186 A 1073185 922195 929 2126 917 145442 436 469 150 521
1187 C 1072889 1083 991 917557 4573 270 471 146950 822 172
1188 T 1073490 889 916725 889 4462 197 149131 185 838 174
1189 A 1072882 922949 345 1506 281 146909 115 253 327 197
1190 A 1072920 919945 391 199 2540 149024 165 51 422 183
1191 T 1070806 2146 922193 355 837 377 144081 444 126 247
1192 C 1070614 1674 296 914897 109 435 90 152906 57 150
1193 A 1074395 910730 155 84 2784 159456 424 49 519 194
1194 A 1071764 912241 264 547 1507 156081 86 125 601 312
1195 C 1075903 4627 562 906385 1474 959 132 161272 305 187
1196 A 1084422 900160 429 699 10406 170193 133 158 2057 187
1197 G 1082451 2539 1464 1014 907126 564 304 208 169069 163
1198 A 1083634 912388 96 86 305 170349 93 28 113 176
1199 G 1080763 208 128 59 911812 78 84 38 168120 236
1200 G 1076765 218 93 53 910897 92 66 26 165086 234
1201 G 1072694 3431 226 10839 896217 736 77 2181 158767 220
1202 C 1075207 2093 242 900923 11421 479 67 157463 2266 253
1203 C 1079127 9296 543 901907 3580 1811 156 160925 725 184
1204 T 1086046 990 914012 1064 244 324 168882 251 71 208
1205 C 1085028 788 139 909790 772 266 72 172865 174 162
1206 T 1086498 772 907381 582 1188 235 175717 142 258 223
1207 G 1081525 1055 304 713 909143 237 128 144 169584 217
1208 C 1081317 1001 565 911421 316 242 447 167079 82 164
1209 A 1082287 909735 365 631 549 170208 369 125 111 194
1210 G 1078899 215 305 51 911543 74 123 30 166334 224
1211 G 1074683 165 136 295 920226 339 42 63 153237 180
1212 T 1070509 169 916856 509 1074 56 150434 111 195 1105
1213 C 1072411 205 119 920847 41 67 311 150582 27 212
1214 A 1077442 922337 88 29 141 154522 49 33 41 202
1215 A 1080582 925124 90 16 279 154572 60 11 271 159
1216 A 1084163 923246 97 37 195 160114 216 21 57 180
1217 T 1086047 86 924429 210 63 41 160739 60 176 243
1218 C 1089045 293 167 932829 62 132 175 155186 33 168
1219 A 1091193 936255 88 20 226 154260 110 11 47 176
1220 G 1088380 125 280 30 939102 33 134 28 148484 164
1221 T 1088220 97 942363 197 18 54 144717 43 80 651
1222 G 1083928 837 270 97 938322 160 97 38 143929 178
1223 T 1083629 106 942198 245 12 53 140320 70 54 571
1224 G 1084677 748 251 50 947203 151 92 30 135937 215
1225 C 1085740 1787 797 942467 627 337 164 139243 123 195
1226 A 1089262 938677 594 1522 554 147195 111 298 104 207
1227 A 1092820 939873 1005 211 1233 149430 206 82 231 549
1228 C 1096474 138 189 943715 1015 47 81 150889 192 208
1229 C 1101401 254 80 950201 75 81 33 150438 46 193
1230 T 1106191 175 952064 532 366 46 152587 124 93 204
1231 G 1107767 1207 516 41 954186 237 113 37 151263 167
1232 C 1112473 268 228 958384 413 102 63 152744 100 171
1233 A 1118914 961259 275 330 195 156383 76 83 84 229
1234 T 1122010 268 964866 336 24 84 156059 86 87 200
1235 T 1126886 70 964683 134 15 98 161635 36 20 195
1236 T 1130299 57 965864 266 386 48 163232 55 160 231
1237 T 1134670 125 969330 146 25 47 164666 45 76 210
1238 C 1135797 247 118 971198 126 92 86 163687 60 183
1239 T 1137207 83 970053 571 51 43 166022 179 22 183
1240 G 1131932 449 643 144 971697 93 170 103 158430 203
1241 T 1130701 145 979529 400 211 36 149803 99 81 397
1242 G 1130347 375 574 309 983129 90 137 106 145436 191
1243 C 1133480 3085 2010 979688 1827 582 406 145291 374 217
1244 A 1139109 982296 1590 1061 5139 147477 275 214 854 203
1245 A 1141637 986401 2974 906 3384 146556 484 171 567 194
1246 A 1144988 991372 44 312 228 152599 119 69 49 196
1247 G 1143156 118 160 65 991185 94 92 37 151225 180
1248 A 1141147 995059 102 20 308 145253 62 16 102 225
1249 A 1141879 995028 1066 1467 1202 142226 218 258 205 209
1250 A 1139238 995153 540 847 1981 138678 188 204 330 1317
1251 C 1138492 560 1017 998894 1213 188 183 136041 212 184
1252 C 1142420 502 169 1002877 132 91 120 138293 31 205
1253 T 1145486 98 1007388 228 99 32 137175 80 77 309
1254 C 1144125 916 365 1007451 266 163 76 134591 45 252
1255 C 1146410 219 106 1006788 296 139 32 138513 75 242
1256 C 1147069 266 309 1007915 64 147 64 138057 64 183
1257 A 1146893 1008035 95 87 262 138074 41 37 86 176
1258 T 1143599 508 1007632 896 825 100 133104 136 140 258
1259 T 1142598 2514 1009987 714 94 355 128487 120 24 303
1260 T 1142252 168 1012885 672 964 40 126991 113 173 246
1261 G 1137733 725 2508 627 1015341 111 374 127 117697 223
1262 A 1135652 1010738 3348 1498 1285 117666 431 220 194 272
1263 C 1136500 717 7103 1007868 1814 158 867 117536 251 186
1264 A 1141475 1016183 252 1554 1905 120898 41 229 234 179
1265 A 1141125 1015426 428 1250 2129 121187 82 159 260 204
1266 A 1139869 1016100 243 607 2845 119233 60 103 354 324
1267 C 1138542 1445 282 1010014 5812 230 59 119664 815 221
1268 C 1136150 837 383 1003992 10961 201 84 118095 1354 243
1269 A 1132324 1001914 2794 2541 5983 117458 386 287 755 206
1270 A 1128832 1009823 316 527 1947 115258 100 91 267 503
1271 C 1124956 1188 1260 1009437 374 157 196 111989 147 208
1272 C 1124886 488 1418 1011345 254 133 211 110690 176 171
1273 A 1124612 1012838 543 21 737 110092 98 26 93 164
1274 T 1120459 126 1009393 536 475 156 109160 147 75 391
1275 C 1118114 431 278 1011219 416 252 43 105162 154 159
1276 A 1118498 1008465 331 385 887 107856 60 245 108 161
1277 T 1112961 201 1004949 332 231 57 106852 49 55 235
1278 G 1107425 694 617 222 1000538 100 214 41 104740 259
1279 G 1104386 3949 965 901 995323 769 131 227 101885 236
1280 C 1101382 950 3481 992588 2291 118 901 100592 277 184
1281 A 1094935 987160 993 1564 3561 100416 122 146 751 222
1282 G 1085965 1841 550 394 984020 187 86 77 98647 163
1283 C 1080714 657 327 981431 313 130 65 97058 571 162
1284 A 1075033 978651 450 470 480 94557 91 70 88 176
1285 T 1070564 79 973741 177 38 28 96201 45 19 236
1286 T 1066867 1027 968909 175 39 145 96237 105 17 213
1287 C 1061975 298 1118 963973 113 117 203 95917 40 196
1288 A 1059998 958441 766 1253 734 98087 171 118 122 306
1289 C 1052859 396 224 950968 1793 114 60 98917 196 191
1290 T 1049830 405 946089 1426 491 90 100875 200 52 202
1291 G 1043091 367 3113 466 937780 64 360 85 100673 183
1292 G 1033463 2814 516 257 930315 411 82 44 98829 195
1293 G 1028194 552 2715 569 924809 123 364 78 98806 178
1294 A 1021869 918970 1256 697 1201 99028 190 100 139 288
1295 A 1016850 914947 652 885 1421 98307 112 135 195 196
1296 T 1009878 942 910318 1004 674 153 96358 136 114 179
1297 A 1003866 905986 1149 668 454 94876 202 104 195 232
1298 C 999770 552 1703 901866 545 116 265 94433 102 188
1299 A 994195 898732 1096 325 859 92568 310 53 95 157
1300 G 982647 404 565 226 888223 64 107 57 92873 128
1301 A 980230 883773 276 518 479 94646 68 214 72 184
1302 G 974091 498 430 115 878939 70 120 139 93617 163
1303 G 966509 117 150 39 873380 152 46 15 92434 176
1304 G 958395 201 186 31 866106 79 127 8 91492 165
1305 A 951424 856830 101 30 528 93552 33 20 151 179
1306 A 941808 847062 82 185 161 94063 28 37 40 150
1307 G 935139 143 227 58 839386 80 122 19 94947 157
1308 A 930500 832348 45 21 588 97138 31 52 128 149
1309 A 925052 823368 272 20 166 100880 89 28 38 191
1310 C 917360 249 100 813898 301 104 36 102434 73 165
1311 A 909863 805060 219 319 254 103689 34 47 61 180
1312 T 903256 266 796443 245 1162 66 104571 49 273 181
1313 C 896205 492 89 789781 1198 136 116 104061 182 150
1314 A 888820 783978 413 473 1301 102059 73 74 296 153
1315 G 877606 138 188 43 777912 174 58 23 98923 147
1316 A 871095 772257 76 8 141 98158 184 16 42 213
1317 C 862224 209 148 763184 45 78 182 98156 68 154
1318 A 854840 754942 250 53 217 99083 87 33 38 137
1319 T 846266 102 747160 201 116 29 98401 87 40 130
1320 G 834410 173 277 228 738893 77 56 48 94543 115
1321 A 823682 729105 73 1936 160 91916 69 219 48 156
1322 G 815582 119 243 30 722491 39 160 21 92356 123
1323 G 807361 296 125 1882 713807 131 128 205 90647 140
1324 G 798588 3496 405 87 704576 532 71 111 89139 171
1325 C 791784 370 1065 699554 1070 133 264 88923 275 130
1326 A 782125 689442 1029 762 1096 89081 200 192 190 133
1327 G 775354 105 144 49 684870 75 42 117 89865 87
1328 A 769922 679006 36 10 101 90503 9 25 79 153
1329 A 763180 672806 107 6 296 89705 63 6 58 133
1330 A 756770 665188 116 15 132 91029 131 4 41 114
1331 T 750585 28 657881 84 98 22 92145 63 110 154
1332 T 741923 81 649797 194 28 170 91467 44 42 100
1333 A 733046 640568 34 34 187 91947 115 12 51 98
1334 T 725388 63 630835 189 31 48 93953 36 116 117
1335 A 716631 621487 25 51 175 94643 16 10 126 98
1336 A 710402 607723 288 335 2798 98424 167 57 509 101
1337 G 701380 2122 387 441 597550 390 199 84 100112 95
1338 G 692862 422 513 476 592221 265 125 112 98653 75
1339 A 684750 584995 304 227 240 98377 251 62 188 106
1340 T 677088 100 578646 265 142 189 97498 76 57 115
1341 G 668031 313 304 263 570838 99 73 50 96022 69
1342 A 657902 562534 84 56 140 94905 42 9 35 97
1343 T 646965 71 553484 80 21 22 93138 11 20 118
1344 G 639062 137 140 38 544589 47 48 11 93957 95
1345 G 628377 97 112 37 534414 59 67 16 93484 91
1346 A 615349 523243 59 42 144 91649 63 9 27 113
1347 A 607303 514811 36 34 431 91764 14 43 87 83
1348 G 598222 376 318 217 505467 98 125 39 91502 80
1349 G 591867 198 419 166 498214 75 140 58 92502 95
1350 T 583679 227 489489 253 366 155 91724 100 306 1059
1351 G 573557 1153 594 713 479960 303 161 193 90411 69
1352 C 562617 1165 938 467949 2524 323 210 88836 582 90
1353 A 551530 457465 574 269 2266 90105 190 76 516 69
1354 A 542180 449201 175 136 130 92332 52 42 31 81
1355 A 533469 438751 207 207 152 93859 52 91 46 104
1356 A 522665 428980 68 72 476 92653 17 81 127 191
1357 C 515721 175 264 424578 1067 75 82 89066 335 79
1358 C 505129 374 115 412443 1271 210 32 90218 386 80
1359 A 495677 399577 199 288 493 94728 79 97 171 45
1360 G 488032 350 525 282 392784 167 163 64 93645 52
1361 A 481374 387758 629 806 519 91046 193 208 139 76
1362 A 472833 375973 213 759 324 95131 53 215 116 49
1363 G 462389 626 557 796 364816 250 167 226 94882 69
1364 A 452132 353106 747 482 975 96083 226 145 304 64
1365 A 444144 339564 1047 308 648 101862 342 130 196 47
1366 A 436869 329257 212 976 329 105451 103 358 122 61
1367 T 429708 155 318719 177 1637 80 108147 67 663 63
1368 G 420687 340 206 85 311377 138 83 40 108376 42
1369 T 411112 188 304147 153 227 103 105998 77 140 79
1370 C 403836 126 134 297480 530 94 77 105097 250 48
1371 C 396379 200 177 290939 217 213 101 104341 139 52
1372 T 392901 36 283727 58 1 94 108901 32 8 44
1373 T 384365 44 278920 57 10 72 105155 43 10 54
1374 C 374652 102 58 273378 37 102 32 100875 26 42
1375 C 367730 817 57 267755 968 422 91 97311 270 39
1376 A 359072 256826 98 131 5714 94483 49 77 1653 41
1377 G 348255 858 1814 180 254790 327 536 53 89664 33
1378 G 339884 160 64 134 252399 107 83 88 86809 40
1379 G 330044 110 105 100 245948 67 98 71 83493 52
1380 G 319673 232 168 145 239993 108 141 59 78791 36
1381 C 311289 166 74 235061 35 58 92 75634 95 74
1382 G 305648 120 105 22 232396 59 80 63 72776 27
1383 G 297786 191 87 28 228200 70 77 25 69080 28
1384 G 297259 58 92 26 227289 48 72 50 69565 59
1385 G 291833 58 44 61 224951 77 29 44 66511 58
1386 A 296216 219823 66 50 159 62598 79 34 6540 6867
1387 G 296316 99 75 11 225600 48 78 16 70341 48
1388 T 765928 31 445009 62 19 292 272247 229 15561 32478
1389 C 784560 229 47 495630 84 223 170 287523 313 341
1390 T 798725 62 524968 116 31 133 272859 217 74 265
1391 T 804346 48 521899 82 9 112 281976 127 27 66
1392 C 818272 117 161 527572 31 177 771 288610 73 760
1393 G 833932 105 185 51 539951 182 570 343 291699 846
1394 A 841988 546685 26 9 104 294252 141 76 273 422
1395 G 854097 54 217 14 552025 97 228 76 301176 210
1396 C 869331 1192 1442 569229 489 793 929 294232 503 522
1397 T 889553 1535 596997 924 295 862 287365 758 236 581
1398 C 902160 911 1619 599750 826 589 1106 296714 469 176
1399 T 916247 260 610880 180 129 195 303986 252 116 249
1400 C 928200 209 283 613671 147 266 487 312891 131 115
1401 G 937644 397 356 84 627053 345 524 367 308077 441
1402 G 943347 88 161 30 639731 81 113 67 302990 86
1403 A 952068 649841 34 12 194 296638 90 69 1416 3774
1404 C 964635 108 197 675124 25 186 320 288393 51 231
1405 G 977236 194 313 214 688705 208 261 188 287040 113
1406 A 987951 697974 104 108 186 288626 72 72 312 497
1407 A 998450 712483 86 124 298 284977 110 65 196 111
1408 A 1004744 730906 31 19 184 273162 194 21 111 116
1409 G 1004613 79 237 78 741137 1497 266 109 258578 2632
1410 G 1004497 99 179 34 759119 72 174 40 244688 92
1411 G 1005296 121 173 22 775898 59 95 47 228798 83
1412 C 1011425 155 207 794944 61 91 145 213938 592 1292
1413 A 1019812 808646 77 34 322 210217 75 57 124 260
1414 G 1018576 498 308 41 824205 192 119 62 192960 191
1415 C 1023802 167 219 838311 54 109 285 184289 76 292
1416 G 1035549 245 233 59 851706 114 142 37 182880 133
1417 A 1042342 861134 112 611 106 179518 63 156 247 395
1418 A 1046844 872770 120 72 623 172624 71 65 169 330
1419 C 1050270 468 379 885430 224 465 110 161831 85 1278
1420 C 1056017 174 101 902482 292 102 59 152582 63 162
1421 C 1060988 349 175 914541 146 138 149 145258 41 191
1422 G 1063000 405 331 54 924304 146 127 453 135463 1717
1423 A 1066078 931767 67 109 561 132411 68 80 177 838
1424 T 1066602 96 933725 141 35 183 131849 49 43 481
1425 C 1068342 202 171 935406 58 92 103 132130 35 145
1426 G 1068720 286 376 218 937785 89 126 102 129569 169
1427 T 1071131 63 943373 1206 282 78 123789 187 359 1794
1428 G 1073530 293 332 232 956896 68 151 68 115352 138
1429 C 1075404 142 141 959032 33 31 51 115608 101 265
1430 C 1077399 125 102 965788 20 43 34 110914 31 342
1431 C 1079275 138 104 979161 15 74 26 99569 4 184
1432 T 1080055 52 984692 300 177 28 91428 647 60 2671
1433 C 1080189 196 272 992555 156 43 91 86692 39 145
1434 T 1079601 112 995462 1125 497 48 81907 136 79 235
1435 T 1079071 164 1004085 154 201 11 74253 52 20 131
1436 T 1077656 119 1008774 114 305 20 67682 34 48 560
1437 T 1076336 335 1012266 591 33 30 62795 63 14 209
1438 G 1074134 277 743 928 1008886 42 1353 75 55473 6357
1439 A 1072298 1014593 346 709 590 54124 107 73 104 1652
1440 C 1070411 438 555 1019212 109 44 35 49746 29 243
1441 A 1069682 1022367 188 54 297 46534 14 18 16 194
1442 T 1068358 69 1026401 165 206 24 41290 9 23 171
1443 G 1067383 231 382 111 1030414 32 59 8 35974 172
1444 A 1065681 1033123 106 26 194 31588 16 4 42 582
1445 G 1064277 233 291 56 1036023 15 27 9 27471 152
1446 T 1062822 135 1024336 152 19 38 23448 14 764 13916
1447 A 1061228 1039455 62 7 113 21283 18 0 12 278
1448 A 1059242 1040676 133 8 103 18177 7 18 4 116
1449 T 1057175 82 1040111 238 369 71 15935 12 11 346
1450 G 1056536 210 413 163 1040763 21 18 8 14800 140
1451 A 1055038 1040579 170 90 153 13672 1 1 15 357
1452 A 1053986 1040675 65 115 231 12752 1 0 8 139
1453 G 1052898 2593 699 109 1037270 166 10 2 11668 381
1454 G 1051890 160 519 74 1039146 24 11 3 11842 111
1455 A 1050496 1036332 547 345 573 11380 13 15 54 1237
1456 T 1049287 72 1037480 126 5 10 11110 7 6 471
1457 C 1048449 118 61 1037020 43 11 18 11003 9 166
1458 T 1047703 88 1036215 148 14 21 11067 10 2 138
1459 T 1046693 31 1035622 191 6 14 10687 4 2 136
1460 A 1045449 1034550 69 6 105 10092 98 7 5 517
1461 T 1044412 83 1034390 120 18 3 9621 1 5 171
1462 T 1043547 59 1033878 148 11 5 9284 3 1 158
1463 T 1042681 61 1033068 128 5 6 9123 2 0 288
1464 C 1041292 216 71 1028808 54 8 342 8000 1 3792
1465 T 1040637 30 1032057 172 5 16 8229 2 0 126
1466 T 1039501 145 1031458 100 2 10 7624 2 0 160
1467 C 1038243 256 177 1029945 33 13 60 6853 2 904
1468 G 1037505 260 235 66 1029928 32 12 3 6773 196
1469 G 1036538 94 239 62 1029530 7 10 2 6466 128
1470 A 1035740 1026902 85 9 244 6158 9 0 113 2220
1471 G 1034869 137 285 76 1027920 14 1 3 5998 435
1472 A 1034203 1027116 179 29 319 5771 4 5 15 765
1473 C 1033633 210 155 1027172 69 15 6 5720 10 276
1474 A 1033077 1027074 46 14 147 5649 4 9 3 131
1475 A 1032230 1026279 85 39 152 5372 1 1 2 299
1476 T 1031478 94 1024472 176 26 53 5029 4 2 1622
1477 G 1030917 555 383 76 1024703 6 10 1 4956 227
1478 C 1030165 262 289 1024548 64 8 5 4798 9 182
1479 A 1029513 1023918 249 31 289 4583 1 3 1 438
1480 G 1028848 303 308 101 1023427 6 3 1 4365 334
1481 A 1028155 1023245 109 37 203 4223 2 0 3 333
1482 G 1027425 474 294 102 1022266 4 4 1 4143 137
1483 G 1026652 157 310 56 1022095 5 1 2 3942 84
1484 A 1025679 1019087 75 88 243 3660 0 0 55 2471
1485 G 1024614 421 412 51 1020135 5 1 1 3498 90
1486 T 1023809 91 978680 132 65 10 2998 2 334 41497
1487 A 1023125 1019146 198 10 343 3258 1 1 0 168
1488 C 1021750 203 504 1017406 106 7 2 3050 3 469
1489 G 1018166 5047 879 172 1008889 21 3 0 2895 260
1490 A 1012630 1004254 2135 620 2493 2812 6 3 15 292
1491 C 1010890 747 796 1004654 1272 24 7 2848 4 538
1492 A 1006871 998681 497 2596 2103 2802 5 11 21 155
1493 A 1002562 973826 2184 1709 22028 2612 12 9 60 122
1494 T 998445 20791 962140 4881 7204 78 2513 18 27 793