# amino-acid counts among definitively called codons
# POSITION TOTAL_COUNTS WT N_A N_C N_D N_E N_F N_G N_H N_I N_K N_L N_M N_N N_P N_Q N_R N_S N_T N_V N_W N_Y N_STOP
1 1458935 M 0 0 0 0 0 0 0 600 147 106 1457555 0 0 0 23 0 240 264 0 0 0
2 1461048 A 1459492 0 0 370 0 74 0 0 0 0 0 0 36 0 1 174 111 790 0 0 0
3 1464125 S 202 62 6 1 240 0 341 116 7 527 20 677 328 50 23 1460233 1003 3 3 280 3
4 1467625 Q 668 80 27 122 2017 81 241 956 674 1506 213 1745 71 1453775 315 1754 2307 484 4 356 229
5 1470927 G 283 495 226 0 0 1468662 6 0 0 0 0 4 5 0 397 606 9 223 0 11 0
6 1473768 T 315 0 0 0 0 0 1 142 2 0 0 187 15 0 0 110 1472996 0 0 0 0
7 1477711 K 0 0 0 182 0 0 0 77 1477019 0 0 144 0 18 184 0 15 0 0 0 72
8 1483585 R 0 0 0 0 0 57 1 0 0 331 0 0 55 265 1482578 0 1 0 297 0 0
9 1485741 S 130 97 0 0 174 0 1 3 0 104 8 8 237 13 3 1484250 264 0 0 447 2
10 1488805 Y 42 275 70 58 122 3 712 82 3 69 0 53 60 9 3 88 23 103 2 1486855 173
11 1488820 E 28 0 143 1487423 1 270 2 1 270 5 0 0 2 129 3 8 6 110 0 4 415
12 1489523 Q 503 179 33 108 6 18 1145 11 1864 503 42 108 92 1481208 889 2029 452 45 7 39 242
13 1481358 M 5 3 1 1 0 37 4 628 114 174 1479957 1 2 0 22 9 178 207 0 15 0
14 1469734 E 9 4 89 1455640 9 349 2 3 207 8 1 1 3 75 12975 9 3 78 0 1 268
15 1464003 T 205 5 1 19 0 4 37 103 0 33 0 370 59 0 1 143 1463018 1 0 1 3
16 1454099 D 11 0 1452701 178 0 326 116 1 0 0 0 167 8 12 1 2 121 89 0 366 0
17 1430588 G 128 21 0 226 0 1428647 7 2 156 4 2 18 211 49 334 66 87 242 387 0 1
18 1411962 E 317 1 277 1407824 9 473 61 59 407 41 7 92 1171 260 6 167 207 286 0 43 254
19 1379521 R 7 342 0 0 2 72 574 0 16 360 0 0 75 0 1377773 286 13 1 0 0 0
20 1349989 Q 2 1 0 69 0 0 452 0 261 133 1 1 3698 1344593 562 0 1 0 1 0 214
21 1312728 N 24 14 188 0 0 131 73 107 315 89 30 1308629 18 59 451 859 1619 37 0 76 9
22 1259187 A 1253794 3 2 323 2 94 88 5 213 11 1 40 188 15 2353 616 628 801 0 5 5
23 1225095 T 459 26 9 1 6 184 106 93 46 85 5 495 39 59 110 2405 1220908 35 1 12 11
24 1179082 E 80 1 382 1176795 4 240 5 9 325 20 40 10 2 342 20 12 117 328 2 0 348
25 1108174 I 1 0 9 0 72 2 2 1107408 8 10 79 75 83 16 8 15 138 177 2 0 69
26 1044232 R 4 0 2 3 0 316 1 303 136 1 6 2 5 1 1043214 62 77 0 0 1 98
27 982287 A 980664 1 0 310 1 59 18 7 82 5 3 0 37 8 263 344 170 300 7 4 4
28 945511 S 150 184 5 0 101 657 38 1 456 9 0 1717 430 11 89 941347 66 9 1 227 13
29 908117 V 126 6 99 4 203 6 2 624 1 37 1 0 0 1 3 0 3 906998 2 0 1
30 430349 G 21 1 0 65 0 429440 1 1 0 1 0 394 4 0 184 2 0 103 128 1 3
31 426182 K 8 2 0 75 0 7 2 0 425696 1 31 137 2 4 154 6 7 8 0 0 42
32 424591 M 1 0 1 1 1 0 0 186 36 36 424197 0 1 0 9 0 43 79 0 0 0
33 441279 I 0 8 0 3 41 3 0 440922 1 51 6 37 0 4 1 6 65 129 0 1 1
34 460503 D 397 5 458359 103 85 432 93 132 2 277 5 85 0 1 29 79 52 203 0 160 4
35 481199 G 34 0 0 62 1 480677 1 0 2 7 0 3 4 0 117 14 0 119 0 0 158
36 502782 I 2 0 39 0 23 0 0 502512 1 35 5 23 2 1 2 9 49 68 0 0 11
37 521980 G 36 1 0 51 0 521540 0 4 5 3 0 0 0 0 107 3 0 86 0 0 144
38 544857 R 7 0 0 0 0 22 4 0 0 129 0 0 33 117 544378 7 5 0 0 0 155
39 564739 F 159 41 0 0 563468 3 0 36 0 286 122 3 466 0 2 69 26 8 2 46 2
40 584634 Y 2 98 8 0 75 1 278 1 0 10 0 48 0 0 4 12 3 0 0 583892 202
41 603709 I 52 15 4 1 43 198 7 601977 7 660 97 81 10 57 16 36 360 80 3 5 0
42 624510 Q 11 1 0 33 0 24 25 1 154 56 1 2 18 623990 103 2 7 1 0 2 79
43 645021 M 3 2 1 0 1 0 4 295 59 57 643979 446 1 1 2 0 85 84 0 0 1
44 670888 C 8 669971 3 0 195 23 0 1 5 50 3 1 4 0 123 104 22 22 63 121 169
45 690582 T 114 85 2 0 0 9 22 99 0 16 0 187 7 8 43 118 689612 248 0 1 11
46 706072 E 17 4 71 705436 3 108 0 36 102 5 3 5 1 42 1 7 14 30 0 0 187
47 723830 L 3 24 0 1 68 1 16 145 0 723387 0 0 109 2 20 3 0 28 0 0 23
48 739706 K 8 0 0 111 7 1 2 27 739199 6 0 96 13 15 87 14 32 7 0 1 80
49 749454 L 10 8 1 4 74 6 41 169 4 748815 8 1 173 16 24 9 17 53 3 0 18
50 760392 S 1744 985 74 83 2 1876 58 118 49 36 9 232 589 211 391 753220 625 59 5 11 15
51 774263 D 270 2 772499 99 0 198 46 43 12 40 0 214 111 14 22 46 269 133 0 229 16
52 790146 Y 34 122 9 3 98 94 113 10 8 73 0 24 46 3 8 177 217 14 5 788995 93
53 805875 E 16 5 262 804805 2 205 2 1 123 16 0 3 19 58 3 17 10 78 2 1 247
54 817138 G 434 1 4 129 2 815902 19 4 1 8 2 5 12 14 230 73 19 117 156 2 4
55 824423 R 8 11 1 1 0 96 22 3 8 298 0 1 48 265 823355 16 15 3 0 0 272
56 833191 L 10 13 0 2 3 2 32 29 2 832185 116 8 217 65 18 19 331 135 0 1 3
57 844219 I 10 0 0 0 69 24 1 842846 2 547 38 70 14 5 19 15 137 413 1 4 4
58 855532 Q 1 1 2 43 1 5 295 0 189 73 0 14 28 854540 174 2 7 0 0 1 156
59 856964 N 6 2 115 3 5 3 10 69 229 11 7 856235 8 0 20 145 18 4 1 55 18
60 857308 S 13 47 0 1 6 124 1 256 1 15 30 95 30 1 310 856324 44 3 6 0 1
61 867496 L 8 7 3 3 102 2 16 471 2 865982 39 3 5 2 8 138 7 537 17 34 110
62 882401 T 184 13 0 3 0 6 4 96 208 16 0 10 31 2 53 678 881089 2 2 4 0
63 892404 I 7 4 0 0 2 1 4 891552 64 123 260 3 67 9 9 3 111 177 2 1 5
64 900276 E 15 4 276 899135 1 168 0 18 75 44 0 3 30 80 13 7 2 75 0 9 321
65 900242 R 4 1 2 0 6 190 1 246 130 3 0 8 11 0 899417 73 56 4 0 0 90
66 902975 M 2 0 0 2 4 0 1 449 84 72 902142 0 2 1 6 0 105 100 0 0 5
67 900023 V 172 0 0 131 0 46 0 79 0 165 137 0 4 0 0 8 5 899276 0 0 0
68 904847 L 10 3 0 3 105 5 46 403 1 903941 1 19 158 2 45 6 16 66 7 0 10
69 899041 S 20 65 0 2 68 37 9 0 10 5 2 3 185 4 1 898389 69 2 0 158 12
70 889060 A 887195 8 298 6 0 81 0 1 0 8 3 0 44 2 8 541 739 120 0 0 6
71 886402 F 0 13 0 2 885600 0 16 33 0 271 0 21 1 0 1 95 6 39 11 289 4
72 875727 D 10 0 874777 233 8 175 79 0 0 1 0 108 2 3 1 2 0 103 1 219 5
73 872570 E 236 499 48 868255 57 447 19 25 278 1177 0 23 8 271 68 66 267 326 9 250 241
74 878219 R 20 1 0 0 3 156 5 273 397 17 24 1 2 1 877084 84 85 0 0 0 66
75 876578 R 0 0 0 0 0 123 0 0 100 1 189 3 2 0 875780 283 38 1 57 0 1
76 872440 N 6 1 134 1 4 4 9 129 102 59 7 871368 8 7 16 211 26 277 0 70 1
77 863469 K 90 501 15 153 0 98 55 67 860893 78 0 111 5 94 493 197 198 383 0 12 26
78 861998 Y 8 113 0 0 98 0 274 0 1 4 1 60 0 2 5 7 1 2 0 861346 76
79 860124 L 9 3 16 0 0 2 0 31 0 859415 250 0 211 86 11 3 14 62 1 0 10
80 854808 E 74 4 164 852962 67 177 106 52 133 24 3 18 2 67 23 389 176 130 4 34 199
81 847167 E 25 43 139 845664 35 248 41 60 143 40 0 48 1 70 30 31 12 244 11 37 245
82 840020 H 43 46 40 3 353 2 834468 91 77 183 160 622 17 1439 642 581 201 199 103 735 15
83 839395 P 346 51 0 5 17 502 290 16 20 131 9 53 836911 65 100 420 288 128 1 11 31
84 849474 S 660 41 5 3 10 687 154 267 12 299 69 253 26 56 303 846409 133 56 4 2 25
85 843816 A 840333 66 19 230 1 299 102 54 6 35 2 42 224 152 305 509 972 223 1 241 0
86 840875 G 155 32 0 152 38 836037 1144 19 358 362 31 324 158 473 672 135 414 163 166 25 17
87 842284 K 3 2 0 214 0 2 0 2 841386 4 64 331 5 8 177 5 11 4 0 1 65
88 844840 D 9 253 840657 95 1 114 27 1 3 10 6 2875 1 4 14 504 1 59 1 176 29
89 846918 P 820 123 4 3 248 308 257 8 3 100 13 13 844174 17 67 210 203 29 56 153 109
90 852772 K 85 9 5 154 3 292 298 66 849216 282 87 392 2 70 1450 66 199 71 2 4 19
91 853943 K 2 1 0 100 0 1 1 29 852797 3 0 21 0 0 900 5 4 1 1 1 76
92 846840 T 105 4 3 0 0 0 0 40 0 2 0 176 55 1 0 69 846381 1 0 0 3
93 847316 G 41 0 0 93 0 846700 2 0 0 3 0 0 0 1 197 2 0 85 0 1 191
94 849432 G 25 0 0 105 0 848874 1 0 1 4 0 2 5 0 142 1 3 148 0 0 121
95 846684 P 116 0 0 3 1 5 172 1 1 88 0 0 845844 0 29 299 108 0 0 3 14
96 844846 I 4 6 0 4 2 0 1 844136 80 145 100 0 6 0 5 3 87 247 0 0 20
97 840384 Y 0 132 8 0 101 5 122 3 1 4 0 70 1 1 1 8 4 0 0 839633 290
98 840188 K 1 5 4 171 1 0 4 2 839025 68 76 316 5 42 358 3 50 8 0 1 48
99 834170 R 44 1 3 0 0 150 0 191 142 14 2 3 2 4 833391 92 47 3 0 15 66
100 832115 V 422 87 7 329 16 106 34 156 4 400 142 65 319 51 85 231 53 829483 0 117 8
101 837597 D 29 0 836561 160 0 94 74 1 1 18 1 108 84 8 2 43 20 90 0 283 20
102 834521 R 307 35 0 0 11 246 29 156 206 105 3 1 7 3 833110 83 81 5 21 55 57
103 842280 K 82 7 0 120 0 16 8 7 841149 19 28 213 3 15 455 19 34 60 0 2 43
104 841037 W 1 236 0 0 5 10 3 0 0 207 3 1 4 1 207 42 1 0 840069 2 245
105 836086 M 23 23 13 0 16 198 235 545 112 215 833984 3 3 91 20 60 266 254 4 17 4
106 825181 R 3 0 0 0 0 233 2 0 238 3 208 4 6 1 824177 166 42 1 91 0 6
107 821627 E 11 6 166 820495 0 151 1 0 508 0 0 0 0 45 0 12 6 43 0 0 183
108 823987 L 12 78 0 0 77 30 82 139 0 823063 1 0 417 0 24 13 8 37 0 0 6
109 820574 V 216 103 75 0 152 12 2 263 8 68 161 0 5 74 7 30 16 819374 4 0 4
110 814759 L 0 1 1 0 83 0 22 412 1 814051 0 0 126 1 5 0 6 44 0 0 6
111 811506 Y 1 154 6 0 65 0 205 277 3 76 2 48 0 1 2 48 581 90 0 809820 127
112 794856 D 55 24 793456 302 5 211 98 2 2 9 0 347 13 1 1 16 7 108 0 197 2
113 790555 K 0 0 0 107 0 0 9 57 790161 3 0 59 12 2 89 1 9 0 0 0 46
114 797789 E 15 19 51 796916 55 127 8 3 106 97 0 0 6 97 9 22 2 51 2 2 201
115 802582 E 6 0 46 802021 1 137 4 2 83 1 0 2 3 38 4 1 2 45 0 0 186
116 799325 I 17 16 1 0 0 3 0 798660 61 70 177 4 1 0 4 0 80 230 1 0 0
117 804364 R 12 3 0 3 6 112 7 25 107 23 262 3 5 24 803382 236 58 38 56 1 1
118 806788 R 8 8 0 0 1 40 4 3 10 211 0 2 36 192 806121 3 7 0 0 0 142
119 806250 I 87 25 0 4 21 2 6 805537 4 44 38 69 2 1 2 27 182 197 2 0 0
120 808645 W 5 142 0 0 0 36 2 0 1 148 1 0 3 0 219 38 1 3 807804 0 242
121 812042 R 20 268 0 0 1 92 315 23 4 200 5 4 50 2 810538 257 15 32 15 194 7
122 814534 Q 50 30 0 50 1 83 161 231 220 155 10 1 11 812385 213 36 598 175 8 0 116
123 809814 A 808778 9 157 4 0 78 0 3 0 5 2 2 41 0 9 369 197 148 5 2 5
124 818327 N 9 1 121 3 0 2 73 91 101 1 4 817787 7 2 7 84 10 1 0 22 1
125 828890 N 11 28 172 3 5 130 36 92 67 325 0 827348 4 4 124 365 25 5 0 143 3
126 822375 G 45 273 136 1 1 821171 20 4 84 78 0 35 0 14 66 195 98 137 0 8 9
127 824757 D 100 21 821569 275 151 232 175 146 82 121 0 294 13 25 196 809 23 183 1 334 7
128 825505 D 370 14 821894 190 28 178 80 30 97 664 101 371 21 34 63 432 474 176 4 277 7
129 837063 A 834755 9 1 233 0 328 7 8 107 53 169 19 47 4 48 372 711 186 0 5 1
130 841165 T 136 3 2 1 2 2 117 88 509 29 18 39 115 6 112 52 839916 6 1 3 8
131 846231 A 844198 1 249 2 6 40 45 4 1 3 1 24 915 4 16 454 125 130 0 2 11
132 836324 G 29 208 98 0 0 835715 0 1 1 1 0 2 0 4 41 87 3 131 2 0 1
133 829485 L 1 2 0 1 1 7 0 75 0 828798 243 0 237 43 21 0 2 50 0 4 0
134 823819 T 185 3 2 0 0 1 0 96 2 1 0 173 15 2 1 173 823116 35 0 13 1
135 827782 H 1 1 58 1 0 2 826815 1 5 84 0 253 15 289 141 5 2 0 0 103 6
136 837390 M 4 5 0 4 11 10 1 1164 63 334 835439 1 1 3 8 3 123 212 0 3 1
137 841919 M 5 0 0 1 0 0 4 424 84 73 841021 2 2 1 6 1 144 150 0 0 1
138 836652 I 2 1 0 0 67 0 1 836147 1 26 55 85 1 1 2 7 122 126 0 0 8
139 839240 W 0 220 0 0 0 46 0 0 1 201 1 1 3 0 319 61 0 1 838038 3 345
140 838931 H 0 0 70 0 0 0 838126 1 0 61 0 264 14 80 137 3 0 3 0 172 0
141 843018 S 38 31 0 2 83 9 0 0 0 1 0 0 164 0 0 842444 48 1 0 186 11
142 835154 N 1 0 135 1 0 0 12 40 55 9 0 834738 2 1 3 103 8 2 1 41 2
143 835284 L 0 0 0 0 297 1 2 2 5 834688 50 0 3 0 1 169 2 11 5 2 46
144 839967 N 14 19 179 0 0 0 10 37 98 8 7 839381 4 2 2 119 15 9 0 62 1
145 831417 D 6 0 830720 65 0 116 69 1 0 0 0 102 1 0 1 0 2 72 0 255 7
146 828621 T 548 4 1 3 0 1 5 116 231 1 0 2 4 0 38 1126 826541 0 0 0 0
147 828704 T 138 3 0 0 0 2 0 89 298 0 0 0 8 9 44 99 828011 2 1 0 0
148 823047 Y 0 103 4 0 71 2 135 2 0 0 2 44 0 1 0 11 1 1 0 822501 169
149 826914 Q 0 1 0 34 0 1 288 0 236 84 0 3 15 825916 205 1 2 7 0 1 120
150 821186 R 0 0 0 1 1 147 0 0 111 4 206 0 0 0 820433 191 44 1 46 0 1
151 819203 T 171 0 0 0 0 2 0 112 169 0 0 4 17 0 35 130 818560 1 0 1 1
152 820713 R 0 0 0 0 1 151 1 109 133 5 1 1 6 1 820149 34 55 0 0 0 66
153 824501 A 823765 2 203 2 1 35 10 4 7 6 0 3 33 4 4 237 107 73 0 0 5
154 830862 L 2 6 2 2 61 2 65 433 1 830026 16 4 122 1 10 3 0 89 1 2 14
155 829901 V 160 0 109 10 217 44 2 212 30 44 5 8 0 18 23 70 27 828914 0 3 5
156 830004 R 5 196 0 1 0 44 300 3 1 183 1 1 35 0 829007 200 5 13 1 2 6
157 832799 T 535 67 1 1 6 9 2 413 0 70 13 177 17 11 7 329 830680 456 0 1 4
158 830751 G 59 198 275 0 8 829556 29 0 0 7 0 1 6 12 43 356 8 152 2 31 8
159 829544 M 3 0 1 1 1 9 4 417 36 777 827995 1 9 0 18 0 115 130 0 1 26
160 838856 D 16 31 838143 104 1 159 26 8 0 2 0 112 4 5 3 6 6 48 0 176 6
161 839257 P 647 5 15 0 2 110 166 36 4 106 2 21 836803 23 134 890 190 96 1 1 5
162 847203 R 7 3 3 0 5 231 0 7 98 12 238 0 2 3 846274 225 39 17 32 2 5
163 848738 M 95 99 0 2 8 10 0 520 35 160 846995 11 1 5 9 3 467 318 0 0 0
164 849294 C 362 847427 1 2 239 30 2 51 1 3 163 43 8 0 154 163 39 74 47 250 235
165 842205 S 57 74 0 0 60 24 0 1 3 0 3 753 171 2 0 840780 58 0 0 219 0
166 844325 L 0 0 0 5 2 0 1 51 1 843393 471 0 199 92 14 1 10 83 0 0 2
167 854056 M 7 4 0 1 0 3 3 591 59 706 852382 0 3 0 8 2 140 139 0 1 7
168 859127 Q 223 3 1 31 0 2 252 0 284 64 5 1 24 857588 289 112 1 3 1 0 243
169 852720 G 35 188 108 1 1 852071 10 1 4 4 2 3 2 2 18 106 2 151 0 8 3
170 860674 S 9 1 0 0 2 5 0 1 0 253 0 6 83 5 2 860015 73 2 40 0 177
171 862633 T 147 10 0 0 0 1 0 102 0 1 7 206 12 0 0 139 862006 1 0 1 0
172 864285 L 6 4 1 0 64 0 73 367 0 863486 1 0 192 16 14 2 3 53 0 0 3
173 865006 P 162 2 1 3 12 3 284 1 1 67 0 19 863933 30 52 170 234 27 1 0 4
174 864808 R 2 2 0 0 4 137 1 0 69 14 255 0 0 0 864039 168 63 0 41 1 12
175 862887 R 0 0 0 0 1 162 0 0 1134 0 191 1 0 0 861193 118 30 7 45 0 5
176 872049 S 41 33 0 0 66 6 0 0 1 3 0 0 143 0 3 871529 84 0 0 138 2
177 883861 G 30 1 0 117 2 883271 3 0 1 0 1 2 1 0 166 0 0 112 0 1 153
178 896114 A 894992 2 240 0 0 25 3 10 19 89 6 74 128 31 24 249 114 106 0 2 0
179 906700 A 905637 0 0 243 0 45 0 3 1 0 0 1 47 0 0 259 282 175 0 0 7
180 906131 G 17 129 101 0 0 905561 4 0 1 4 0 0 0 0 57 94 0 153 0 0 10
181 905448 A 904265 3 134 34 84 31 44 0 0 29 1 16 28 52 21 262 266 82 91 2 3
182 912371 A 910960 1 3 270 3 59 20 0 0 9 0 73 40 7 4 273 292 346 3 3 5
183 915629 V 134 1 93 2 270 7 1 304 1 36 2 0 3 2 7 11 189 914566 0 0 0
184 924890 K 1 0 1 157 0 6 1 59 924264 4 3 123 0 20 143 2 10 0 3 1 92
185 930864 G 31 0 7 91 0 930185 3 0 1 0 0 2 4 3 142 7 2 177 0 0 209
186 938184 V 119 4 66 5 212 10 11 796 1 43 3 0 60 39 1 0 43 936766 0 0 5
187 948222 G 102 1 0 149 0 947327 2 1 2 3 1 2 2 1 206 3 1 173 243 0 3
188 950927 T 208 2 0 0 0 2 1 144 196 0 0 2 9 1 37 192 950125 1 0 1 6
189 963060 M 19 174 0 14 3 13 33 647 70 414 961189 10 2 43 20 33 182 183 2 4 5
190 964419 V 275 19 1 111 1 139 0 47 0 180 128 0 4 0 2 36 61 963412 0 2 1
191 965440 M 4 7 0 0 0 0 7 432 98 321 964302 20 3 1 9 4 105 124 0 2 1
192 965947 E 10 1 330 964902 0 260 1 0 113 2 0 5 8 31 21 0 1 65 3 2 192
193 963993 L 8 16 0 1 326 28 0 29 4 963188 71 0 1 2 1 214 1 54 10 0 39
194 968899 I 15 4 0 0 0 1 7 968067 39 164 169 1 2 1 8 3 182 234 0 0 2
195 966742 R 2 1 0 0 0 166 1 4 97 1 271 0 6 1 965819 257 59 0 57 0 0
196 969946 M 33 26 0 2 2 10 1 457 91 107 968828 0 8 56 14 1 135 170 2 2 1
197 972676 I 20 6 0 0 82 2 0 971840 1 10 102 136 4 2 1 12 176 277 1 0 4
198 970748 K 1 0 1 158 4 1 1 10 970238 2 0 112 3 17 164 0 5 1 0 0 30
199 970162 R 0 147 1 0 1 40 289 0 0 203 0 2 32 13 969177 247 5 0 0 2 3
200 979650 G 48 4 4 146 0 978663 1 1 0 1 0 0 6 2 251 1 70 197 255 0 0
201 969776 I 15 20 1 0 88 4 1 968695 2 54 69 86 6 9 1 25 264 416 17 0 3
202 965087 N 10 1 224 0 10 0 43 71 93 468 0 963714 15 36 20 165 45 16 48 106 2
203 968594 D 5 0 967826 84 0 136 52 0 2 1 0 121 0 0 0 0 3 115 0 246 3
204 972604 R 10 10 0 0 17 32 0 0 1 172 0 0 41 256 971861 1 2 0 200 0 1
205 974595 N 148 62 165 1 13 28 6 57 130 7 1 973349 2 3 1 313 32 0 4 247 26
206 965498 F 38 5 0 0 964726 0 1 100 4 410 3 1 7 5 3 117 11 17 0 47 3
207 956085 W 2 234 0 0 275 8 0 0 0 208 0 1 0 0 303 58 1 1 954704 6 284
208 953406 R 3 0 0 0 1 224 0 266 90 4 1 0 5 2 952552 74 66 2 0 2 114
209 957601 G 25 223 109 2 0 956916 0 0 0 11 0 1 1 1 52 137 1 121 0 0 1
210 963668 E 4 4 259 962685 1 203 0 0 158 1 0 2 3 49 0 2 0 91 1 0 205
211 965529 N 349 199 276 487 32 189 128 122 61 152 106 960906 363 298 1 586 493 723 1 54 3
212 969659 G 70 4 1 124 0 968730 6 1 1 2 3 3 3 2 269 4 5 157 0 4 270
213 965591 R 2 0 0 1 0 52 1 0 9 254 5 0 48 254 964657 6 11 1 1 0 289
214 958377 K 6 1 0 149 2 1 190 30 957068 11 1 54 0 31 564 8 96 10 27 108 20
215 955511 T 310 6 10 0 0 135 0 110 182 6 0 1 221 0 29 235 954122 141 0 3 0
216 951420 R 3 1 1 0 0 198 5 0 162 9 229 0 2 0 950502 197 42 2 65 0 2
217 945717 S 248 65 1 5 2 192 26 126 1 238 0 622 11 25 182 943775 164 30 0 2 2
218 939059 A 937242 1 275 0 0 49 0 0 0 6 0 0 29 0 1 1065 290 100 0 1 0
219 947628 Y 3 150 6 0 59 1 174 0 0 25 3 21 0 0 0 6 6 0 10 946916 248
220 950784 E 9 0 328 949665 0 170 0 7 182 3 0 0 0 53 0 26 21 68 0 0 252
221 954398 R 0 0 0 2 0 175 0 200 307 0 0 0 1 0 953557 46 41 0 0 0 69
222 940383 M 1 3 6 0 104 120 37 423 80 58 939120 69 0 2 12 54 99 146 0 49 0
223 929728 C 2 928570 0 0 212 23 0 0 0 1 0 0 0 0 183 195 100 0 70 172 200
224 929168 N 0 0 137 0 2 1 26 87 259 0 0 928397 0 0 0 151 24 0 0 84 0
225 932288 I 1 132 0 0 57 1 16 931323 0 16 3 42 0 1 0 30 432 231 0 3 0
226 933170 L 3 0 0 2 64 3 103 222 0 932530 0 0 181 4 10 0 0 48 0 0 0
227 932014 K 0 3 0 166 0 0 0 75 931517 0 0 52 0 15 133 1 9 0 0 0 43
228 921703 G 71 7 0 128 4 921015 1 0 1 1 0 0 3 0 139 7 6 153 0 0 167
229 915228 K 7 0 0 144 0 1 0 29 914789 0 0 101 3 5 104 0 12 0 0 0 33
230 915853 F 0 13 0 0 915336 3 0 53 1 228 0 1 1 0 0 153 0 22 3 36 3
231 907310 Q 45 2 0 41 3 73 63 16 218 195 5 13 66 905500 585 58 301 4 0 3 119
232 898984 T 183 13 0 5 1 3 49 97 863 80 0 0 56 7 382 51 897186 8 0 0 0
233 895331 A 893942 33 294 3 0 37 3 3 14 4 0 56 257 27 15 239 292 109 3 0 0
234 885533 A 884114 37 1 244 1 47 0 7 0 3 0 0 321 0 10 277 323 143 2 0 3
235 873664 Q 2 0 0 28 0 0 77 7 183 72 0 0 18 873033 130 0 0 2 0 0 112
236 864483 R 0 0 1 1 0 234 0 2 237 5 262 0 5 1 863474 193 25 2 36 0 5
237 856205 A 854564 1 6 207 0 430 45 2 23 1 0 3 28 13 5 428 252 184 0 10 3
238 840420 M 16 5 2 6 2 12 1 479 50 147 839431 1 2 13 11 9 102 129 0 0 2
239 825388 M 9 0 3 1 1 4 0 482 82 197 823846 1 2 0 11 28 191 523 1 4 2
240 806045 D 16 1 804665 222 0 280 113 0 3 0 0 171 0 237 4 11 78 66 0 175 3
241 780823 Q 1 1 0 43 0 1 53 3 201 81 2 0 6 780130 199 9 1 0 0 0 92
242 759095 V 180 18 0 92 5 15 0 6 1 287 160 0 5 0 3 3 0 758320 0 0 0
243 745121 R 12 1 3 1 15 215 25 222 297 7 10 1 7 10 744023 109 65 6 0 1 91
244 718006 E 20 0 44 717417 1 166 0 2 101 2 0 0 14 38 0 5 0 37 0 0 159
245 698502 S 295 16 0 0 1 419 1 160 3 2 0 95 129 1 86 697271 18 0 1 0 4
246 673511 R 14 0 0 0 1 30 0 0 26 121 0 6 46 208 672853 2 1 4 138 57 4
247 645111 N 160 44 100 0 0 36 12 46 152 3 7 644264 0 3 5 198 29 14 5 27 6
248 619775 P 29 62 0 0 1 2 0 0 0 80 0 1 619280 126 19 57 99 18 1 0 0
249 593255 G 22 1 0 65 0 592793 0 0 5 1 0 1 5 0 111 0 0 105 1 4 141
250 573395 N 18 0 112 5 3 6 11 22 48 9 0 572993 2 3 9 84 24 4 1 32 9
251 553133 A 552529 0 148 0 0 18 0 0 0 69 0 0 21 0 14 157 99 78 0 0 0
252 530117 E 3 0 167 529605 0 84 0 0 72 0 0 0 0 34 0 0 0 38 0 0 114
253 507076 I 6 1 1 0 30 1 5 506820 0 6 46 31 0 2 0 2 44 81 0 0 0
254 480429 E 4 0 34 480025 0 55 0 0 114 0 1 0 0 30 0 0 0 35 0 0 131
255 451184 D 4 0 450945 27 0 53 15 0 0 1 0 23 0 0 0 0 0 27 0 87 2
256 423748 L 1 24 1 0 35 3 41 89 0 423374 36 0 82 0 13 2 1 43 0 1 2
257 401026 I 2 4 0 0 99 1 7 399882 0 839 33 33 1 1 0 11 53 57 1 1 1
258 375295 F 8 2 0 0 375096 1 0 27 0 88 0 0 1 1 1 54 0 2 0 14 0
259 357139 L 11 1 0 4 0 0 0 7 0 356816 129 0 62 43 4 3 1 56 0 2 0
260 334300 A 333882 21 0 77 0 45 0 0 0 0 0 0 14 0 0 75 86 100 0 0 0
261 311805 R 0 0 0 0 0 14 1 0 1 73 0 0 6 71 311553 0 1 0 84 0 1
262 290462 S 16 25 0 0 33 19 0 0 0 0 0 0 42 0 0 290229 19 2 0 77 0
263 261976 A 261408 159 0 91 0 23 0 1 0 0 0 0 11 0 0 60 155 68 0 0 0
264 237783 L 4 2 0 2 43 1 29 66 0 237549 0 0 50 19 0 6 1 9 0 2 0
265 208759 I 36 3 0 0 0 1 0 208260 7 254 97 0 4 1 3 1 40 51 0 0 1
266 185349 L 1 0 0 0 48 1 2 8 0 185084 17 0 1 0 5 39 2 132 2 1 6
267 168208 R 0 0 0 0 1 25 0 20 63 0 0 0 2 0 168072 7 8 0 0 0 10
268 150027 G 4 0 0 23 0 149512 0 1 0 0 0 17 12 1 34 278 5 114 26 0 0
269 129039 S 6 3 0 0 0 0 0 1 0 23 0 0 17 1 0 128936 7 0 0 1 44
270 104336 V 12 1 9 0 15 0 1 11 0 2 0 0 0 3 0 1 4 104277 0 0 0
271 83499 A 83378 1 26 1 0 13 0 1 0 0 0 0 3 0 0 42 22 11 0 0 1
272 71232 H 0 1 4 1 0 0 71137 0 1 7 0 35 1 23 8 0 0 0 0 14 0
273 58086 K 0 0 0 7 0 1 0 1 58057 0 0 7 0 1 8 0 1 0 0 0 3
274 42770 S 0 1 1 0 2 1 0 0 0 0 0 4 6 0 0 42732 7 0 0 15 1
275 37122 C 1 37080 0 0 6 3 0 1 0 1 0 0 0 0 2 5 1 1 2 6 13
276 27502 L 0 0 0 0 0 0 0 0 0 27486 11 0 0 4 0 0 0 1 0 0 0
277 22693 P 10 1 1 0 1 1 62 0 2 40 0 0 22514 0 10 40 11 0 0 0 0
278 20095 A 19864 6 59 0 1 30 0 0 0 3 3 0 17 0 0 25 59 24 0 2 2
279 17395 C 1 17256 0 0 5 0 0 1 0 16 0 0 1 0 100 2 1 0 0 4 8
280 22551 V 4 3 0 1 0 0 0 13 0 2 19 0 0 0 0 0 0 22509 0 0 0
281 28472 Y 0 3 1 0 6 0 5 1 0 0 0 3 0 0 0 0 0 0 0 28446 7
282 22785 G 22 0 0 12 0 22728 1 0 0 1 0 0 0 0 8 1 1 1 1 1 8
283 56267 P 425 152 8 5 39 590 81 0 23 134 252 19 52945 69 93 176 941 274 27 14 0
284 75511 A 75002 30 70 0 1 9 0 2 1 36 1 0 33 0 72 56 92 101 0 1 4
285 87061 V 22 22 0 14 7 3 0 27 3 60 0 0 0 1 2 4 1 86891 1 3 0
286 102853 A 102763 0 27 0 0 6 0 0 0 5 0 2 8 1 8 13 6 11 0 3 0
287 116589 S 0 6 0 0 0 15 0 18 0 0 0 23 0 4 54 116449 20 0 0 0 0
288 134720 G 2 19 13 0 0 134628 0 0 0 0 0 0 0 0 3 28 0 27 0 0 0
289 160122 Y 11 19 3 0 12 2 108 2 1 33 0 4 0 1 20 8 0 21 0 159828 49
290 187731 D 1 0 187496 63 0 39 5 0 0 2 0 62 11 3 0 1 1 17 0 30 0
291 212630 F 0 3 0 0 212475 2 0 4 1 98 0 0 0 0 2 29 1 2 0 12 1
292 236238 E 10 11 9 235846 5 82 5 0 96 1 0 0 1 14 17 20 30 49 0 0 42
293 254028 K 0 1 0 34 0 1 45 15 253846 5 0 14 0 5 53 0 6 0 0 0 3
294 278452 E 8 18 129 277205 5 379 15 9 93 104 5 0 0 39 183 56 109 26 0 3 66
295 303724 G 12 0 0 52 0 303501 0 0 0 0 0 0 0 0 54 0 0 54 0 0 51
296 331972 Y 0 53 8 0 23 0 42 1 0 0 0 27 0 0 0 3 0 0 0 331714 101
297 358515 S 4 15 0 0 26 2 0 0 0 0 0 0 63 0 1 358249 47 0 0 108 0
298 391669 L 0 0 0 1 31 2 1 13 0 391543 1 1 1 0 1 57 0 5 0 1 11
299 422448 V 49 0 0 50 3 8 0 0 0 118 32 0 3 0 0 1 4 422178 0 0 2
300 444845 G 19 1 2 88 0 444466 0 0 0 1 0 0 0 0 78 1 0 103 0 0 86
301 464592 I 21 1 0 1 5 4 1 464021 41 75 123 8 0 14 25 44 58 143 0 3 4
302 494331 D 68 0 493622 98 1 69 68 0 1 1 0 107 5 72 5 15 5 59 13 120 2
303 524929 P 20 0 0 0 0 0 159 0 0 42 0 1 524536 3 20 54 86 5 0 0 3
304 548175 F 103 7 0 0 547286 3 0 63 0 357 2 0 4 0 0 113 2 178 0 51 6
305 568937 K 11 2 0 100 2 2 4 53 568386 9 0 58 7 17 239 1 11 3 0 5 27
306 590429 L 15 0 1 2 0 6 1 19 0 590028 139 0 113 39 11 4 3 48 0 0 0
307 619979 L 2 3 0 4 44 3 30 153 0 619578 12 0 98 4 25 0 1 19 0 0 3
308 649734 Q 88 72 2 60 1 20 40 57 186 76 3 1 16 648755 152 12 30 95 5 0 63
309 673496 N 70 8 82 1 2 156 123 79 303 39 27 671873 4 12 183 191 232 89 2 20 0
310 700780 S 237 152 0 1 7 116 0 226 0 2 3 170 3 27 211 699465 119 32 6 1 2
311 722693 Q 10 0 0 42 1 14 37 1 192 46 4 42 9 721411 224 433 53 67 0 1 106
312 751325 V 99 58 0 74 1 11 1 265 0 269 0 0 5 3 1 2 17 750518 0 1 0
313 778204 Y 3 106 9 2 76 9 133 1 0 5 2 46 2 2 7 11 3 14 2 777481 290
314 805312 S 121 192 0 2 1 216 0 230 0 6 1 106 1 0 206 804083 113 32 0 1 1
315 826707 L 3 2 6 5 4 5 2 357 3 825994 4 3 192 67 7 12 1 39 0 1 0
316 849123 I 1 17 1 0 63 2 0 848343 0 294 51 65 1 0 13 8 100 162 0 0 2
317 864792 R 1 1 0 0 0 252 0 202 104 3 0 0 0 0 864084 60 50 2 0 2 31
318 881342 P 75 0 3 7 1 35 39 11 9 213 0 2 880236 256 126 123 150 52 1 2 1
319 898187 N 102 2 112 4 3 343 24 41 531 124 5 895107 11 128 1085 463 20 23 1 47 11
320 913736 E 10 1 269 912752 0 152 0 0 164 1 0 0 0 46 0 0 1 107 0 0 233
321 920820 N 10 36 106 4 1 5 7 60 153 13 0 919974 1 4 83 168 24 124 1 44 2
322 927465 P 104 23 1 4 4 12 3 4 2 153 4 0 926348 207 76 141 345 27 0 6 1
323 932661 A 930554 12 0 309 7 178 33 101 3 153 0 123 59 44 177 450 224 207 4 18 5
324 941914 H 5 0 33 0 0 1 940865 0 0 141 0 308 24 276 133 4 0 0 2 122 0
325 942885 K 2 0 0 149 0 0 0 2 942195 0 61 238 0 13 183 2 16 0 0 0 24
326 944001 S 0 67 1 0 0 186 0 172 0 0 0 113 0 0 119 943311 31 0 1 0 0
327 940029 Q 0 0 0 52 0 3 336 0 194 46 0 0 17 939007 242 3 0 2 0 0 127
328 932084 L 1 0 1 0 3 9 10 67 5 931377 303 0 138 63 12 11 5 71 0 0 8
329 932098 V 116 0 0 76 1 23 0 78 0 187 112 1 0 0 3 2 3 931487 0 0 9
330 937423 W 3 256 7 0 4 19 0 1 0 242 4 2 4 0 197 45 4 2 936346 2 285
331 931989 M 3 0 3 0 1 2 3 503 76 147 930973 2 5 2 14 0 103 141 0 1 10
332 930655 A 929693 0 1 278 2 62 5 2 3 5 0 1 39 1 6 189 161 202 0 2 3
333 932898 C 32 931583 0 2 295 13 1 7 0 12 14 1 2 4 244 156 4 34 36 221 237
334 928154 N 78 7 151 0 12 7 314 57 50 2 9 927179 0 1 0 199 12 1 2 70 3
335 921330 S 51 80 2 1 56 41 1 1 2 4 0 9 86 2 10 920650 64 0 2 267 1
336 916243 A 913898 4 297 0 0 190 0 0 0 902 1 2 52 14 1 293 486 101 0 0 2
337 911897 A 910959 7 2 242 1 61 1 0 0 2 2 0 54 0 1 242 196 121 3 3 0
338 909717 F 57 7 0 0 909136 16 0 57 0 144 0 1 5 1 8 154 2 25 28 73 3
339 911557 E 8 0 466 910334 0 207 2 0 100 4 0 0 2 75 1 0 1 82 0 0 275
340 901058 D 14 0 900389 58 0 103 46 0 3 3 0 139 0 3 1 5 0 68 0 223 3
341 898382 L 1 0 42 1 0 1 0 443 0 897589 1 0 172 70 5 0 0 57 0 0 0
342 896950 R 75 1 11 1 6 170 3 245 137 0 0 1 5 0 896060 114 73 11 0 2 35
343 894564 V 131 0 0 60 0 14 0 424 1 519 0 0 2 1 1 9 0 893402 0 0 0
344 895289 L 0 2 3 0 74 5 0 66 1 894908 0 1 0 1 0 114 0 16 0 0 98
345 900488 S 16 27 3 1 0 169 10 205 1 1 0 107 0 8 315 899441 179 0 3 0 2
346 902447 F 100 69 1 4 901370 5 1 33 2 501 2 0 0 3 5 178 6 83 3 81 0
347 899706 I 6 0 0 0 95 0 0 898760 0 107 125 86 0 0 0 11 105 314 97 0 0
348 893202 R 2 0 0 0 0 200 11 239 152 1 1 0 0 0 892380 73 63 0 0 0 80
349 900451 G 37 0 1 113 0 899798 0 0 0 14 0 0 0 0 141 5 0 138 204 0 0
350 903106 T 497 20 0 0 23 340 63 132 28 252 12 104 19 40 71 389 901031 84 0 0 1
351 903140 K 2 1 0 108 0 1 3 51 902676 2 0 81 0 12 120 0 14 11 1 10 47
352 903083 V 129 0 1 71 0 11 0 108 0 114 1 0 0 0 0 3 0 902639 0 2 4
353 913536 S 19 34 1 0 153 0 8 0 305 265 0 91 748 0 341 911328 65 9 0 169 0
354 911688 P 27 23 0 5 0 1 1 0 6 106 0 2 910948 201 100 92 169 4 1 1 1
355 909340 R 0 0 0 0 0 130 0 0 173 6 316 2 0 0 908442 178 42 0 51 0 0
356 916317 G 34 1 2 110 0 915773 0 0 0 2 0 1 0 0 126 0 1 119 147 0 1
357 906478 K 1 1 1 170 0 1 2 71 905818 1 0 132 0 7 200 2 13 0 0 0 58
358 910449 L 1 0 0 0 60 1 31 73 0 910088 3 0 157 0 14 0 3 17 0 0 1
359 922011 S 63 71 2 9 89 14 3 70 188 149 0 15 219 196 1169 919358 109 93 1 193 0
360 935394 T 138 0 0 0 0 2 0 78 0 1 2 278 10 0 0 189 934680 11 0 1 4
361 923502 R 0 0 0 0 0 141 0 250 110 2 0 0 0 0 922788 46 64 3 0 1 97
362 931450 G 38 0 2 79 0 930777 0 0 0 0 0 0 0 0 132 0 1 202 0 0 219
363 936521 V 178 14 0 71 1 9 0 155 0 566 5 0 10 0 0 2 0 935505 0 0 5
364 942127 Q 25 6 0 24 0 9 100 23 159 176 302 21 120 940854 106 42 1 27 0 3 129
365 948097 I 0 0 0 2 54 2 0 947435 0 237 9 65 2 0 0 8 143 138 1 0 1
366 956967 A 955903 1 241 2 0 151 0 0 0 1 0 1 36 0 0 418 128 85 0 0 0
367 956622 S 162 41 1 7 4 375 16 1 80 89 4 7 122 4 4 955265 135 10 2 5 288
368 948539 N 465 53 139 67 6 263 15 39 79 4 3 946654 15 99 27 347 165 49 0 48 2
369 954603 E 12 0 36 953894 0 149 0 2 137 1 0 0 15 62 0 2 2 51 0 4 236
370 951957 N 1 23 181 60 1 7 23 111 317 28 0 950302 24 289 46 196 185 100 2 61 0
371 955150 M 3 48 2 0 0 2 1 923 77 287 953419 0 5 13 11 6 149 191 2 1 10
372 959836 D 6 11 958985 161 0 254 35 0 2 12 2 140 1 1 0 13 4 88 0 121 0
373 961391 A 959815 65 308 14 141 69 9 0 1 94 0 3 55 7 34 291 329 145 2 9 0
374 964291 M 2 0 0 0 0 0 0 632 80 167 963072 1 1 0 11 0 137 185 2 1 0
375 961124 E 4 10 110 960207 1 231 6 1 122 16 0 0 1 66 4 6 23 110 1 0 205
376 960256 S 49 2 0 0 1 64 3 6 0 100 0 1 129 0 2 959347 84 181 0 3 284
377 952948 S 143 102 2 0 19 212 536 223 0 207 24 138 1 6 204 950937 76 107 4 7 0
378 946803 T 311 1 0 4 1 21 10 79 5 3 21 190 15 2 451 432 945253 2 1 0 1
379 947770 L 3 0 0 0 64 4 83 311 3 946685 2 0 211 0 16 0 0 104 1 0 283
380 939053 E 9 13 78 938224 1 168 0 0 154 4 0 0 3 48 6 6 5 96 0 0 238
381 937818 L 1 0 1 0 1 12 0 1 0 937243 264 0 188 28 19 0 9 49 0 2 0
382 935311 R 0 1 1 0 2 211 1 53 118 3 0 3 4 0 934729 74 33 2 2 0 74
383 935195 S 94 68 0 1 2 195 3 238 1 0 0 139 1 8 303 933930 96 115 0 0 1
384 932771 R 4 38 0 3 1 358 1 4 214 19 215 11 3 2 931492 255 38 33 77 2 1
385 929164 Y 2 157 16 0 129 9 178 0 5 19 5 82 0 1 53 16 0 2 0 928298 192
386 928718 W 2 185 0 1 6 13 0 3 0 247 2 0 0 0 241 48 0 3 927659 1 307
387 923521 A 922462 0 161 0 0 214 0 0 0 1 0 0 50 1 0 240 208 182 0 2 0
388 914026 I 0 0 1 2 2 4 0 913050 334 125 229 0 2 0 11 3 143 115 0 2 3
389 912635 R 1 0 3 3 5 140 0 229 131 0 0 0 1 0 911959 72 33 6 1 0 51
390 907326 T 134 0 1 0 6 2 0 83 1 0 2 122 9 0 0 89 906876 0 0 0 1
391 913619 R 0 2 0 1 1 185 1 129 165 20 1 1 0 2 912941 43 49 1 4 0 73
392 910809 S 46 33 1 0 5 127 2 191 1 0 1 101 2 0 88 910187 19 2 0 2 1
393 915365 G 67 0 0 75 0 914574 1 0 0 0 0 0 15 0 197 5 1 223 0 0 207
394 914104 G 44 0 0 113 0 913379 1 1 4 0 0 1 0 0 153 0 2 229 0 0 177
395 908842 N 26 26 203 1 3 20 161 58 280 7 0 907377 3 4 247 245 88 7 1 76 9
396 905613 T 530 26 0 0 76 88 549 128 114 471 15 295 56 47 4073 275 898333 281 203 53 0
397 906836 N 103 4 127 2 202 27 19 55 300 66 39 903185 7 113 2246 152 79 20 67 15 8
398 900539 Q 0 24 1 41 2 6 231 4 539 88 0 10 62 896554 2677 17 9 59 35 109 71
399 895572 Q 123 68 11 63 236 1216 292 14 2913 142 2 1 477 880850 8813 85 38 30 81 12 105
400 891421 R 4 2 0 3 0 290 7 4 186 2 120 0 4 6 890565 127 29 2 63 0 7
401 896533 A 881706 34 179 2 4 160 22 6 1575 5 1 9 250 257 10970 182 947 220 0 1 3
402 894358 S 139 71 7 22 63 39 54 6 526 3 30 0 479 80 639 891893 187 35 0 84 1
403 890327 A 887378 8 1 270 2 113 251 3 94 2 2 124 53 237 185 289 778 536 0 0 1
404 895381 G 221 257 133 19 0 894325 0 4 3 0 2 0 3 4 49 207 28 123 0 2 1
405 912878 Q 6 0 0 35 0 0 79 0 182 77 10 9 22 912199 140 0 1 0 0 0 118
406 907919 I 2 26 0 2 60 0 0 907261 3 26 34 73 3 7 1 40 192 189 0 0 0
407 920041 S 0 83 0 0 0 221 0 269 0 4 0 121 0 0 124 919192 26 0 0 0 1
408 922883 V 185 0 0 101 0 11 0 2 0 357 767 0 0 0 0 3 54 921403 0 0 0
409 927127 Q 297 117 0 76 3 43 176 181 212 77 118 3 8 923603 134 208 1106 203 132 83 347
410 928856 P 961 11 0 1 2 25 237 1 0 62 3 0 927193 9 36 171 134 9 1 0 0
411 941621 A 939362 140 0 262 0 39 0 0 2 0 0 0 40 0 1 586 960 226 0 0 3
412 950132 F 2 10 0 0 949244 0 0 115 10 399 138 0 1 0 5 128 0 21 0 58 1
413 955565 S 2 49 0 0 104 8 0 0 0 10 0 1 135 0 2 954957 57 1 0 235 4
414 961042 V 324 184 0 140 0 19 0 68 2 589 301 0 0 3 3 1 66 959340 2 0 0
415 972033 Q 416 326 3 76 131 555 96 3 305 533 146 0 56 963597 1612 1599 515 745 980 157 182
416 973833 R 1 1 0 0 0 223 24 157 86 0 0 4 1 0 973191 44 59 1 0 0 41
417 982901 N 34 99 219 230 56 441 392 141 146 50 25 977830 248 94 817 720 378 262 44 675 0
418 990930 L 1 87 0 1 81 3 93 412 2 989834 56 0 201 0 9 0 25 124 0 0 1
419 994240 P 115 1 0 12 0 0 6 13 0 127 0 0 993205 239 55 102 195 166 0 3 1
420 994478 F 338 21 7 0 990122 9 522 64 1 463 108 252 10 6 4 402 12 461 1 1664 11
421 1004209 D 334 824 996801 249 67 187 483 180 2 216 1 333 0 17 26 1327 5 2839 52 266 0
422 1004520 K 966 12 7 246 16 646 2 72 1000160 322 1 261 0 64 1389 210 107 9 0 2 28
423 999655 P 422 46 13 4 0 5127 14 15 183 211 6 3 986526 606 5615 212 501 147 4 0 0
424 999366 T 418 86 644 8 17 8 281 224 7 164 13 182 26 30 28 406 995965 833 11 9 6
425 1000613 I 132 452 2 6 79 4 0 998712 0 20 90 114 1 0 0 24 389 584 0 4 0
426 989851 M 56 182 2 10 22 7 9 770 88 338 987177 6 18 81 35 33 224 788 1 0 4
427 985102 A 976742 109 4 265 10 1432 32 259 6 437 1799 353 206 251 179 1200 858 935 1 23 1
428 969802 A 966407 126 2 282 62 119 256 0 0 2 3 16 49 60 29 364 1742 254 0 29 0
429 956372 F 3 21 3 6 954550 6 5 49 0 519 15 2 5 1 1 163 6 20 5 985 7
430 941524 T 322 2 3 1 9 345 51 105 12 61 2 310 233 12 1021 1122 937861 45 6 1 0
431 922882 G 81 95 0 159 78 918582 125 4 23 233 0 26 32 116 247 46 102 198 399 2336 0
432 906124 N 502 547 186 13 69 231 182 112 185 218 6 902174 72 85 397 273 214 233 38 385 2
433 893090 T 255 224 30 42 390 35 26 477 384 700 41 16 46 4 273 149 889877 79 1 40 1
434 873248 E 252 10 288 871019 0 339 33 2 185 84 10 13 14 167 118 174 73 177 5 1 284
435 851271 G 28 0 0 193 0 850577 0 0 1 0 0 0 1 0 148 2 1 178 2 0 140
436 829925 R 0 0 0 0 0 153 0 222 133 0 2 4 0 0 829231 46 52 2 0 0 80
437 802030 T 136 44 3 14 1 2 3 88 178 1 0 40 16 1 33 432 801024 8 0 0 6
438 780646 S 29 1 1 0 3 1094 90 0 1 77 0 180 144 0 7 778694 52 6 5 13 249
439 760291 D 8 0 759486 238 0 131 34 0 0 7 0 129 0 0 8 0 0 65 0 185 0
440 736279 M 53 2 8 7 123 53 8 404 53 67 735181 2 15 5 28 29 108 91 24 16 2
441 713597 R 5 1 0 0 0 152 0 0 96 0 232 0 0 0 712881 134 24 2 51 19 0
442 689254 A 684045 122 2 206 1 168 7 69 108 28 4 12 29 6 21 972 2491 943 1 19 0
443 669813 E 6 0 105 669276 0 97 0 0 99 0 0 0 0 48 1 1 3 36 0 0 141
444 647056 I 2 82 0 4 27 7 0 646679 0 15 7 24 0 0 2 7 80 119 1 0 0
445 619356 I 23 5 0 1 1 5 0 618752 58 40 133 0 3 3 19 1 160 151 1 0 0
446 592344 R 142 14 252 1569 3 666 11 27 178 52 222 54 23 26 588514 430 49 79 31 1 1
447 568886 M 29 18 2 2 47 26 10 519 55 300 567345 7 1 8 78 74 169 176 5 14 1
448 542953 M 2 0 2 7 0 3 0 286 60 126 542250 0 3 0 15 0 74 124 0 0 1
449 513335 E 3 2 40 512866 0 135 0 0 61 8 0 0 1 29 0 10 31 51 0 0 98
450 488206 G 18 194 96 2 16 487008 1 16 1 159 14 37 7 57 118 128 130 202 2 0 0
451 459589 A 454453 13 1 216 126 2113 5 4 78 323 3 337 16 470 295 133 498 458 26 21 0
452 428304 K 30 0 0 62 4 20 20 27 427572 148 11 84 23 6 126 6 134 12 1 5 13
453 399475 P 20 65 23 2 0 911 179 3 7 74 0 2 397604 145 156 88 71 36 88 0 1
454 375809 E 645 99 82 373353 5 386 62 221 87 157 0 0 19 160 3 102 21 228 8 41 130
455 339782 E 114 163 33 337042 22 605 80 39 115 395 92 59 20 217 73 258 155 166 0 19 115
456 309322 M 50 9 0 0 9 203 21 140 46 51 307176 22 6 18 1254 87 73 52 64 40 1
457 289626 S 13 269 0 0 31 147 2 6 1 41 1 12 48 57 1 288837 63 50 0 47 0
458 271307 F 0 0 0 0 270998 0 1 23 1 181 0 10 0 0 0 53 0 1 7 30 2
459 255528 Q 44 5 12 22 4 838 136 0 309 69 0 64 31 249152 4715 21 44 25 3 1 33
460 237553 G 76 31 2 57 2 237029 9 0 35 9 28 0 0 3 156 38 9 62 7 0 0
461 223592 R 2 0 0 0 0 31 1 0 0 104 0 0 17 112 223257 1 0 0 67 0 0
462 210796 G 46 1 0 54 1 210487 0 0 0 0 0 0 10 0 68 3 1 40 0 4 81
463 185622 V 29 1 7 5 46 2 0 86 0 25 4 0 0 0 1 4 0 185408 0 3 1
464 516927 F 0 8 5 0 516471 1 0 60 0 233 0 2 0 0 0 81 0 25 0 41 0
465 530445 E 9 0 216 529777 0 80 0 0 93 0 0 0 0 49 11 0 0 26 8 1 175
466 563628 L 72 22 15 14 450 115 585 940 1 559355 102 23 636 255 25 101 75 218 89 532 3
467 601994 S 0 1 14 9 15 21 10 21 19 156 1 9 96 27 60 601147 153 84 33 7 111
468 629882 D 2 5 629287 105 0 182 29 2 1 1 0 80 0 0 0 8 2 31 0 147 0
469 682606 E 33 0 65 681559 5 163 4 11 141 10 0 8 0 201 2 58 23 75 9 14 225
470 723296 R 50 1 0 0 0 132 0 0 75 0 235 0 0 0 722594 154 25 0 30 0 0
471 767618 A 766903 2 0 148 0 56 0 0 0 2 0 0 20 0 0 171 120 196 0 0 0
472 821975 A 820731 13 0 160 0 34 3 0 1 1 0 0 38 0 0 296 489 209 0 0 0
473 855865 N 11 0 86 1 0 7 14 63 194 55 0 854613 13 93 479 131 43 0 5 56 1
474 895636 P 160 0 0 129 1 0 0 0 1 165 0 0 894554 213 145 95 170 3 0 0 0
475 927680 I 3 13 0 0 54 5 0 926709 7 83 31 89 17 0 12 4 121 532 0 0 0
476 933743 V 1180 154 0 59 0 32 0 0 0 339 272 0 3 3 89 0 11 931601 0 0 0
477 955001 P 32 0 0 0 0 0 123 0 0 100 0 0 954444 0 19 141 142 0 0 0 0
478 980382 S 71 70 0 0 95 6 14 1 2 75 0 0 191 45 28 979461 45 97 48 133 0
479 1000140 F 11 209 0 0 999041 51 1 127 7 299 0 2 5 2 21 93 6 137 21 107 0
480 1006283 D 24 17 1003507 323 9 217 257 0 9 54 0 221 252 35 348 393 39 279 3 296 0
481 1020754 M 13 2 0 0 0 6 0 656 44 106 1019279 0 2 2 121 0 148 277 75 22 1
482 1016910 S 0 105 0 0 0 180 13 289 3 0 0 217 0 0 162 1015885 56 0 0 0 0
483 1036628 N 5 3 108 0 3 0 5 102 421 26 1 1035820 0 2 0 99 3 0 0 30 0
484 1038494 E 9 0 89 1037305 0 141 1 3 143 0 0 28 53 109 3 11 24 167 1 0 407
485 1037307 G 51 106 2 103 74 1033318 27 2 0 1 0 19 6 2 2403 253 1 440 192 4 303
486 1035828 S 5 43 0 0 61 0 0 0 0 0 0 0 126 0 0 1035403 72 0 0 118 0
487 1033973 Y 0 105 2 0 64 0 190 0 14 1 0 17 0 0 0 6 0 4 0 1033483 87
488 1028694 F 0 5 0 0 1028013 0 0 58 0 418 0 0 0 0 0 128 0 11 0 61 0
489 1030113 F 0 2 0 0 1029372 0 0 29 0 460 0 0 0 0 0 100 0 5 0 145 0
490 1026894 G 62 0 0 94 0 1025942 0 2 0 0 0 0 0 0 322 1 0 236 0 0 235
491 1026388 D 23 0 1025180 232 0 296 75 8 0 0 10 102 0 0 11 0 6 161 4 273 7
492 1024310 N 0 0 146 0 0 0 13 85 108 0 0 1023720 0 1 11 141 39 0 0 46 0
493 1024049 A 1022447 0 0 259 1 48 0 0 1 7 0 0 62 2 14 377 550 281 0 0 0
494 1022469 E 24 13 336 1021132 0 189 0 1 273 3 27 0 12 89 0 2 0 78 0 0 290
495 1018535 E 8 0 413 1017315 0 204 1 2 124 1 0 4 10 44 24 66 3 72 11 2 231
496 976876 Y 1 270 10 0 140 11 132 3 0 0 10 75 0 0 0 12 0 40 41 975892 239
497 1006919 D 376 13 997897 270 187 1098 95 143 14 86 469 3063 4 9 97 1200 135 1245 131 323 64
498 994730 N 280 79 158 0 49 1283 677 1403 8081 153 219 959836 17 46 19108 1514 1315 350 12 110 40
