# nucleotide counts
# upper case indicates nucleotide called by both reads
# lower case indicates nucleotide called by one read with other ambiguous
# N indicates disagreement between reads, or both ambiguous
# POSITION WT COUNTS A T C G a t c g N
1 A 808161 803317 46 8 176 4302 17 6 0 289
2 T 809164 78 803826 101 8 8 4841 1 0 301
3 G 809920 168 136 38 804289 0 13 2 5046 228
4 G 810254 61 88 18 804852 2 2 2 5029 200
5 C 811247 177 285 804819 44 2 8 5638 7 267
6 G 812371 213 120 28 805511 1 9 7 6190 292
7 T 813436 194 804261 648 1214 3 6638 10 7 461
8 C 814445 441 464 805872 194 5 9 7293 2 165
9 C 815618 449 1371 805194 259 10 12 7801 3 519
10 C 816727 4094 5245 797497 1347 53 51 8183 13 244
11 A 818052 802506 2849 2481 944 8850 33 36 7 346
12 A 819299 801105 5303 1992 1027 9500 63 34 5 270
13 G 819848 223 328 315 808914 6 12 6 9650 394
14 G 820865 142 106 267 809998 3 8 8 10076 257
15 C 822268 162 102 811035 32 4 16 10701 2 214
16 A 823137 810916 52 3 181 11185 10 11 6 773
17 C 824195 92 77 812297 13 7 7 11532 5 165
18 C 825875 200 94 812615 51 11 14 12476 4 410
19 A 827403 813345 31 16 114 13707 8 3 4 175
20 A 828688 814255 47 16 111 13916 7 2 3 331
21 A 829659 815255 93 26 121 13724 13 1 4 422
22 C 830844 159 160 816338 32 5 15 13945 0 190
23 G 831973 152 138 55 817382 8 27 4 13976 231
24 G 833749 165 81 37 818948 9 8 6 14297 198
25 T 835460 209 816988 224 60 5 16256 10 8 1700
26 C 837039 273 241 817905 78 8 10 18092 5 427
27 T 838594 178 817390 300 83 3 20437 16 6 181
28 T 840231 259 815094 597 144 12 23715 22 8 380
29 A 842363 814423 313 181 162 26927 25 11 9 312
30 T 844603 200 814216 518 66 17 29357 38 8 183
31 G 845528 180 180 80 812121 20 32 10 32699 206
32 A 847406 810654 136 35 251 36051 19 13 20 227
33 A 849262 810125 112 65 248 38423 17 7 22 243
34 C 851701 1453 840 807442 668 90 50 40913 64 181
35 A 854018 805036 737 1249 1287 45157 55 67 106 324
36 G 854711 1015 930 1407 802361 75 86 101 48502 234
37 A 856698 802559 115 23 146 53321 15 9 33 477
38 T 858682 141 799821 123 37 30 58286 20 19 205
39 G 860356 208 136 54 795911 27 50 17 63725 228
40 G 860709 129 366 74 792503 51 41 20 67286 239
41 A 861367 786030 291 32 199 74368 61 12 39 335
42 A 862044 782483 117 69 438 78583 28 22 58 246
43 A 862127 782005 102 164 147 79336 27 36 38 272
44 C 862657 212 121 781017 78 55 25 80979 25 145
45 T 864559 80 776276 222 131 46 87584 42 27 151
46 G 863354 116 190 53 772598 39 95 17 90102 144
47 A 862723 770012 80 16 196 92058 49 23 77 212
48 T 863115 85 767901 103 51 56 94657 48 38 176
49 G 862562 366 303 193 760633 105 124 90 100432 316
50 G 860595 344 199 289 755868 123 88 62 103416 206
51 G 857842 435 412 211 751033 87 132 77 105111 344
52 G 855172 537 315 634 745576 127 78 102 107517 286
53 A 853284 741919 379 833 343 109240 63 114 74 319
54 A 849576 739541 337 897 409 107673 68 124 129 398
55 C 846884 188 197 734119 34 65 77 111932 46 226
56 G 841412 321 190 93 728434 90 53 61 111942 228
57 C 838895 146 68 723982 31 46 25 114277 37 283
58 C 841636 136 131 719254 58 114 28 121569 41 305
59 A 842873 712433 118 2119 357 127019 54 369 96 308
60 G 837190 197 202 92 711578 76 77 14 124759 195
61 A 834398 705536 620 222 210 127017 149 82 72 490
62 A 832367 696016 146 1061 697 133643 50 215 158 381
63 T 832065 460 689666 822 676 105 139455 157 208 516
64 G 826939 568 238 1649 680137 570 93 367 143168 149
65 C 823825 250 428 670542 1726 117 542 149551 414 255
66 A 822568 659843 1362 482 411 159124 354 177 472 343
67 A 818467 651739 510 557 539 163824 141 376 486 295
68 C 816823 665 284 647116 366 258 98 167671 161 204
69 T 816579 524 647223 951 406 664 166231 245 116 219
70 G 811297 304 223 207 643148 128 102 59 166963 163
71 A 807726 635547 185 123 223 171047 109 249 71 172
72 G 803097 290 292 206 629277 482 135 95 172158 162
73 A 798872 618146 51 196 108 179686 167 87 259 172
74 T 794688 66 607104 267 26 75 186688 176 103 183
75 C 792421 202 244 594236 59 378 138 196429 271 464
76 A 790805 583705 95 264 202 205894 119 93 292 141
77 G 781626 81 167 60 574906 298 167 92 205668 187
78 A 775895 562015 31 244 155 212719 106 128 256 241
79 G 767469 318 163 153 550766 179 160 90 215455 185
80 C 760668 357 195 546364 154 320 139 212846 113 180
81 A 754956 534471 128 125 258 219444 96 68 172 194
82 T 748459 240 525717 302 153 149 221273 199 231 195
83 C 743531 421 70 519888 235 413 128 222100 147 129
84 C 747691 247 410 516852 106 546 199 229097 88 146
85 G 742962 271 130 44 513862 457 154 35 227862 147
86 T 733710 65 505098 75 25 140 227677 80 167 383
87 C 728803 145 503 497979 82 176 508 229070 165 175
88 G 715474 147 118 40 496067 294 195 121 218285 207
89 G 703268 98 97 56 487738 116 175 51 214753 184
90 G 307369 79 60 29 240013 65 44 16 66989 74
91 A 303568 239219 32 16 48 64062 27 8 30 126
92 A 299074 234583 25 13 61 64188 70 10 35 89
93 G 297584 47 77 29 235149 21 47 16 62126 72
94 A 296941 234335 23 17 43 62403 18 14 12 76
95 T 298169 36 235457 33 11 28 62486 19 7 92
96 G 298891 41 65 34 239969 28 52 39 58595 68
97 A 299496 241759 47 10 70 57444 9 46 23 88
98 T 299845 36 243048 43 28 47 56520 27 7 89
99 T 300991 42 246094 63 9 32 54569 83 17 82
100 G 301612 157 156 107 248964 93 96 55 51911 73
101 A 303433 250839 152 132 146 51902 53 24 105 80
102 T 306067 110 256216 137 227 87 49121 47 41 81
103 G 307719 83 56 27 258210 36 89 33 49091 94
104 G 310998 55 66 42 260904 54 40 31 49698 108
105 A 312940 262733 100 38 93 49793 45 17 27 94
106 A 314963 268673 17 6 59 46038 31 13 17 109
107 T 316249 26 272405 41 5 17 43640 18 14 83
108 T 320456 18 273764 44 23 12 46477 18 15 85
109 G 323174 52 83 18 278132 15 63 19 44695 97
110 G 325245 42 58 36 283065 20 19 9 41913 83
111 A 328345 285892 43 20 130 42053 14 9 32 152
112 C 333336 92 78 288873 21 22 48 44097 6 99
113 G 337261 77 98 51 291857 33 44 25 45001 75
114 A 340921 296077 25 69 49 44547 8 21 12 113
115 T 344296 44 297750 60 14 25 46250 18 18 117
116 T 346826 32 300239 57 99 32 46222 16 25 104
117 C 348590 96 53 303535 52 24 27 44671 32 100
118 T 353791 56 307408 148 11 14 46009 25 27 93
119 A 357675 311033 66 28 83 46251 35 8 31 140
120 C 361588 88 80 314820 28 30 33 46406 17 86
121 A 366280 316963 131 125 134 48748 24 22 37 96
122 T 369902 103 319831 222 149 25 49356 32 61 123
123 C 373919 158 73 324234 285 49 30 48922 54 114
124 C 378573 79 57 327569 23 29 22 50630 29 135
125 A 383070 330642 48 27 68 52100 16 19 33 117
126 A 386112 333618 35 29 66 52199 11 14 28 112
127 A 390224 338471 30 13 76 51460 11 12 15 136
128 T 393866 22 342994 31 19 19 50636 13 12 120
129 G 396137 92 82 62 347359 23 39 26 48362 92
130 T 400166 100 351182 121 185 32 48211 27 39 269
131 G 403633 128 214 92 355328 39 60 25 47638 109
132 C 407423 126 197 357273 216 36 46 49399 29 101
133 A 410625 362248 61 51 108 47927 26 28 27 149
134 C 413237 108 70 364512 42 26 11 48357 25 86
135 T 416121 169 367015 142 120 40 48444 43 29 119
136 G 417124 89 134 40 370182 27 39 28 46468 117
137 A 420627 372970 35 33 96 47301 11 11 35 135
138 A 423324 375853 40 36 140 46977 32 14 30 202
139 C 426252 82 56 380019 16 40 19 45923 14 83
140 T 430208 20 384081 77 8 18 45701 179 8 116
141 T 433826 52 386807 136 32 168 46456 29 9 137
142 A 436008 388237 78 23 156 47176 164 14 27 133
143 A 439521 390946 44 45 154 48023 13 21 157 118
144 A 442090 391979 30 50 64 49701 28 17 19 202
145 C 445279 235 114 394736 101 47 25 49780 120 121
146 T 448447 99 396448 164 87 31 51404 42 18 154
147 C 451421 247 221 398071 312 129 55 52218 53 115
148 A 454541 397902 847 903 1267 53047 122 135 192 126
149 G 456419 349 105 2039 400300 49 77 293 53090 117
150 T 459327 461 402672 1034 1721 98 52628 137 287 289
151 G 462570 479 219 122 406791 109 84 36 54617 113
152 A 464695 410825 194 290 147 52982 32 54 31 140
153 T 466720 91 411845 213 225 29 54050 42 49 176
154 T 470543 627 414023 125 138 116 55317 28 44 125
155 A 473821 417513 195 579 179 55052 45 100 30 128
156 T 476545 163 420947 600 197 21 54337 112 35 133
157 G 478329 87 99 63 425427 29 43 20 52428 133
158 A 480700 428137 63 45 157 52041 71 14 25 147
159 G 481563 264 159 37 428625 44 50 18 52255 111
160 G 482638 126 141 121 430574 28 77 45 51315 211
161 G 483444 121 80 203 432996 67 44 37 49733 163
162 G 484270 232 163 111 435553 62 48 32 47918 151
163 C 486870 169 170 436805 87 56 87 49288 20 188
164 G 489411 231 159 75 435721 74 60 28 52932 131
165 A 490485 437795 180 192 128 51803 41 30 108 208
166 C 492980 135 369 439813 85 66 57 52245 94 116
167 T 497205 99 441101 233 44 46 55399 69 67 147
168 G 498195 179 236 160 441691 110 52 50 55562 155
169 A 500366 443745 92 249 136 55842 43 39 92 128
170 T 502275 107 446306 139 57 35 55406 39 34 152
171 C 505887 298 110 450106 67 95 53 54987 15 156
172 C 508793 122 119 450761 61 112 48 57384 39 147
173 A 511008 452639 77 61 143 57805 70 26 65 122
174 G 510527 171 164 66 452356 59 67 35 57500 109
175 A 514003 452954 65 179 133 60376 20 79 51 146
176 A 515439 452307 193 54 161 62413 56 38 42 175
177 C 517016 166 378 451346 76 75 92 64693 59 131
178 A 517745 452929 41 15 108 64374 91 14 18 155
179 G 516656 70 119 65 455091 28 39 61 61033 150
180 C 517090 149 48 454890 79 57 46 61652 40 129
181 T 521245 78 456777 264 350 43 63458 53 64 158
182 T 524514 128 461933 99 34 48 61989 56 37 190
183 A 526327 463581 361 108 165 61811 69 33 41 158
184 A 528288 465558 352 70 174 61857 55 20 38 164
185 C 530565 139 84 466872 113 85 46 63058 27 141
186 A 533508 468352 158 658 148 63868 42 99 27 156
187 A 532651 469736 91 90 203 62246 21 23 71 170
188 T 534474 189 472451 103 44 36 61417 59 9 166
189 A 536045 472217 205 393 166 62744 87 64 37 132
190 G 535851 78 201 95 475008 24 64 25 60213 143
191 A 536587 475921 59 67 118 60200 41 18 24 139
192 G 536453 217 157 82 478197 31 32 23 57567 147
193 A 537839 477599 53 82 119 59732 24 28 24 178
194 G 537306 109 111 59 476867 29 32 37 59896 166
195 A 536869 477963 65 70 127 58378 18 23 34 191
196 A 538220 480609 33 7 96 57291 7 6 25 146
197 T 539224 47 480442 76 15 23 58424 18 9 170
198 G 538215 85 127 36 479597 25 49 34 58087 175
199 G 539194 83 66 15 478022 34 33 15 60748 178
200 T 541081 63 477748 83 53 21 62433 28 50 602
201 G 544652 234 216 33 479185 47 46 22 64718 151
202 C 546845 167 72 480403 67 48 26 65887 24 151
203 T 549452 46 480016 172 46 35 68877 32 21 207
204 C 552016 211 136 482477 98 64 39 68820 26 145
205 T 552820 144 480008 99 86 81 72188 33 23 158
206 C 552522 121 52 478311 192 50 35 73582 50 129
207 T 553519 103 476015 301 76 69 76705 72 24 154
208 G 549200 261 206 32 473223 101 63 19 75180 115
209 C 549547 158 77 471456 59 72 51 77509 35 130
210 T 553183 79 471866 223 123 44 80577 69 26 176
211 T 554074 59 471578 119 44 33 81990 35 75 141
212 T 555065 44 471822 81 94 21 82729 46 27 201
213 T 555115 59 468853 123 86 32 85725 34 45 158
214 G 551526 67 151 61 467037 70 49 19 83945 127
215 A 547959 464815 42 25 131 82685 22 21 54 164
216 C 547729 96 387 463480 37 39 146 83312 69 163
217 G 547353 416 391 228 462814 152 131 75 83035 111
218 A 547752 464502 305 346 229 81939 120 89 40 182
219 A 547834 463313 381 270 211 83262 104 67 70 156
220 A 547610 464269 82 159 117 82674 58 35 56 160
221 G 545403 120 123 149 465264 45 56 42 79474 130
222 A 546305 467022 154 70 215 78513 56 26 61 188
223 A 545007 467114 42 30 61 77524 33 16 37 150
224 G 543520 68 113 21 467463 32 76 11 75576 160
225 G 540222 93 115 29 466186 54 26 18 73546 155
226 A 537288 463705 115 63 167 72960 44 17 41 176
227 A 537694 462955 133 42 181 74111 36 20 37 179
228 T 536896 152 462822 149 127 70 73285 59 28 204
229 A 536530 460385 115 742 413 74382 47 139 169 138
230 A 535249 460097 433 121 750 73303 177 43 161 164
231 A 531762 458797 327 437 304 71455 161 77 73 131
232 T 530394 60 457316 197 24 45 72501 44 27 180
233 A 529920 459609 35 21 86 69927 31 23 41 147
234 T 526905 52 460627 119 40 17 65845 37 37 131
235 C 526411 152 60 461931 36 44 28 64006 19 135
236 T 527681 81 457384 131 23 21 69841 30 15 155
237 G 524151 146 140 133 455822 33 87 40 67563 187
238 G 523687 337 376 163 454069 111 94 31 68336 170
239 A 523520 451776 285 221 354 70483 64 50 99 188
240 A 522934 450354 197 327 296 71347 79 83 83 168
241 G 521252 187 311 146 450182 81 82 38 70082 143
242 A 520142 449203 301 68 255 69999 79 23 43 171
243 A 520624 448873 222 190 228 70764 35 80 47 185
244 C 520317 532 899 447101 155 138 171 71150 43 128
245 A 522831 447273 247 314 674 73918 83 62 128 132
246 T 522631 897 445486 339 383 173 75030 82 72 169
247 C 523588 481 242 445035 623 145 64 76744 112 142
248 C 524823 381 159 445042 678 437 39 77783 129 175
249 C 528302 496 489 445531 309 147 117 80703 348 162
250 A 531491 447918 202 354 754 81750 132 91 163 127
251 G 528094 460 784 317 450388 107 147 296 75455 140
252 C 525652 477 635 449279 543 277 137 73918 233 153
253 G 524075 435 267 465 448362 121 201 115 73967 142
254 C 522984 388 569 448264 275 76 188 72696 276 252
255 G 522811 532 473 695 449084 225 155 147 71359 141
256 G 521260 610 252 1231 446389 97 115 166 72240 160
257 G 520255 1296 427 315 446785 197 64 69 70941 161
258 G 518353 541 550 980 446292 120 86 161 69462 161
259 A 519385 449365 63 22 128 69455 33 64 57 198
260 A 519383 452959 36 20 119 65746 216 10 133 144
261 G 518032 129 130 44 453552 46 125 22 63837 147
262 G 515552 1137 444 66 452018 222 234 77 61207 147
263 A 514699 453177 70 41 431 60475 240 9 75 181
264 T 513373 114 453653 824 81 45 58130 283 19 224
265 C 511593 232 641 452074 707 65 255 57324 123 172
266 C 513514 332 273 450941 438 108 190 60929 125 178
267 T 517224 968 451680 886 345 204 62722 224 56 139
268 A 516487 452631 136 353 636 62243 41 128 134 185
269 A 516003 454159 157 410 744 60117 41 80 120 175
270 G 515056 230 485 344 455519 102 73 52 58086 165
271 A 514788 456372 55 329 83 57715 15 45 21 153
272 A 515040 455048 36 26 426 59197 46 7 53 201
273 A 513818 453723 28 49 322 59445 13 9 53 176
274 A 512019 453923 43 42 80 57579 28 31 32 261
275 C 512356 77 28 454116 21 47 25 57904 11 127
276 T 513063 81 451967 149 515 20 60030 40 96 165
277 G 510998 92 111 62 452396 21 78 19 58085 134
278 G 510605 73 51 47 453181 34 27 26 57014 152
279 A 512982 454437 42 33 215 57971 38 22 57 167
280 G 511942 68 96 25 454488 22 30 13 57036 164
281 G 511274 62 75 24 454331 28 27 14 56588 125
282 A 510537 453365 96 30 123 56426 21 36 44 396
283 C 511023 61 119 452964 247 15 47 57354 37 179
284 C 512102 156 55 452998 30 45 21 58633 13 151
285 C 512480 159 120 451243 142 80 40 60499 25 172
286 A 513554 450739 81 96 190 62173 42 24 41 168
287 T 512219 69 450255 69 23 29 61582 20 16 156
288 A 510390 449126 606 76 177 60107 106 28 39 125
289 T 510914 34 449454 89 19 17 61106 26 16 153
290 A 509873 448639 102 13 86 60731 24 25 22 231
291 C 509551 116 102 449257 30 55 25 59781 16 169
292 A 510559 447781 65 134 138 62183 17 27 34 180
293 A 510593 446710 169 57 249 63123 58 26 46 155
294 G 510326 218 162 102 446796 58 47 18 62788 137
295 A 509364 445166 68 50 96 63727 44 17 23 173
296 G 506364 69 91 42 443511 25 50 16 62422 138
297 A 505885 443311 50 67 107 62066 21 19 32 212
298 G 504799 404 646 518 442099 64 138 92 60696 142
299 T 505689 533 442264 634 536 168 60134 105 138 1177
300 A 506060 443013 507 757 497 60843 78 140 78 147
301 G 505203 152 157 115 445108 50 43 30 59405 143
302 A 505638 445636 88 174 97 59389 27 28 33 166
303 T 506493 119 445413 114 118 41 60459 33 31 165
304 A 507088 445050 97 189 236 61267 28 32 51 138
305 G 505481 190 176 122 444336 42 52 38 60401 124
306 A 505637 444061 115 185 150 60867 31 35 41 152
307 A 507383 446178 85 110 266 60477 24 25 45 173
308 A 507006 447096 130 111 266 59131 20 23 44 185
309 G 507757 233 171 186 446640 44 34 43 60272 134
310 T 508905 78 446035 89 19 56 61785 26 77 740
311 G 508931 122 121 48 445446 29 75 18 62911 161
312 G 507992 76 211 56 445231 32 42 18 62178 148
313 A 508004 444096 187 188 430 62805 43 37 69 149
314 T 506412 164 444502 278 206 39 60962 59 36 166
315 G 506449 364 266 238 445815 78 66 34 59474 114
316 A 506154 442543 63 137 135 62987 63 21 32 173
317 G 502181 87 119 50 438538 32 83 13 63124 135
318 G 500997 219 89 56 438248 52 60 8 62083 182
319 G 498335 282 96 47 437407 64 39 14 60142 244
320 A 497852 436221 41 23 75 61280 15 10 22 165
321 A 496049 435728 48 39 118 59575 25 43 19 454
322 C 493638 161 43 435577 43 32 14 57624 12 132
323 T 493791 52 434666 193 37 15 58541 54 14 219
324 C 495603 158 146 435059 39 56 38 59939 20 148
325 G 494913 184 96 56 434565 91 34 23 59723 141
326 T 495759 62 433472 208 29 31 61683 36 16 222
327 C 496554 128 71 431430 76 31 25 64614 26 153
328 C 497961 137 28 431043 48 70 32 66416 13 174
329 T 498853 32 431204 68 20 49 67295 15 13 157
330 T 498286 51 430315 98 25 41 67527 39 10 180
331 T 496340 175 428770 143 150 44 66851 27 23 157
332 A 493629 426126 388 85 101 66655 85 26 22 141
333 T 492244 265 423357 250 35 48 68060 43 19 167
334 G 489721 181 136 113 421620 60 56 43 67389 123
335 A 489067 420678 70 61 153 67800 39 23 26 217
336 C 490059 118 167 419409 84 82 41 69954 18 186
337 A 492812 419163 38 22 64 73316 19 9 23 158
338 A 491730 416585 32 13 75 74802 15 11 24 173
339 A 493529 416988 32 19 148 76099 33 9 39 162
340 G 494010 124 190 158 419573 65 60 31 73653 156
341 A 494843 422155 179 47 75 72139 44 15 18 171
342 A 496334 424305 80 151 137 71405 16 49 44 147
343 G 494090 55 123 27 426501 45 41 13 67134 151
344 A 493897 424442 23 31 112 69078 24 12 23 152
345 A 492313 421838 37 28 76 70113 23 17 22 159
346 A 492025 421767 80 56 149 69770 23 11 28 141
347 T 491462 50 418708 73 30 31 72297 22 17 234
348 A 495362 420554 81 30 107 74359 42 18 37 134
349 A 497110 421718 77 189 177 74664 46 37 51 151
350 G 495332 146 224 51 423016 45 76 14 71626 134
351 G 493075 294 132 79 422965 77 35 27 69313 153
352 C 493106 122 129 424566 25 55 86 67922 35 166
353 G 492806 122 111 43 423466 56 39 25 68779 165
354 A 493313 424714 66 163 113 68023 32 38 29 135
355 A 492977 423703 91 15 128 68803 22 13 27 175
356 T 493988 40 424494 82 96 21 69039 21 22 173
357 C 493577 192 69 425621 28 57 38 67407 15 150
358 T 497138 33 426117 106 21 56 70595 20 25 165
359 G 496402 81 102 27 427163 32 48 23 68784 142
360 G 494869 59 77 28 427146 26 24 11 67311 187
361 C 497194 152 228 427648 145 34 74 68714 48 151
362 G 496127 236 235 108 428329 70 62 43 66859 185
363 C 495359 234 164 429654 157 50 48 64882 32 138
364 C 498956 207 214 430010 584 92 66 67452 94 237
365 A 499392 427406 530 145 291 70665 90 29 65 171
366 A 499387 426633 330 131 278 71689 69 30 53 174
367 G 498057 118 265 40 428875 39 48 24 68513 135
368 C 495689 104 127 430434 120 30 35 64647 32 160
369 C 495452 120 185 430522 100 49 46 64246 40 144
370 A 496567 431653 51 42 77 64521 24 25 17 157
371 A 499411 433460 48 32 76 65559 17 20 20 179
372 T 499624 93 434131 85 20 49 65083 25 10 128
373 A 501390 436319 292 136 187 64130 66 34 71 155
374 A 502289 436611 151 209 322 64670 43 55 73 155
375 T 504858 364 437806 172 140 86 66072 38 33 147
376 G 504412 140 214 238 436890 45 83 63 66593 146
377 G 504135 182 204 140 436615 66 45 40 66697 146
378 T 504539 195 437480 229 246 67 65429 69 85 739
379 G 504086 299 247 329 440320 63 69 89 62537 133
380 A 504166 440289 758 350 321 61988 152 67 73 168
381 T 504606 535 440839 300 344 125 62190 61 68 144
382 G 505235 553 554 212 440974 133 128 54 62509 118
383 A 504851 442352 255 691 760 60334 50 103 149 157
384 T 505185 295 442521 423 656 65 60861 89 108 167
385 G 505824 372 182 62 444043 89 45 21 60862 148
386 C 505934 175 218 444397 227 63 80 60543 63 168
387 A 508253 446218 196 92 411 61003 51 27 74 181
388 A 509311 448696 70 335 157 59696 23 60 34 240
389 C 510144 323 285 450028 104 77 65 59070 29 163
390 A 511583 449829 147 128 361 60899 24 22 49 124
391 G 512922 222 232 533 451775 61 69 59 59842 129
392 C 512771 203 86 451620 143 44 46 60478 36 115
393 T 513085 73 450936 540 79 27 61189 84 15 142
394 G 512655 72 129 28 449406 36 43 15 62790 136
395 G 508273 76 74 42 447199 21 23 18 60683 137
396 T 506707 54 446158 138 35 16 59966 31 20 289
397 C 506306 184 70 444507 36 36 19 61341 15 98
398 T 506785 34 443354 108 33 26 63070 23 5 132
399 G 503229 148 162 55 442255 23 38 21 60412 115
400 A 502083 442810 136 38 166 58635 41 9 35 213
401 C 504234 125 66 443317 141 26 21 60357 39 142
402 T 505100 102 442796 305 61 34 61566 58 16 162
403 C 505530 130 74 442338 58 44 32 62709 18 127
404 A 506339 443171 55 33 108 62673 21 16 31 231
405 C 506861 140 81 445416 51 35 39 60959 14 126
406 A 509663 445852 150 207 213 63036 17 37 36 115
407 T 511311 73 447469 104 62 17 63410 23 16 137
408 G 510499 269 420 95 450302 52 97 25 59135 104
409 A 509845 451714 45 25 124 57728 15 15 22 157
410 T 510173 68 450155 83 12 21 59652 15 10 157
411 G 510486 78 121 39 450866 31 50 15 59157 129
412 A 511690 452113 33 28 86 59238 23 17 11 141
413 T 510871 38 453074 80 6 9 57450 16 10 188
414 C 510733 136 108 451191 51 46 27 59044 10 120
415 T 512406 38 451055 120 21 36 60965 22 9 140
416 G 508737 107 99 30 450479 25 50 13 57802 132
417 G 506186 86 88 21 450795 19 26 14 54979 158
418 C 506435 131 132 450659 57 28 32 55208 19 169
419 A 506989 450583 32 27 110 56044 12 2 18 161
420 T 507691 42 450915 100 25 4 56433 13 10 149
421 T 507624 46 451795 91 64 11 55427 18 23 149
422 C 506842 93 57 452001 54 31 13 54414 15 164
423 C 506865 134 80 450753 112 50 28 55516 29 163
424 A 507994 450018 24 13 101 57644 8 9 26 151
425 A 506963 449824 32 21 60 56829 12 8 25 152
426 T 506390 41 449176 66 19 12 56870 24 11 171
427 T 508430 37 449819 127 29 11 58168 36 10 193
428 T 509642 56 449967 94 20 18 59284 23 11 169
429 G 509313 134 170 45 449693 37 76 19 58984 155
430 A 509964 452467 39 21 100 57113 23 10 28 163
431 A 509367 451776 49 24 92 57249 13 18 11 135
432 T 509097 62 449762 87 9 12 58976 25 7 157
433 G 507302 49 123 30 449968 14 64 17 56900 137
434 A 506004 450125 40 5 82 55575 12 5 29 131
435 T 505920 41 448793 108 5 14 56765 25 12 157
436 A 506389 447053 119 24 317 58598 28 8 63 179
437 C 506885 111 75 446761 168 37 26 59527 44 136
438 A 509267 447469 70 230 136 61109 25 42 28 158
439 A 508273 447461 65 19 98 60357 21 21 25 206
440 C 508079 117 57 447330 25 45 47 60312 26 120
441 A 507579 445586 111 19 56 61589 24 8 44 142
442 T 504870 28 442664 68 6 8 61895 42 5 154
443 A 504885 442608 36 14 72 61632 25 67 25 406
444 C 506529 78 155 443233 15 24 40 62810 40 134
445 C 507544 143 51 442222 25 61 17 64822 53 150
446 A 511582 443537 50 17 108 67594 75 15 26 160
447 G 511772 95 130 28 445203 34 49 15 66090 128
448 A 513457 442662 36 131 102 70247 27 77 26 149
449 G 512045 76 95 19 441259 22 73 18 70331 152
450 G 509824 56 71 53 441223 85 25 24 68125 162
451 A 510659 441109 114 15 122 69018 36 13 32 200
452 C 511009 57 70 441766 25 46 28 68840 27 150
453 A 512599 441313 37 39 186 70752 24 19 39 190
454 A 510110 440251 52 237 104 69180 36 40 29 181
455 G 511064 104 51 28 441555 37 46 24 69024 195
456 A 509665 442439 21 39 218 66705 12 15 38 178
457 G 507318 103 160 40 443775 29 55 17 63017 122
458 C 508463 136 74 442727 78 37 23 65227 30 131
459 T 510965 94 443691 159 54 26 66701 44 30 166
460 C 511085 345 159 444692 236 79 47 65271 57 199
461 T 511013 78 446312 83 34 45 64253 26 14 168
462 T 513892 213 446403 219 175 56 66562 52 47 165
463 G 513455 210 176 112 445680 48 48 41 66988 152
464 T 512531 164 443629 217 122 37 68080 35 41 206
465 T 512052 302 441887 160 125 63 69183 92 35 205
466 C 511104 184 127 441621 66 67 64 68831 15 129
467 G 513384 177 100 52 444166 95 87 19 68537 151
468 C 515103 198 153 448967 295 45 39 65239 53 114
469 A 516537 448486 173 123 660 66209 96 81 139 570
470 C 517878 138 637 447867 271 46 129 68547 112 131
471 C 520077 625 283 447378 264 152 120 71018 79 158
472 G 521085 303 199 109 447314 102 114 32 72751 161
473 G 520158 196 156 111 449360 66 49 41 70020 159
474 C 520198 359 262 448447 100 74 85 70700 23 148
475 A 518198 447695 114 43 104 69990 29 19 32 172
476 T 517900 42 446965 95 32 16 70546 32 23 149
477 G 516349 157 137 56 446121 63 51 16 69590 158
478 G 513508 103 151 48 447294 56 38 30 65637 151
479 A 514692 448746 52 25 135 65515 27 18 29 145
480 T 515209 107 449669 126 41 38 64989 36 14 189
481 C 515414 309 225 449186 227 67 64 65134 46 156
482 C 517320 118 160 451132 311 60 47 65226 60 206
483 C 517921 234 290 450791 140 87 69 66132 28 150
484 A 521257 453341 64 178 145 67205 46 43 67 168
485 G 520983 112 164 56 454533 40 58 26 65862 132
486 G 520280 163 157 83 455667 68 49 23 63903 167
487 A 519615 454267 168 33 164 64707 43 12 35 186
488 T 520628 56 455204 106 39 22 64989 18 34 160
489 G 519748 210 166 113 456109 40 41 34 62902 133
490 T 519920 182 455851 113 383 46 62862 35 98 350
491 G 519092 248 187 371 454776 51 57 64 63200 138
492 C 519036 215 162 453599 156 62 34 64620 46 142
493 T 521992 158 452194 119 193 42 68991 46 63 186
494 C 523433 191 55 450980 119 99 20 71745 28 196
495 T 524992 111 450500 242 66 74 73784 38 36 141
496 C 525645 273 92 450125 68 96 31 74800 22 138
497 T 527424 91 451436 151 29 93 75395 55 28 146
498 G 524859 185 328 74 452492 66 91 55 71424 144
499 A 524496 453861 131 31 82 70078 53 25 76 159
500 T 527035 53 456607 97 20 41 69982 63 12 160
501 G 528221 160 136 40 455810 69 43 49 71767 147
502 C 528684 165 142 457852 103 47 85 70130 30 130
503 A 528471 457951 49 104 226 69829 52 25 65 170
504 G 526247 180 169 57 458050 44 91 20 67486 150
505 G 523291 80 105 23 456595 24 62 29 66215 158
506 G 524056 73 86 51 456775 24 39 23 66845 140
507 T 524084 75 457121 128 306 32 65854 52 87 429
508 T 521777 56 458110 82 24 33 63254 28 18 172
509 C 522586 107 136 459558 45 58 120 62411 10 141
510 G 523162 271 141 55 459187 150 35 32 63156 135
511 A 523085 459139 124 31 119 63170 54 30 38 380
512 C 525202 99 51 462308 87 43 23 62418 19 154
513 T 527048 278 461506 175 25 62 64730 42 19 211
514 C 525848 178 170 460751 58 56 43 64425 24 143
515 T 526725 56 459867 138 27 69 66324 41 8 195
516 C 527802 234 158 459731 120 56 49 67233 25 196
517 C 531109 157 114 460837 129 96 32 69525 22 197
518 C 533322 255 79 462727 43 106 30 69904 13 165
519 T 534888 214 461870 259 151 83 72101 45 28 137
520 A 534291 458792 61 54 111 75047 26 27 24 149
521 G 533170 50 140 47 458779 22 81 36 73864 151
522 G 533194 117 97 70 459857 53 33 24 72803 140
523 A 532775 458917 38 65 103 73366 27 20 33 206
524 G 533964 230 109 25 460121 50 47 34 73219 129
525 G 533541 108 61 37 460966 40 51 16 72130 132
526 T 535801 56 461767 80 65 31 73191 67 67 477
527 C 536882 102 44 463419 39 40 14 73077 24 123
528 T 540101 71 467337 272 20 31 72172 51 10 137
529 G 541016 80 87 40 468567 34 84 11 71963 150
530 G 542880 72 84 27 471581 26 68 16 70850 156
531 A 543644 474200 44 28 172 68881 18 11 92 198
532 G 544538 188 151 294 475725 80 38 61 67885 116
533 C 547191 171 199 478687 171 53 40 67698 37 135
534 T 550602 231 482237 342 116 50 67380 47 29 170
535 G 550961 191 164 35 485140 35 49 16 65167 164
536 C 552499 132 112 483973 51 41 49 67990 14 137
537 A 554724 483493 76 53 616 70147 59 13 95 172
538 G 553974 58 77 21 485901 5 37 12 67703 160
539 G 552934 67 97 10 485452 24 22 19 67098 145
540 C 553619 122 162 484243 115 37 50 68667 30 193
541 G 555962 193 189 222 484108 49 55 65 70949 132
542 C 557591 263 66 484981 134 68 21 71851 46 161
543 T 560444 189 487611 341 140 47 71850 61 35 170
544 G 561570 231 142 199 487007 59 46 47 73724 115
545 C 564234 326 251 487406 57 76 52 75920 23 123
546 A 567554 488487 88 294 196 78156 42 75 36 180
547 G 568891 126 163 56 489722 32 43 26 78598 125
548 T 569662 68 490701 108 53 37 78376 92 31 196
549 C 572219 164 106 493947 93 58 101 77587 19 144
550 A 574479 493944 69 41 113 79971 31 91 36 183
551 A 577719 498106 53 32 113 79098 35 70 22 190
552 A 578731 501198 61 63 378 76698 34 25 75 199
553 G 580613 90 123 55 500186 39 60 29 79891 140
554 G 580042 91 112 57 499046 84 40 31 80433 148
555 A 581882 500936 102 40 141 80302 42 57 47 215
556 G 580566 259 129 88 502674 64 42 58 77126 126
557 T 579985 92 504112 206 32 35 74951 54 38 465
558 T 584607 133 509864 137 111 26 74050 47 47 192
559 G 585004 106 127 39 511623 37 93 30 72765 184
560 G 584631 109 100 146 513745 30 54 36 70241 170
561 G 584876 143 124 133 515538 52 29 32 68639 186
562 A 585698 514568 142 30 177 70396 33 16 43 293
563 C 586890 100 101 515959 51 32 32 70432 25 158
564 A 587884 516383 81 168 152 70809 35 26 30 200
565 A 588450 518013 319 107 250 69420 63 30 61 187
566 T 591339 202 521576 205 304 24 68750 38 61 179
567 G 590981 274 404 159 523413 48 101 40 66383 159
568 G 589887 310 142 46 524050 66 45 17 65057 154
569 T 590726 73 521871 419 371 47 66392 81 180 1292
570 G 590341 174 224 429 524846 47 62 76 64325 158
571 A 590261 524470 175 63 121 65133 32 35 24 208
572 T 590450 102 523938 82 70 20 65990 35 17 196
573 G 591978 115 111 102 525659 57 76 25 65657 176
574 G 591086 81 132 39 523735 36 40 21 66835 167
575 A 591735 522223 54 39 165 68961 36 8 49 200
576 G 592005 142 118 38 522671 40 58 16 68773 149
577 T 592251 129 524838 121 164 50 66392 31 59 467
578 T 593970 63 525890 195 109 20 67456 33 24 180
579 G 592859 189 327 106 527547 38 80 31 64373 168
580 A 593866 529142 83 87 238 64023 21 23 35 214
581 T 595416 42 529291 121 37 22 65678 21 19 185
582 A 597922 527228 57 87 229 70057 35 14 30 185
583 A 600052 527816 45 137 87 71670 48 29 23 197
584 G 601224 82 171 52 530496 19 99 36 70089 180
585 G 599966 124 121 78 529704 30 42 27 69690 150
586 A 600985 530355 72 255 222 69825 26 41 31 158
587 T 603440 289 532207 118 114 38 70433 28 22 191
588 G 602841 109 163 73 533317 24 67 22 68932 134
589 A 603160 533699 78 21 164 68942 20 9 30 197
590 T 603602 84 533467 157 43 28 69583 24 13 203
591 C 604284 173 93 532167 27 69 37 71525 22 171
592 A 607181 533190 28 18 73 73622 12 14 33 191
593 A 607407 534385 21 10 94 72646 7 9 21 214
594 A 605888 531841 18 50 107 73587 10 26 27 222
595 C 606185 183 91 531403 44 59 49 74173 25 158
596 G 605723 150 128 50 533229 23 43 40 71913 147
597 T 607631 30 535746 227 147 25 71012 58 54 332
598 G 606983 140 139 17 535679 39 91 20 70660 198
599 G 607122 96 133 48 535292 24 83 35 71233 178
600 G 607232 235 124 40 533939 43 46 26 72597 182
601 A 608224 535355 80 46 217 72259 23 12 50 182
602 T 608116 56 535310 234 25 25 72218 36 14 198
603 C 605116 168 108 531292 107 55 55 73124 31 176
604 A 604535 531326 127 177 164 72455 22 37 42 185
605 A 605106 530369 245 152 141 73891 62 36 28 182
606 T 606797 218 530624 170 59 49 75392 61 22 202
607 G 608292 79 145 43 533832 28 67 30 73940 128
608 A 607598 535074 59 21 79 72096 36 13 21 199
609 T 605834 58 533472 83 30 21 71982 18 11 159
610 C 606803 202 122 534245 32 84 96 71834 21 167
611 G 608641 144 114 33 534944 102 116 20 73003 165
612 G 606435 142 122 107 534759 34 43 27 71031 170
613 A 606960 533981 272 26 157 72172 55 16 34 247
614 A 608686 531303 91 52 364 76454 22 25 60 315
615 C 610019 103 139 529747 37 28 46 79745 17 157
616 T 610762 31 529051 151 40 15 81227 37 16 194
617 T 608600 44 528007 71 13 21 80216 31 10 187
618 C 607862 113 61 528464 32 38 27 78959 17 151
619 T 608069 61 524457 157 13 31 83143 39 13 155
620 G 606383 114 139 38 524380 39 146 17 81342 168
621 G 603376 80 119 54 524011 26 46 18 78852 170
622 A 603110 522723 65 53 129 79856 53 14 42 175
623 G 603508 74 110 43 522511 21 51 22 80527 149
624 A 603046 521347 59 37 206 81063 34 19 46 235
625 G 602878 94 123 33 524481 23 49 10 77901 164
626 G 600866 100 63 29 524630 28 28 14 75814 160
627 T 603723 77 523476 247 65 45 78201 66 116 1430
628 G 607223 84 139 28 528110 60 38 16 78608 140
629 A 607834 528678 47 21 133 78686 23 6 31 209
630 A 607844 530212 56 29 130 77171 22 10 20 194
631 A 607204 527680 920 941 1013 75980 147 151 167 205
632 A 606993 527239 1307 1111 760 75859 218 187 123 189
633 T 607930 848 528645 388 1199 148 76227 87 199 189
634 G 605945 126 149 46 532373 23 108 17 72942 161
635 G 606036 98 115 81 530452 27 47 17 75022 177
636 A 606446 528966 142 53 217 76742 34 20 59 213
637 C 608832 146 165 530264 35 64 50 77893 18 197
638 G 610273 155 133 23 529910 56 32 28 79768 168
639 A 610578 529937 59 28 400 79846 20 14 86 188
640 A 611629 529801 100 143 124 81160 30 29 34 208
641 A 611070 526553 111 43 210 83878 35 21 29 190
642 A 610793 526116 148 86 193 83944 37 24 39 206
643 A 608682 524520 40 167 341 83298 14 37 80 185
644 C 609503 89 74 525813 276 70 17 82924 56 184
645 A 611515 526443 233 147 223 84179 66 35 28 161
646 A 611430 524745 53 116 126 86085 46 39 32 188
647 G 608680 96 124 36 522233 30 77 27 85897 160
648 G 608474 192 91 28 522652 65 31 15 85233 167
649 A 607556 520789 192 76 233 85964 37 16 72 177
650 G 605266 234 278 165 519680 72 61 49 84584 143
651 T 605396 177 518005 208 150 93 85910 74 126 653
652 G 604462 335 141 38 518742 79 80 19 84873 155
653 C 601851 131 54 517411 36 72 40 83919 25 163
654 T 604844 52 519091 90 26 29 85322 31 19 184
655 T 608096 19 522221 98 10 59 85452 46 14 177
656 A 608200 522883 62 9 67 84944 22 26 30 157
657 C 608592 124 90 523804 53 55 150 84163 19 134
658 G 610127 122 125 28 526349 37 75 14 83229 148
659 A 609626 526177 45 17 132 82972 67 11 28 177
660 G 608788 70 110 41 529119 15 34 20 79224 155
661 A 609801 529371 46 11 84 80055 33 16 24 161
662 G 608051 128 105 32 529234 40 39 18 78304 151
663 A 604830 524175 33 7 95 80268 27 10 26 189
664 A 602995 522006 201 16 184 80314 46 10 42 176
665 T 600324 175 517530 90 126 42 82127 25 39 170
666 G 598370 164 154 233 517031 48 43 57 80467 173
667 T 596470 88 516633 123 12 44 79176 29 13 352
668 G 593943 101 126 25 514136 26 48 15 79272 194
669 C 590921 106 161 512508 50 51 65 77792 22 166
670 A 590493 511207 43 15 103 78885 22 15 15 188
671 A 591366 512237 75 11 65 78698 21 16 22 221
672 C 591373 113 48 513020 43 54 18 77888 25 164
673 A 592178 512505 64 117 101 79160 24 32 28 147
674 T 593150 50 515130 112 16 17 77630 23 5 167
675 T 593990 33 514541 106 41 18 79005 29 13 204
676 C 593509 108 48 515570 23 49 21 77535 8 147
677 T 592611 60 513432 104 8 35 78744 32 10 186
678 C 591535 132 69 512586 39 46 32 78424 17 190
679 A 593251 513191 20 11 93 79684 32 19 18 183
680 A 591744 512338 48 20 78 79023 26 18 21 172
681 A 589227 509952 24 15 158 78823 16 7 46 186
682 G 588478 67 99 30 508158 38 56 18 79847 165
683 G 586598 89 99 41 506571 50 41 21 79523 163
684 A 582698 505474 46 17 193 76713 17 11 42 185
685 A 580882 505689 25 10 102 74843 17 4 28 164
686 A 579722 503781 26 17 84 75591 14 16 24 169
687 A 576210 502837 65 8 71 72987 20 9 25 188
688 T 575029 32 502241 105 33 20 72358 21 5 214
689 T 574553 29 502767 85 16 12 71392 24 12 216
690 T 571527 65 500565 112 54 16 70465 44 21 185
691 C 569351 238 88 499097 97 177 48 69208 31 367
692 A 567413 498342 163 122 364 68125 53 38 42 164
693 A 564565 496464 57 130 280 67359 15 26 50 184
694 A 562522 494155 60 191 68 67745 25 49 20 209
695 C 561133 220 101 492420 67 64 38 68042 26 155
696 A 559694 490758 72 149 98 68410 24 28 24 131
697 G 557736 449 200 113 489405 80 64 32 67282 111
698 C 555547 174 143 488566 53 43 37 66371 23 137
699 T 553510 130 487491 206 82 32 65301 41 24 203
700 G 550550 168 250 390 484668 54 67 73 64725 155
701 C 548531 157 85 484251 86 57 20 63650 28 197
702 A 546894 481591 405 124 242 64152 74 42 31 233
703 C 544431 99 89 478871 34 428 27 63251 22 1610
704 A 544213 478337 28 24 105 65498 21 18 15 167
705 A 540665 475386 66 28 160 64753 22 11 30 209
706 A 538910 474780 37 41 133 63603 44 11 53 208
707 G 536225 209 120 35 473781 38 40 11 61839 152
708 G 530298 185 71 38 470525 29 17 16 59206 211
709 G 527449 244 151 51 468975 46 44 34 57719 185
710 C 525635 124 194 468873 307 107 51 55577 60 342
711 A 523307 467168 225 160 257 55220 42 21 42 172
712 A 519443 463429 115 174 171 55294 28 33 30 169
713 T 515749 95 460180 109 133 24 55021 26 25 136
714 G 511570 143 335 152 457616 46 52 29 53076 121
715 A 507378 453875 73 44 240 52954 12 7 31 142
716 T 503988 57 451620 158 51 17 51849 27 37 172
717 G 501756 137 135 103 449986 25 38 20 51184 128
718 G 498465 132 103 20 447888 54 27 9 50085 147
719 A 493042 443363 40 43 227 49176 14 8 31 140
720 T 489932 99 440428 228 164 13 48783 40 30 147
721 C 486480 105 48 436218 38 78 6 49769 20 198
722 A 482824 430205 54 20 104 52268 21 3 20 129
723 A 477798 424221 29 13 100 53231 14 4 30 156
724 G 474534 132 129 37 420386 28 19 5 53698 100
725 T 470598 83 416405 155 54 51 53378 27 22 423
726 G 467032 129 224 89 413823 34 34 24 52544 131
727 A 462959 411125 117 256 187 51048 22 27 27 150
728 G 456558 230 166 156 407467 30 28 21 48355 105
729 A 453842 405173 233 120 375 47705 32 18 49 137
730 G 448904 100 89 26 400264 34 15 7 48157 212
731 A 444543 395760 31 27 104 48425 10 15 21 150
732 A 438025 389604 25 61 158 47989 5 13 32 138
733 A 433980 385517 53 148 365 47657 14 19 54 153
734 G 429812 49 81 235 382120 16 24 27 47142 118
735 T 427378 243 379366 110 163 62 47082 26 35 291
736 C 422476 161 88 374226 31 38 27 47794 11 100
737 G 416308 211 69 37 369221 54 18 10 46537 151
738 G 411821 187 128 40 366232 35 16 10 44991 182
739 A 407750 362880 146 54 93 44387 28 7 17 138
740 A 403092 356171 82 79 217 43921 19 307 30 2266
741 C 397553 91 224 353052 45 15 32 43948 18 128
742 C 391260 70 75 346944 27 30 17 43930 7 160
743 C 386074 121 73 341429 68 42 14 44151 23 153
744 A 382675 336820 59 67 178 45394 10 10 27 110
745 G 376795 62 90 28 331995 9 7 8 44485 111
746 G 371206 47 61 27 326439 40 11 4 44275 302
747 A 365905 322826 58 13 70 42791 10 2 17 118
748 A 362500 318806 63 32 126 43305 8 12 28 120
749 A 359602 314960 66 45 87 44275 23 4 18 124
750 T 356748 67 311755 89 50 19 44601 14 22 131
751 G 351651 78 77 15 307609 26 13 11 43734 88
752 C 346831 84 60 305672 15 34 15 40832 11 108
753 T 341990 13 300574 86 40 21 41124 18 13 101
754 G 339149 51 56 18 297646 40 22 5 41234 77
755 A 334020 292943 27 8 58 40850 11 9 20 94
756 G 328609 51 67 20 288437 16 18 7 39916 77
757 A 324055 286308 18 4 68 37535 13 2 7 100
758 T 319416 20 281081 43 7 7 38137 7 10 104
759 C 314914 98 69 275934 16 58 12 38641 17 69
760 G 309485 66 47 17 269997 78 22 3 39157 98
761 A 304016 266354 16 3 34 37492 2 1 9 105
762 A 300967 260926 11 2 64 39835 5 4 22 98
763 G 295120 34 38 13 253425 16 14 6 41492 82
764 A 289850 248312 17 8 38 41373 9 5 11 77
765 T 284788 13 244031 50 5 10 40580 13 9 77
766 C 280052 42 67 239422 29 22 16 40373 5 76
767 T 277508 27 234723 65 37 41 42489 11 16 99
768 C 272501 109 98 228884 21 43 26 43232 17 71
769 A 266949 223764 33 70 42 42819 9 10 9 193
770 T 263641 38 220180 44 5 8 43267 11 6 82
771 C 260606 63 76 216269 30 55 20 43733 9 351
772 T 256740 19 209521 57 2 49 46999 15 9 69
773 T 251926 18 204549 34 9 16 47219 8 9 64
774 T 247235 17 201742 49 9 14 45286 21 10 87
775 C 243549 69 43 198658 88 39 18 44543 28 63
776 T 240308 29 196085 46 22 43 43942 13 18 110
777 G 233790 50 137 26 191932 26 27 7 41515 70
778 G 227312 57 79 8 189030 19 16 10 38019 74
779 C 221476 60 96 183794 25 25 27 37360 11 78
780 A 217329 179788 29 43 70 37171 10 11 30 177
781 C 213675 45 54 176325 5 20 18 37098 8 102
782 G 209230 46 35 3 172855 16 12 2 36202 59
783 G 203892 36 13 36 168260 16 6 8 35457 60
784 T 200625 16 163697 29 11 15 36710 11 13 123
785 C 196750 40 25 160450 14 32 8 36143 7 31
786 T 192786 10 156716 80 6 31 35862 16 6 59
787 G 186250 331 56 5 151682 119 14 6 33986 51
788 C 180747 50 55 147551 138 20 14 32848 33 38
789 A 176420 140990 69 50 64 34664 23 15 19 526
790 C 171898 72 29 136927 35 36 12 34736 10 41
791 T 168221 34 131883 47 13 21 36142 20 4 57
792 C 164005 48 29 127575 56 33 9 36176 27 52
793 A 160756 120858 19 51 128 39579 13 21 52 35
794 T 155771 10 116724 30 14 13 38908 19 12 41
795 A 149852 111496 81 81 68 37960 32 32 32 70
796 T 145710 40 105022 41 45 18 40464 18 27 35
797 T 142862 16 100947 29 12 16 41772 13 7 50
798 G 139974 34 55 35 98945 24 24 19 40811 27
799 A 136344 96310 13 41 13 39868 5 26 16 52
800 G 133654 103 18 10 94067 48 17 9 39351 31
801 A 129804 89819 18 15 92 39674 8 10 62 106
802 G 125186 41 72 11 86792 19 50 13 38161 27
803 G 121722 13 21 77 83691 30 21 43 37795 31
804 G 116233 25 10 36 80474 16 18 28 35584 42
805 T 112244 25 77267 17 40 34 34726 24 46 65
806 C 107626 19 15 73193 15 31 12 34305 15 21
807 A 103150 69387 27 33 26 33603 10 24 20 20
808 G 98012 16 10 10 65556 12 17 12 32349 30
809 T 93545 10 59764 15 4 35 33673 12 3 29
810 T 90773 6 56118 21 8 26 34548 16 7 23
811 G 84906 15 8 4 52119 39 14 18 32676 13
812 C 81529 16 15 50443 14 19 12 30961 27 22
813 T 78971 7 45158 23 6 37 33673 20 16 31
814 C 76207 7 13 41322 7 29 20 34781 15 13
815 A 73903 39416 5 7 9 34405 11 13 23 14
816 C 70850 8 13 38465 2 58 11 32103 11 179
817 A 68230 36158 5 4 3 32018 10 4 20 8
818 A 65707 32788 9 3 8 32863 9 3 13 11
819 A 63044 31464 8 6 8 31462 39 10 13 34
820 T 60201 15 29955 7 5 29 30161 15 5 9
821 C 57048 8 2 25961 5 28 47 30901 21 75
822 T 54350 9 23177 5 3 28 31088 20 11 9
823 T 50945 8 22691 6 10 13 28173 12 18 14
824 G 47044 7 7 10 21162 22 31 10 25766 29
825 T 44229 22 20247 15 3 22 23870 22 8 20
826 C 41761 9 4 18470 1 30 19 23200 14 14
827 T 40293 5 17012 1 2 54 22967 58 47 147
828 G 36738 1 1 0 15127 30 8 470 20466 635
829 C 35014 22 36 15346 18 16 20 19542 8 6
830 C 34998 24 23 14611 33 37 13 20236 15 6
831 C 37364 51 53 14426 34 65 23 22683 22 7
832 G 37902 50 27 14 13992 102 24 72 23532 89
833 C 37157 39 36 13167 56 14 19 23802 15 9
834 C 38530 117 44 12562 54 46 345 24925 44 393
835 T 40379 0 12824 53 5 20 27368 21 50 38
836 G 39372 4 10 3 11662 16 32 14 27614 17
837 T 39584 8 12144 28 2 10 27265 21 62 44
838 G 41097 7 11 0 13252 14 47 6 27718 42
839 T 42268 1 14304 3 9 15 27864 17 27 28
840 G 43558 11 4 10 15464 27 131 17 27761 133
841 T 43972 4 16992 4 5 33 26886 16 16 16
842 A 44438 18202 5 2 6 26046 65 5 32 75
843 T 46146 5 18989 2 2 13 25229 12 855 1039
844 G 48657 13 15 7 22502 10 65 8 26037 0
845 G 51014 10 8 50 25298 42 46 129 25251 180
846 A 52830 15774 40 10 48 16978 64 7218 43 12655
847 C 55625 186 352 30759 577 62 114 23378 190 7
848 C 59569 128 473 34229 445 96 96 24013 84 5
849 T 64409 188 38208 494 451 95 24730 168 70 5
850 G 67089 70 53 53 42345 30 18 17 24493 10
851 C 69864 46 117 44843 17 10 101 24713 5 12
852 C 73930 116 84 47132 46 33 42 26453 10 14
853 G 77429 15 48 9 48808 12 37 10 28483 7
854 T 81926 10 51650 18 18 9 30186 18 6 11
855 A 86260 53510 35 11 32 32611 22 12 15 12
856 G 91823 5 14 13 57563 7 20 9 34183 9
857 C 96479 17 14 60277 62 9 19 36049 17 15
858 C 100475 17 12 63011 31 15 16 37337 18 18
859 A 104304 65162 13 14 6 39054 13 14 13 15
860 G 107825 10 8 15 68635 11 18 43 39079 6
861 T 111047 16 71523 7 0 11 39458 18 2 12
862 G 114523 13 13 2 75451 9 31 8 38979 17
863 G 116513 8 15 6 79909 9 26 7 36514 19
864 C 120631 30 14 84993 8 4 10 35534 10 28
865 T 126949 49 89785 80 4 27 36939 46 7 12
866 A 131124 94351 46 12 47 36576 35 12 23 22
867 C 135675 53 69 99924 20 43 73 35452 15 26
868 G 141791 23 14 6 105056 23 35 17 36598 19
869 A 146504 110338 10 2 29 36029 23 9 24 40
870 C 151824 30 28 115543 13 28 32 36104 7 39
871 T 156913 4 119053 27 6 2 37758 28 1 34
872 T 158971 13 122562 32 8 10 36267 27 8 44
873 C 163825 39 53 127673 15 20 46 35948 10 21
874 G 169112 53 41 33 131727 51 25 31 37115 36
875 A 174445 133722 76 65 61 40377 22 35 40 47
876 A 179624 137582 27 100 82 41732 20 21 31 29
877 A 185550 141191 11 13 38 44217 13 4 11 52
878 A 191470 143711 17 44 33 47568 19 19 19 40
879 A 196345 148319 17 17 99 47771 36 12 22 52
880 G 200736 238 139 164 153877 88 79 54 46058 39
881 A 204881 157046 33 260 152 47140 47 81 63 59
882 G 206835 70 250 190 160901 19 125 75 45144 61
883 G 210583 22 24 6 167812 12 53 10 42600 44
884 G 214118 40 29 9 172535 18 26 14 41397 50
885 A 218298 178233 21 4 38 39911 9 6 11 65
886 T 222743 17 182852 33 7 11 39758 8 3 54
887 A 227219 185693 17 7 28 41132 47 39 30 226
888 C 233221 47 31 191786 11 21 12 41274 2 37
889 T 237763 32 196776 29 5 5 40824 24 7 61
890 C 243873 62 17 203802 19 15 18 39888 3 49
891 T 248285 24 209396 51 13 3 38714 16 5 63
892 T 251389 27 214788 31 5 4 36451 13 4 66
893 T 257931 6 222349 32 13 7 35441 9 5 69
894 A 262702 227588 22 9 71 34899 34 7 8 64
895 G 267071 24 59 13 231775 11 17 12 35119 41
896 T 272863 31 236805 40 11 6 35802 13 7 148
897 G 276798 40 49 81 240101 10 43 23 36392 59
898 G 281530 33 51 25 243649 7 45 8 37641 71
899 G 285221 57 49 21 246071 12 34 16 38892 69
900 A 287595 249309 41 32 69 38019 18 6 13 88
901 A 290972 253659 119 193 78 36756 24 30 20 93
902 T 295778 129 258402 112 210 22 36785 25 27 66
903 A 300156 263372 141 87 170 36217 69 20 20 60
904 G 304534 67 103 73 269818 18 40 25 34339 51
905 A 309832 275557 24 177 101 33699 24 29 23 198
906 C 315610 67 139 281842 68 21 19 33350 17 87
907 C 321244 75 56 286266 18 12 29 34690 6 92
908 C 325732 64 30 291140 37 10 13 34346 7 85
909 T 328524 54 294478 106 33 5 33691 33 23 101
910 T 331628 65 297704 82 80 13 33527 29 16 112
911 T 334709 56 302653 118 32 10 31702 20 11 107
912 C 338155 109 92 304119 111 23 43 33542 26 90
913 A 344396 308656 42 95 104 35337 24 27 24 87
914 A 349035 311268 71 37 144 37337 28 8 35 107
915 A 353666 315196 67 69 133 38005 35 14 25 122
916 C 359426 89 64 319922 33 24 21 39187 12 74
917 T 365649 56 325710 80 40 10 39612 31 11 99
918 G 371162 184 102 13 331702 30 43 19 38986 83
919 C 376551 104 53 336168 44 13 19 40039 17 94
920 T 381920 119 341396 71 32 12 40136 24 11 119
921 T 386887 87 346315 96 126 12 40062 29 12 148
922 C 391879 195 457 351326 249 18 78 39408 31 117
923 A 396418 355325 199 187 542 39894 56 31 62 122
924 A 401118 359901 176 430 313 40065 28 64 38 103
925 A 405871 363870 178 166 601 40779 35 23 94 125
926 A 410229 367566 258 325 806 40877 54 49 115 179
927 C 414167 229 159 372858 504 49 34 40153 79 102
928 A 419355 378561 450 38 340 39732 70 16 38 110
929 G 423866 373 159 431 383646 60 33 45 39001 118
930 C 427300 273 283 386249 139 36 33 40136 31 120
931 C 431317 635 265 389622 76 80 31 40480 15 113
932 A 436204 395248 58 213 820 39607 16 22 83 137
933 A 441025 400079 203 173 501 39849 25 29 34 132
934 G 444717 215 126 91 405607 26 23 17 38518 94
935 T 449715 48 410839 118 43 6 38404 22 7 228
936 A 453750 414813 102 102 163 38397 21 22 18 112
937 T 458923 69 420236 111 60 5 38293 12 5 132
938 A 463324 425967 106 52 142 36832 19 8 24 174
939 C 468135 160 426 429476 50 13 45 37833 13 119
940 A 473925 434346 208 33 214 38927 38 11 22 126
941 G 476387 71 181 117 437085 7 40 11 38764 111
942 C 480732 141 210 441515 37 11 30 38644 10 134
943 C 485197 134 263 445240 90 14 33 39266 10 147
944 T 489454 75 447629 122 43 3 41432 15 7 128
945 A 493184 451441 77 60 252 41135 20 13 26 160
946 A 497776 457582 114 50 92 39766 13 9 17 133
947 T 501896 60 461527 68 94 8 39978 4 12 145
948 C 505811 169 147 463623 89 27 24 41587 14 131
949 A 509289 464390 42 36 181 44454 25 8 19 134
950 G 513141 81 131 33 468469 8 38 7 44232 142
951 A 514670 469459 45 31 158 44699 14 13 18 233
952 C 519429 169 176 472346 228 37 38 46270 24 141
953 C 523623 289 238 474799 149 63 65 47872 13 135
954 G 527172 463 241 407 477796 61 60 48 47988 108
955 A 531178 481969 128 167 510 48135 15 18 84 152
956 A 534173 483484 176 173 595 49389 29 38 80 209
957 C 537335 311 442 485470 424 69 144 50297 41 137
958 G 539648 86 136 27 491014 15 51 15 48179 125
959 A 543127 494424 48 7 94 48315 35 14 27 163
960 G 545072 185 111 31 495396 24 29 26 49123 147
961 A 547841 495133 71 205 239 51913 27 43 34 176
962 A 550344 495622 194 78 310 53903 27 20 38 152
963 T 552458 215 497544 140 97 32 54190 33 13 194
964 C 554822 206 63 499734 181 28 18 54408 36 148
965 C 558112 166 94 500433 149 43 31 56991 34 171
966 A 559068 498158 132 93 346 60059 36 28 46 170
967 G 559942 228 335 223 499550 41 60 48 59292 165
968 C 563059 308 395 502943 234 48 80 58864 42 145
969 A 563963 503961 185 169 359 58868 48 45 62 266
970 C 565129 123 78 505176 25 26 21 59508 13 159
971 A 566188 505253 109 33 86 60411 24 17 23 232
972 C 566764 155 127 505656 39 37 53 60507 14 176
973 A 568788 505246 14 8 115 63182 13 10 32 168
974 A 570768 506796 24 8 122 63558 39 13 20 188
975 G 571225 63 118 32 506202 32 33 8 64561 176
976 A 571196 506465 39 2 79 64361 29 7 15 199
977 G 569751 92 61 15 507354 11 18 22 62027 151
978 T 568693 48 505275 83 8 39 62700 17 24 499
979 C 569602 88 66 503975 29 31 18 65235 15 145
980 A 570413 503261 46 21 131 66757 24 9 28 136
981 G 567481 96 148 42 501005 20 34 11 65988 137
982 C 568085 370 237 499035 96 72 31 68085 23 136
983 T 569770 98 498892 88 66 22 70421 18 17 148
984 G 567870 304 234 132 496217 57 59 30 70689 148
985 G 565425 92 73 61 496117 26 25 14 68865 152
986 T 564998 50 494567 107 56 50 69257 30 71 810
987 G 564986 206 236 69 495955 33 68 15 68264 140
988 T 567527 61 498786 84 33 15 68171 21 39 317
989 G 567709 112 151 37 499389 33 54 29 67736 168
990 G 567671 95 131 53 499068 34 80 16 68009 185
991 A 567276 495888 118 104 156 70730 39 32 35 174
992 T 568020 101 494020 115 22 27 73493 29 36 177
993 G 565924 153 119 71 494343 34 73 37 70933 161
994 G 565209 133 207 29 496041 51 71 18 68504 155
995 C 565620 159 106 497261 70 47 41 67740 24 172
996 A 566014 497563 102 86 167 67844 27 20 36 169
997 T 565788 165 497605 160 104 36 67463 44 21 190
998 G 565115 152 212 127 500521 38 47 26 63862 130
999 C 564480 130 428 499574 91 52 54 63959 31 161
1000 A 565632 497118 268 29 137 67785 42 17 27 209
1001 A 566296 496294 55 90 251 69347 28 21 33 177
1002 T 565799 52 494553 108 44 24 70757 42 9 210
1003 T 565919 66 493776 78 93 24 71611 22 36 213
1004 C 565973 143 57 492161 81 47 21 73287 31 145
1005 T 566658 93 490105 161 123 72 75872 47 24 161
1006 G 564269 357 208 31 487905 65 75 67 75416 145
1007 C 563370 150 134 489325 134 86 34 73328 28 151
1008 T 564647 144 486360 281 130 36 77390 108 28 170
1009 G 565887 95 162 35 485901 46 69 63 79367 149
1010 C 566936 123 79 487271 67 86 21 79128 24 137
1011 A 567714 487617 59 30 129 79615 33 22 59 150
1012 T 567541 37 486886 72 65 19 80234 41 35 152
1013 T 569572 48 486421 91 66 36 82665 37 18 190
1014 T 569071 59 486071 211 41 27 82435 31 16 180
1015 G 565003 53 140 35 486069 40 70 24 78422 150
1016 A 565857 486707 34 11 107 78700 36 10 33 219
1017 A 565555 487257 47 33 218 77747 39 13 41 160
1018 G 562437 107 111 35 485242 30 45 11 76732 124
1019 A 561559 484266 52 22 80 76909 17 15 33 165
1020 T 559548 41 483676 69 16 20 75520 20 15 171
1021 C 558554 99 53 483009 96 55 17 75049 25 151
1022 T 562411 35 484161 121 25 53 77830 24 19 143
1023 A 562660 483605 16 57 119 78617 22 16 35 173
1024 A 561854 483827 59 150 194 77336 41 34 40 173
1025 G 559688 164 115 94 482484 37 59 39 76558 138
1026 A 558406 483485 90 27 213 74307 32 11 50 191
1027 G 556602 131 127 111 484338 37 28 28 71663 139
1028 T 556177 56 481499 69 7 41 73463 23 48 971
1029 A 555009 483240 108 16 154 71258 41 11 42 139
1030 T 555764 72 481733 119 25 17 73602 24 16 156
1031 T 557026 75 483250 87 28 31 73335 23 16 181
1032 A 561226 483803 71 75 160 76866 28 15 31 177
1033 A 562758 482714 103 42 163 79460 34 18 52 172
1034 G 564559 93 106 114 483859 41 53 37 80124 132
1035 C 565428 151 143 485231 117 74 42 79509 36 125
1036 T 566247 108 486255 135 137 38 79302 32 53 187
1037 T 566940 73 488027 90 98 25 78384 39 31 173
1038 C 564718 181 194 488522 97 53 54 75460 28 129
1039 A 564255 488277 90 20 130 75503 21 18 32 164
1040 T 562312 56 485151 71 45 35 76768 26 10 150
1041 C 563843 140 122 482604 56 83 52 80612 16 158
1042 A 565583 479782 39 29 120 85355 66 16 33 143
1043 G 562955 81 125 47 479913 41 67 11 82517 153
1044 A 564776 481043 36 9 168 83214 78 32 51 145
1045 G 564367 52 76 18 482650 41 76 13 81279 162
1046 G 560746 84 69 26 482827 35 59 11 77452 183
1047 G 563087 183 138 17 487710 28 49 28 74746 188
1048 A 563223 487152 263 98 546 74675 65 22 112 290
1049 C 565513 137 238 488373 461 39 55 75928 116 166
1050 C 569688 229 207 489073 404 106 29 79384 95 161
1051 A 574378 491585 59 56 72 82371 25 21 17 172
1052 A 574401 491144 71 15 66 82842 46 8 19 190
1053 A 573449 490083 68 49 177 82778 57 11 60 166
1054 G 570566 119 53 162 489418 45 51 45 80522 151
1055 T 570763 53 488700 81 28 69 81340 23 52 417
1056 A 570106 489890 100 41 92 79717 82 9 30 145
1057 T 571656 112 492850 457 20 58 77819 109 12 219
1058 C 573334 89 185 493720 65 34 85 78968 19 169
1059 C 575178 106 154 493716 57 66 45 80817 38 179
1060 C 578380 127 64 492749 69 102 36 85001 19 213
1061 C 581907 145 60 491256 182 176 24 89842 58 164
1062 A 585750 491687 77 184 89 93330 39 122 29 193
1063 A 585227 491075 28 7 79 93721 66 16 76 159
1064 G 584505 97 156 24 491057 50 109 13 92863 136
1065 G 584570 63 70 28 496002 78 68 65 88032 164
1066 G 581505 72 95 21 499181 99 110 14 81696 217
1067 G 578749 69 51 21 497373 112 45 10 80861 207
1068 G 578089 197 137 23 495698 74 134 17 81631 178
1069 A 577885 492779 38 31 89 84563 108 21 62 194
1070 A 579603 494094 51 8 116 84988 137 9 35 165
1071 A 580472 495668 49 40 102 84171 32 30 135 245
1072 C 581220 50 103 495352 21 65 145 85345 20 119
1073 T 582520 30 496149 127 17 125 85835 50 15 172
1074 T 583892 54 498472 107 82 11 84818 126 19 203
1075 T 584387 202 499878 231 251 59 83464 61 58 183
1076 C 584485 284 143 503104 106 75 59 80494 65 155
1077 C 585537 443 112 506881 302 144 30 77331 93 201
1078 A 584255 508895 88 11 178 74736 63 37 43 204
1079 C 584171 152 128 507665 58 51 40 75914 17 146
1080 T 585819 113 505528 112 47 41 79757 59 19 143
1081 A 588175 502819 77 150 90 84734 90 57 20 138
1082 G 588818 58 164 59 503247 29 98 36 84976 151
1083 A 588597 504419 38 27 92 83753 39 26 28 175
1084 G 589511 51 106 21 507837 28 89 10 81191 178
1085 G 588149 36 110 33 508458 24 50 16 79263 159
1086 A 588046 511447 54 58 180 76015 35 26 38 193
1087 G 586877 318 170 66 512190 92 64 25 73814 138
1088 T 587879 47 514673 123 17 90 72039 31 58 801
1089 A 587444 515210 106 345 197 71229 32 48 73 204
1090 C 588229 760 252 514953 118 113 91 71740 41 161
1091 A 591770 517148 834 100 188 73088 191 18 36 167
1092 A 592216 519014 227 119 735 71706 74 19 117 205
1093 A 591568 520328 42 19 75 70884 8 23 16 173
1094 T 590634 39 520949 81 13 12 69308 18 9 205
1095 T 592302 34 524100 98 20 10 67828 21 12 179
1096 G 591853 99 131 23 525616 31 50 15 65731 157
1097 C 592155 127 54 525457 60 28 11 66228 23 167
1098 T 593580 35 525829 146 41 19 67278 32 12 188
1099 T 593858 157 524748 173 241 29 68229 25 35 221
1100 C 595918 216 66 524594 220 67 38 70521 47 149
1101 A 598743 524369 209 173 202 73494 36 30 49 181
1102 A 597658 521924 84 149 208 74948 38 33 48 226
1103 A 596452 520736 182 314 194 74686 55 66 38 181
1104 T 596725 271 521819 219 197 73 73894 46 48 158
1105 G 595616 93 119 37 523329 43 58 26 71771 140
1106 A 595150 524770 52 27 110 69941 27 9 33 181
1107 A 594192 525158 28 24 95 68645 10 16 39 177
1108 A 596028 523331 66 184 288 71836 31 38 52 202
1109 A 595210 522308 182 169 216 72002 34 42 42 215
1110 C 595914 145 171 523501 226 59 46 71577 41 148
1111 A 597848 524868 271 65 106 72272 45 21 32 168
1112 T 599043 55 526309 102 202 22 72153 17 28 155
1113 G 599023 184 304 74 527835 48 99 30 70293 156
1114 G 596814 131 95 64 527250 30 42 31 69011 160
1115 A 596297 528020 65 36 134 67783 38 18 27 176
1116 T 597291 133 529546 141 32 30 67171 26 26 186
1117 G 597534 254 306 195 528910 54 61 67 67530 157
1118 C 596648 220 272 527581 225 49 78 68024 41 158
1119 T 597722 85 528961 456 300 35 67613 64 51 157
1120 A 598350 530514 86 47 96 67324 21 49 25 188
1121 T 598838 54 532886 120 30 16 65520 16 12 184
1122 G 598547 130 158 57 531621 36 72 52 66240 181
1123 G 596721 145 129 53 530221 69 46 17 65861 180
1124 A 595920 529094 87 34 154 66240 32 9 68 202
1125 A 596388 529975 47 53 172 65859 43 20 37 182
1126 T 595237 69 529299 92 329 21 65163 20 55 189
1127 C 596922 157 176 530351 147 46 26 65837 29 153
1128 A 598082 528647 154 85 463 68415 36 24 65 193
1129 A 596101 526229 298 85 215 68986 58 18 38 174
1130 G 593146 138 245 258 524574 23 50 44 67680 134
1131 T 593482 145 524769 264 281 54 67588 48 51 282
1132 A 594923 525754 104 123 211 68063 41 33 48 546
1133 C 593336 110 129 524786 169 28 22 67903 34 155
1134 T 595022 161 525114 208 177 37 69103 29 21 172
1135 C 596017 180 74 525510 139 62 20 69862 31 139
1136 T 596626 64 523979 125 46 65 72116 32 16 183
1137 T 597039 114 522450 238 168 26 73776 32 31 204
1138 G 594200 113 123 47 519964 50 38 18 73683 164
1139 A 595026 518702 83 23 123 75847 41 14 27 166
1140 A 594497 516662 51 35 125 77269 28 17 36 274
1141 C 594660 152 62 517624 49 30 23 76559 18 143
1142 T 596378 32 518949 126 26 23 77049 32 8 133
1143 G 597204 144 164 62 520043 39 61 30 76522 139
1144 A 597715 516808 42 85 138 80404 26 16 29 167
1145 G 596472 554 41 42 514232 78 27 16 81324 158
1146 A 596806 514422 45 520 618 80841 29 56 107 168
1147 A 597144 516429 182 27 390 79783 56 15 68 194
1148 G 596020 100 203 339 516652 35 50 68 78426 147
1149 C 594537 270 362 517248 320 69 83 75960 59 166
1150 A 595575 516794 109 459 209 77673 55 82 53 141
1151 G 592969 169 167 36 516259 38 48 18 76044 190
1152 G 592399 323 129 119 516556 59 45 29 74974 165
1153 T 592864 114 515133 161 106 66 76486 44 73 681
1154 A 592500 516788 95 98 180 75048 36 22 40 193
1155 C 591708 163 381 516274 59 73 66 74505 37 150
1156 T 594513 60 517839 135 62 63 76155 40 14 145
1157 G 594732 129 143 43 518973 55 68 61 75095 165
1158 G 592374 106 93 45 516606 27 38 29 75201 229
1159 G 590511 146 119 25 516626 41 35 114 73242 163
1160 C 590220 108 101 514336 79 42 65 75252 17 220
1161 C 589735 193 129 513058 153 170 41 75773 38 180
1162 A 589779 511071 94 26 95 78135 32 15 148 163
1163 T 589467 54 508365 84 27 174 80561 30 17 155
1164 A 589273 507615 36 24 143 81223 24 8 33 167
1165 A 593422 511188 39 35 101 81607 230 11 44 167
1166 G 592122 95 122 32 507440 46 52 30 84163 142
1167 A 592249 505924 53 13 120 85697 28 229 28 157
1168 A 592867 506545 55 13 103 85767 48 21 36 279
1169 C 593753 82 75 505937 25 36 19 87361 15 203
1170 C 596992 136 101 507104 51 61 25 89336 23 155
1171 A 598854 509464 79 144 129 88766 33 33 32 174
1172 G 597418 104 85 36 507924 70 55 10 88975 159
1173 A 596602 507604 65 42 217 88388 29 15 60 182
1174 A 597147 507667 115 35 124 88908 85 13 40 160
1175 G 598220 71 106 120 509935 24 54 42 87731 137
1176 T 599784 89 511113 134 63 56 87560 95 48 626
1177 G 600033 99 107 44 513988 75 120 32 85378 190
1178 G 597411 54 120 40 514381 36 57 19 82533 171
1179 A 597598 514089 98 64 241 82705 39 17 135 210
1180 G 596026 75 100 30 514789 24 145 14 80684 165
1181 G 593494 86 105 29 515017 37 107 17 77921 175
1182 A 591953 513227 55 18 106 78183 45 27 99 193
1183 A 591486 511872 97 243 238 78568 99 100 72 197
1184 A 590764 511467 64 124 469 78176 32 26 158 248
1185 C 590228 267 198 511489 229 179 63 77585 48 170
1186 A 587823 508519 326 926 550 76712 200 158 107 325
1187 C 587639 489 601 504254 3568 85 241 77621 622 158
1188 T 587999 529 503613 672 3332 117 78864 135 580 157
1189 A 587961 508795 269 133 149 78149 76 37 195 158
1190 A 587767 507010 334 120 399 79551 79 47 66 161
1191 T 586423 579 508208 141 351 113 76513 240 66 212
1192 C 586698 1524 164 501933 206 306 46 82323 65 131
1193 A 589112 499908 182 123 1627 86483 271 39 318 161
1194 A 587016 500466 275 146 1098 84279 74 36 397 245
1195 C 589160 575 334 499633 348 148 88 87798 98 138
1196 A 594400 495913 398 569 2969 93607 121 108 549 166
1197 G 592984 479 810 1015 497448 117 203 186 92569 157
1198 A 593572 499811 58 111 176 93110 84 22 49 151
1199 G 591644 146 89 27 499245 48 59 25 91817 188
1200 G 589004 183 58 83 497912 73 56 24 90403 212
1201 G 586092 615 237 2945 493429 129 42 558 87946 191
1202 C 587448 249 184 495831 3301 80 52 86922 628 201
1203 C 589846 485 2840 496079 310 149 544 89213 72 154
1204 T 593630 410 498970 870 185 158 92663 162 42 170
1205 C 592713 467 101 495750 683 156 51 95234 132 139
1206 T 593391 300 494148 722 483 102 97243 131 92 170
1207 G 589956 909 226 260 494998 192 70 63 93078 160
1208 C 589687 397 376 495923 362 111 244 92037 60 177
1209 A 589629 494518 296 302 527 93444 219 72 107 144
1210 G 587473 150 458 35 495324 54 112 19 91152 169
1211 G 584779 172 140 567 500225 164 32 104 83220 155
1212 T 581753 192 497803 518 652 63 81626 92 153 654
1213 C 582561 103 71 500469 29 31 162 81528 18 150
1214 A 585403 501447 36 29 98 83543 38 28 16 168
1215 A 586702 502949 36 3 85 83279 30 5 124 191
1216 A 588436 501720 90 51 68 86159 124 23 31 170
1217 T 589254 74 502220 148 34 18 86438 40 95 187
1218 C 590762 179 98 507120 36 64 100 82981 28 156
1219 A 591846 508232 421 15 192 82641 125 10 53 157
1220 G 589925 84 135 143 510051 20 68 42 79239 143
1221 T 589425 78 511706 152 35 35 76875 47 42 455
1222 G 586619 144 165 20 509482 43 41 18 76552 154
1223 T 586459 66 511495 146 17 43 74272 37 23 360
1224 G 587219 306 146 64 514397 53 65 20 71990 178
1225 C 587409 595 511 511145 654 129 101 73998 101 175
1226 A 588976 508377 445 549 449 78720 83 94 75 184
1227 A 590791 508898 452 446 541 79776 96 114 89 379
1228 C 593187 83 118 511351 488 35 62 80800 80 170
1229 C 596000 135 70 515048 84 55 21 80388 48 151
1230 T 598698 225 515812 339 355 51 81591 79 69 177
1231 G 599366 589 191 107 517270 128 59 29 80851 142
1232 C 601941 142 169 519551 378 49 46 81395 70 141
1233 A 605562 521189 118 247 244 83420 45 58 51 190
1234 T 607028 84 523383 94 33 32 83125 35 50 192
1235 T 609842 36 523151 64 19 54 86293 24 14 187
1236 T 611969 40 524050 105 101 15 87365 29 60 204
1237 T 614452 187 525911 114 62 50 87868 33 44 183
1238 C 615418 132 69 527293 212 48 45 87401 54 164
1239 T 616235 78 526528 291 57 28 88963 96 25 169
1240 G 612818 288 178 188 527435 53 64 82 84384 146
1241 T 612151 81 531683 242 54 36 79695 64 31 265
1242 G 611995 254 243 118 533548 53 79 60 77468 172
1243 C 613993 933 707 533160 575 150 158 78053 104 153
1244 A 617585 535119 455 784 1306 79323 98 122 181 197
1245 A 619271 537276 1344 344 751 78959 211 61 135 190
1246 A 621831 538556 39 101 156 82674 101 15 37 152
1247 G 620926 64 89 31 538395 56 62 30 82058 141
1248 A 619665 540080 84 30 288 78850 52 9 73 199
1249 A 620399 540296 238 1061 426 77878 42 163 104 191
1250 A 618855 539768 733 229 816 76165 152 83 171 738
1251 C 618734 637 381 541177 742 157 72 75240 119 209
1252 C 621607 304 92 543508 387 80 83 76920 66 167
1253 T 623539 48 546553 154 53 20 76364 74 43 230
1254 C 622907 189 109 546673 449 57 47 75136 68 179
1255 C 624612 140 121 545792 239 81 30 77963 49 197
1256 C 625516 171 226 546805 72 98 39 77874 39 192
1257 A 625558 546618 107 58 235 78216 43 34 67 180
1258 T 623564 108 546759 285 752 38 75201 55 132 234
1259 T 623192 118 548802 951 73 31 72825 135 17 240
1260 T 623317 475 549503 360 678 75 71833 67 124 202
1261 G 620852 2237 1741 537 549509 293 274 95 65994 172
1262 A 619769 547604 2255 1129 1590 66284 319 157 228 203
1263 C 620781 743 973 549227 2278 133 146 66802 319 160
1264 A 624580 553422 337 352 857 69195 47 49 135 186
1265 A 624765 553295 370 182 910 69575 74 44 120 195
1266 A 624103 553676 440 435 872 68160 59 72 126 263
1267 C 623874 661 232 552152 1209 120 54 69087 166 193
1268 C 622797 554 185 549199 3457 87 44 68568 540 163
1269 A 621181 548023 640 805 2390 68521 125 168 340 169
1270 A 619194 550195 335 409 531 67063 61 149 72 379
1271 C 616903 504 747 549679 308 163 107 65133 67 195
1272 C 617195 278 467 551060 415 62 73 64502 177 161
1273 A 617183 552399 136 30 448 63908 28 12 66 156
1274 T 614961 109 550695 206 91 164 63407 41 14 234
1275 C 613951 153 352 551770 345 48 183 60892 78 130
1276 A 614492 550937 107 149 325 62703 25 35 46 165
1277 T 611493 112 548463 471 98 28 62042 64 24 191
1278 G 608315 222 578 164 546428 47 102 35 60564 175
1279 G 606780 652 997 566 545370 97 134 84 58695 185
1280 C 605220 633 731 544632 967 87 123 57754 145 148
1281 A 601343 541156 1144 662 500 57444 152 78 66 141
1282 G 595841 780 375 84 538786 107 73 19 55448 169
1283 C 592525 243 198 536807 561 69 31 54348 107 161
1284 A 589151 535620 447 293 192 52292 88 39 32 148
1285 T 586586 52 532871 119 45 10 53289 17 16 167
1286 T 584545 466 530401 90 74 76 53215 28 13 182
1287 C 581925 213 489 527946 93 47 57 52915 22 143
1288 A 581104 524782 272 350 827 54390 56 42 137 248
1289 C 576966 211 225 519478 1735 53 48 54843 231 142
1290 T 575396 406 516717 373 1419 92 55991 66 171 161
1291 G 571445 275 418 209 513980 68 66 43 56216 170
1292 G 565813 279 501 181 509320 90 49 55 55145 193
1293 G 562854 267 519 249 506085 64 111 41 55326 192
1294 A 559092 501623 591 682 425 55215 110 116 85 245
1295 A 556339 499142 351 845 724 54809 61 118 118 171
1296 T 552069 434 496379 385 628 105 53809 51 110 168
1297 A 548828 493760 338 331 425 53505 81 89 137 162
1298 C 546686 361 490 491650 373 97 129 53383 62 141
1299 A 543428 489663 334 208 597 52189 144 29 117 147
1300 G 536609 189 356 125 483027 49 139 27 52578 119
1301 A 535506 480383 359 124 279 53885 49 203 48 176
1302 G 532287 357 175 129 477792 53 112 84 53423 162
1303 G 527935 89 84 34 475025 83 32 7 52434 147
1304 G 523336 129 88 40 471073 41 69 8 51741 147
1305 A 519445 465266 363 99 547 52780 48 22 132 188
1306 A 513783 459950 40 245 107 53202 25 42 32 140
1307 G 509926 104 132 29 455933 34 54 11 53514 115
1308 A 507409 451914 132 16 274 54804 34 12 64 159
1309 A 504475 446695 153 39 147 57125 82 24 43 167
1310 C 499990 133 73 441406 76 54 40 58012 76 120
1311 A 495909 436536 93 66 107 58910 17 18 38 124
1312 T 492077 310 430607 183 1202 71 59347 29 190 138
1313 C 488144 382 84 426963 1203 106 28 59085 184 109
1314 A 483947 423867 222 388 987 58093 50 72 138 130
1315 G 477246 75 97 44 420831 29 33 22 55997 118
1316 A 473447 417879 85 7 72 55178 51 9 32 134
1317 C 468678 107 77 412826 33 30 45 55400 38 122
1318 A 464703 407108 1299 34 175 55732 180 16 44 115
1319 T 460047 1246 402840 120 167 190 55303 32 31 118
1320 G 453341 108 352 1009 398531 41 58 146 53010 86
1321 A 447164 395229 44 70 104 51548 12 21 18 118
1322 G 442908 58 112 21 390899 19 54 15 51602 128
1323 G 438416 85 96 14 387658 67 27 10 50350 109
1324 G 433421 1040 605 95 382196 156 73 28 49109 119
1325 C 429811 185 510 379888 144 58 90 48774 51 111
1326 A 424500 374445 350 207 676 48510 69 41 93 109
1327 G 420735 83 96 23 371749 40 26 12 48628 78
1328 A 417825 369109 29 10 80 48425 9 7 32 124
1329 A 414153 366121 61 16 93 47662 31 12 22 135
1330 A 410792 362308 45 45 333 47857 29 11 67 97
1331 T 407562 31 358668 141 56 10 48482 26 18 130
1332 T 402548 49 354236 168 173 28 47716 24 48 106
1333 A 397999 349772 52 6 135 47876 28 22 18 90
1334 T 393925 45 344879 105 58 28 48690 24 16 80
1335 A 389167 339824 48 61 119 48953 23 15 27 97
1336 A 386231 333163 153 685 689 51151 34 112 133 111
1337 G 381157 408 253 837 327329 115 60 143 51916 96
1338 G 376584 337 574 647 323432 82 98 118 51215 81
1339 A 372418 320344 133 250 185 51257 36 56 44 113
1340 T 368562 228 316849 184 310 55 50733 45 52 106
1341 G 363936 259 219 121 313338 60 37 26 49811 65
1342 A 358458 309004 127 36 76 49066 21 8 27 93
1343 T 352857 44 304293 71 23 22 48271 20 11 102
1344 G 348793 101 64 22 299624 33 23 5 48841 80
1345 G 343100 70 87 27 293806 54 35 10 48927 84
1346 A 335761 287299 44 24 109 48121 30 7 28 99
1347 A 331607 283055 35 19 89 48245 17 26 38 83
1348 G 326713 570 161 60 277864 108 38 15 47828 69
1349 G 323373 214 159 398 273918 44 38 79 48436 87
1350 T 319109 92 269402 133 559 66 48114 53 160 530
1351 G 313659 376 1616 324 263708 86 416 78 47005 50
1352 C 307604 1321 747 258072 531 366 189 46209 98 71
1353 A 301369 251785 196 1498 704 46533 56 381 150 66
1354 A 296346 247666 57 118 136 48183 17 42 40 87
1355 A 291712 242151 146 95 79 49066 36 26 19 94
1356 A 286020 237005 46 64 236 48425 9 40 58 137
1357 C 282587 202 545 234613 374 77 137 46450 114 75
1358 C 276810 134 257 227877 687 107 69 47418 196 65
1359 A 271818 219911 161 199 738 50414 39 74 224 58
1360 G 267834 84 472 383 216730 68 146 106 49792 53
1361 A 264451 214634 551 383 336 48123 144 110 110 60
1362 A 259931 207884 218 303 331 50859 66 88 117 65
1363 G 254402 403 317 189 201908 144 90 60 51252 39
1364 A 248634 195023 394 226 433 52186 101 62 143 66
1365 A 244258 187528 322 142 351 55578 96 60 131 50
1366 A 240650 181589 364 270 306 57723 152 94 105 47
1367 T 236716 179 175906 362 419 82 59410 146 166 46
1368 G 231825 364 155 90 171144 137 95 34 59750 56
1369 T 226405 98 167223 131 124 77 58567 54 71 60
1370 C 222480 118 63 163528 97 78 28 58461 60 47
1371 C 218759 220 118 159822 81 154 67 58209 56 32
1372 T 217009 16 156007 67 16 63 60768 19 14 39
1373 T 212094 33 153267 53 25 61 58556 21 23 55
1374 C 206545 50 40 150484 34 50 36 55785 33 33
1375 C 202664 486 137 147355 320 222 74 53912 116 42
1376 A 197854 142851 200 158 1037 53172 61 72 265 38
1377 G 191640 176 306 152 140675 54 120 35 50091 31
1378 G 186801 112 73 182 138333 68 59 100 47845 29
1379 G 181069 51 58 175 134832 44 43 46 45776 44
1380 G 174969 149 221 107 131343 63 97 40 42915 34
1381 C 170152 63 51 128704 29 24 55 41148 43 35
1382 G 166857 51 62 13 127293 29 50 39 39292 28
1383 G 161968 69 82 21 124831 22 58 8 36850 27
1384 G 161362 35 55 16 124400 27 51 15 36711 52
1385 G 158133 40 25 22 123171 39 18 11 34775 32
1386 A 160564 120626 34 21 109 32465 22 27 3334 3926
1387 G 160337 71 40 6 123795 35 41 17 36297 35
1388 T 412091 18 255857 48 35 151 128975 100 8226 18681
1389 C 420091 250 44 283924 119 234 113 134990 206 211
1390 T 425656 55 299355 188 32 59 125574 166 59 168
1391 T 427369 63 297455 141 18 90 129400 89 38 75
1392 C 433249 159 153 299396 32 114 474 132392 64 465
1393 G 439377 55 104 24 304932 134 265 153 133340 370
1394 A 441036 306773 16 5 77 133592 120 37 123 293
1395 G 445471 29 111 7 308981 49 114 58 135935 187
1396 C 451755 733 593 317047 444 343 312 131659 343 281
1397 T 459929 861 329078 427 332 392 127958 319 209 353
1398 C 465059 364 820 329517 592 241 445 132624 303 153
1399 T 470353 233 333672 83 91 138 135762 132 59 183
1400 C 475810 160 125 334007 151 139 308 140727 112 81
1401 G 479226 110 185 75 339446 119 220 187 138684 200
1402 G 480710 56 70 16 344235 40 120 27 135995 151
1403 A 483918 347569 22 9 87 133232 49 24 637 2289
1404 C 489873 35 106 359431 20 93 192 129817 29 150
1405 G 494753 148 150 82 364671 125 90 52 129348 87
1406 A 499317 368347 164 100 112 130050 81 67 130 266
1407 A 504210 374684 60 96 199 128856 58 58 100 99
1408 A 507009 382348 12 12 63 124330 103 28 35 78
1409 G 506575 91 111 10 385381 746 135 29 118528 1544
1410 G 506079 59 65 65 393391 41 70 29 112276 83
1411 G 506087 67 74 10 400897 71 47 23 104744 154
1412 C 509433 69 99 408486 28 51 97 99590 316 697
1413 A 513625 414171 46 19 183 98915 36 29 73 153
1414 G 512939 317 216 40 420075 99 102 89 91664 337
1415 C 516316 91 159 427006 36 64 201 88465 63 231
1416 G 523656 105 180 153 432326 56 113 61 90405 257
1417 A 527950 435915 109 470 131 90719 41 119 122 324
1418 A 531165 440746 102 98 528 89104 70 79 136 302
1419 C 534038 144 212 447107 375 216 78 85115 93 698
1420 C 538673 93 69 454054 534 66 40 83511 111 195
1421 C 542674 76 91 459775 293 60 146 82053 74 106
1422 G 544293 353 260 26 464182 154 92 175 78193 858
1423 A 547015 467730 57 50 147 78175 37 49 79 691
1424 T 547920 52 468508 62 14 109 78913 29 19 214
1425 C 550307 104 90 468904 62 52 95 80842 35 123
1426 G 551770 158 164 202 469639 69 69 123 81154 192
1427 T 554884 54 472793 499 145 37 79974 84 241 1057
1428 G 558427 212 139 126 479698 44 86 61 77888 173
1429 C 561463 78 58 481064 21 20 47 79931 74 170
1430 C 564869 64 67 485488 15 36 58 78983 12 146
1431 C 567889 62 100 493599 14 40 27 73915 49 83
1432 T 569914 61 497380 159 51 32 70429 350 21 1431
1433 C 571691 100 170 502486 82 129 49 68567 26 82
1434 T 572692 70 505158 559 166 31 66330 213 35 130
1435 T 573308 119 510896 252 116 26 61674 69 28 128
1436 T 573418 113 514848 142 245 26 57621 35 202 186
1437 T 574091 195 517166 247 216 215 55820 55 26 151
1438 G 573361 156 535 488 516295 212 583 56 51490 3546
1439 A 572353 520726 109 370 536 49992 53 238 68 261
1440 C 571261 233 228 524040 56 56 35 46309 25 279
1441 A 570952 527008 80 40 155 43404 21 22 16 206
1442 T 570224 52 530926 110 126 18 38709 31 26 226
1443 G 569713 106 219 91 535391 23 29 21 33711 122
1444 A 568788 538848 58 11 113 29383 10 2 33 330
1445 G 568068 104 181 84 542656 6 11 12 24934 80
1446 T 567277 59 538160 111 14 33 20912 6 428 7554
1447 A 566466 547998 20 24 79 18220 7 1 6 111
1448 A 565350 550150 37 7 60 14830 3 9 3 251
1449 T 564187 100 551265 132 35 31 12321 5 5 293
1450 G 563862 133 200 86 552593 21 15 7 10717 90
1451 A 563024 553099 133 97 96 9233 4 5 7 350
1452 A 562422 554574 96 32 169 7288 3 3 5 252
1453 G 561872 180 289 273 554584 89 3 3 6203 248
1454 G 561326 105 238 124 554407 11 5 0 6324 112
1455 A 560563 553129 328 51 270 6069 7 6 25 678
1456 T 559932 39 553581 76 3 9 5905 4 4 311
1457 C 559473 70 27 553290 21 4 1 5887 5 168
1458 T 559079 49 552949 74 10 12 5852 7 1 125
1459 T 558539 9 552604 113 1 10 5596 5 3 198
1460 A 557863 552079 37 2 64 5312 40 4 1 324
1461 T 557319 40 551947 70 6 3 5045 0 5 203
1462 T 556843 31 551738 68 3 2 4850 4 1 146
1463 T 556374 43 551358 75 5 4 4741 2 0 146
1464 C 555621 104 49 548822 19 6 128 4156 1 2336
1465 T 555311 25 550766 103 3 3 4258 1 0 152
1466 T 554682 42 550414 63 3 4 3966 0 1 189
1467 C 553964 110 84 549604 14 8 31 3537 1 575
1468 G 553612 144 121 35 549431 15 4 3 3568 291
1469 G 553057 62 118 31 549393 1 2 0 3353 97
1470 A 552621 547809 44 3 141 3190 1 0 50 1383
1471 G 552209 74 160 43 548532 1 1 0 3181 217
1472 A 551831 548167 93 9 211 3007 0 1 7 336
1473 C 551614 97 76 548185 64 7 1 3051 4 129
1474 A 551336 547997 70 70 84 2994 0 2 0 119
1475 A 550821 547476 77 7 222 2817 1 1 0 220
1476 T 550359 90 546536 120 42 26 2652 1 0 892
1477 G 550038 297 203 74 546467 4 9 1 2610 373
1478 C 549641 147 203 546397 96 3 2 2594 3 196
1479 A 549304 546101 186 70 176 2473 3 1 2 292
1480 G 548984 87 145 59 546208 2 3 1 2387 92
1481 A 548571 545966 61 30 95 2267 0 0 0 152
1482 G 548157 252 135 31 545373 3 3 0 2220 140
1483 G 547721 137 117 71 545005 0 2 1 2115 273
1484 A 547180 543695 40 35 217 1993 0 1 19 1180
1485 G 546519 126 296 61 543999 1 1 1 1887 147
1486 T 546055 82 519981 88 58 8 1653 1 115 24069
1487 A 545686 543246 234 31 229 1726 0 0 4 216
1488 C 544938 148 338 542360 54 7 0 1662 2 367
1489 G 542609 1556 401 130 538641 10 3 1 1620 247
1490 A 538977 533205 1774 1085 1018 1593 7 4 3 288
1491 C 538014 625 547 533914 1050 10 2 1605 5 256
1492 A 535458 530240 1016 1114 1413 1526 3 5 13 128
1493 A 532451 524117 1110 1133 4511 1440 4 2 11 123
1494 T 530027 3117 520698 1904 2300 15 1403 8 5 577