# amino-acid counts among definitively called codons
# POSITION TOTAL_COUNTS WT N_A N_C N_D N_E N_F N_G N_H N_I N_K N_L N_M N_N N_P N_Q N_R N_S N_T N_V N_W N_Y N_STOP
1 803005 M 1 0 0 0 0 0 0 342 78 54 802248 0 0 0 8 0 99 175 0 0 0
2 804440 A 803768 0 0 176 0 44 0 0 0 0 0 0 18 0 0 88 61 285 0 0 0
3 805590 S 1199 121 6 6 197 0 120 43 35 221 1 19 202 121 34 803011 87 1 33 131 2
4 807553 Q 465 312 5 342 474 75 185 629 272 1177 109 2177 93 795991 192 1567 613 457 101 2182 135
5 809293 G 110 267 136 1 1 808078 1 0 0 0 0 0 56 0 258 230 46 105 0 4 0
6 810564 T 181 0 0 0 0 0 0 77 1 0 0 91 3 0 0 65 810146 0 0 0 0
7 812747 K 1 0 0 113 0 0 0 45 812308 1 0 108 1 15 109 2 14 0 0 1 29
8 816247 R 0 0 0 0 0 32 0 0 0 137 0 0 49 152 815710 1 6 0 160 0 0
9 813308 S 43 56 1 1 86 10 2 46 0 95 8 62 126 16 12 812456 92 5 0 185 6
10 811555 Y 16 132 20 1 70 18 433 51 2 100 1 125 54 10 1 51 69 89 0 810206 106
11 806880 E 14 3 79 806006 2 240 3 11 152 16 4 3 8 51 6 7 7 102 0 3 163
12 802394 Q 417 33 118 36 33 6 651 54 283 541 21 151 86 797769 961 772 223 87 15 18 119
13 792437 M 2 1 1 13 1 7 2 328 106 96 791596 1 5 2 25 3 110 121 0 3 14
14 778577 E 12 8 106 777675 2 164 4 4 87 217 0 2 13 50 2 27 2 66 0 1 135
15 771645 T 120 50 0 2 0 3 43 67 0 22 8 158 93 0 2 64 770984 21 0 4 4
16 763762 D 7 7 763033 113 0 182 49 0 0 3 2 100 1 1 2 1 7 75 0 179 0
17 747589 G 50 24 6 117 2 746401 3 4 13 14 7 161 93 35 170 102 47 167 167 0 6
18 736734 E 255 56 222 734390 17 235 120 124 203 76 0 20 303 117 13 138 155 158 4 8 120
19 719079 R 7 183 0 0 7 24 308 0 5 181 0 2 78 2 718123 149 5 2 0 3 0
20 704320 Q 7 0 0 43 1 1 211 1 117 105 2 5 2079 701259 352 4 5 7 0 0 121
21 684530 N 35 144 112 0 1 43 22 76 169 49 2 682216 50 17 98 704 638 18 1 90 45
22 658682 A 655730 2 4 157 5 52 14 4 49 17 1 4 118 4 1529 310 274 392 1 2 13
23 642365 T 326 36 5 4 3 139 263 98 25 103 22 302 79 44 123 450 640254 57 12 16 4
24 620980 E 22 7 309 619764 6 117 3 40 132 64 9 2 3 92 80 30 75 61 4 1 159
25 586491 I 4 0 2 0 40 4 2 585970 3 12 33 53 163 1 18 6 84 91 0 3 2
26 555560 R 2 2 0 0 13 196 1 146 74 3 1 0 7 1 554962 46 38 0 1 1 66
27 524897 A 523917 1 1 157 4 73 38 17 97 14 4 7 21 32 60 156 147 143 0 7 1
28 508636 S 29 50 0 21 48 82 106 0 64 15 1 100 82 21 82 507782 52 4 0 95 2
29 492386 V 56 8 50 1 95 5 6 239 0 33 1 1 7 0 10 7 3 491858 1 0 5
30 231441 G 28 2 0 33 0 231187 3 0 0 2 0 0 2 4 72 1 1 54 51 0 1
31 229058 K 2 0 0 43 0 0 5 0 228803 3 19 83 2 1 58 4 6 1 0 1 27
32 227525 M 0 1 1 0 0 2 3 106 20 23 227282 5 4 1 6 1 27 39 0 0 4
33 236013 I 5 14 2 0 23 6 1 235821 4 6 1 24 1 0 3 5 34 57 1 2 3
34 244396 D 74 6 243640 149 9 90 33 42 4 55 2 64 3 9 33 45 17 33 0 80 8
35 254743 G 27 1 2 32 0 254462 3 2 4 5 0 13 2 0 73 11 3 59 0 1 43
36 265319 I 11 0 0 0 11 1 0 265182 0 6 5 23 3 0 1 2 26 45 1 0 2
37 274800 G 28 1 0 34 1 274534 1 1 1 3 0 1 2 0 58 1 4 52 1 1 76
38 286323 R 8 0 1 2 0 8 6 11 0 81 0 3 15 63 286019 4 25 2 0 1 74
39 295935 F 5 81 2 0 295575 0 2 16 6 144 10 0 7 2 8 35 10 7 4 18 3
40 306162 Y 6 63 2 2 56 1 139 0 0 7 2 33 1 0 5 4 18 0 8 305725 90
41 315472 I 22 8 7 6 26 45 1 314813 2 97 19 55 24 14 55 55 152 54 1 11 5
42 325958 Q 3 0 2 11 4 5 21 12 63 31 0 0 14 325673 62 6 4 1 0 4 42
43 336486 M 1 0 0 3 4 6 1 175 11 29 336141 2 2 1 9 4 28 66 0 3 0
44 349559 C 42 348892 0 2 75 38 3 6 48 24 1 0 26 1 81 57 5 102 19 72 65
45 359727 T 78 0 5 0 2 4 5 43 3 4 1 87 19 2 24 50 359368 20 4 4 4
46 367592 E 7 2 44 367219 3 48 4 1 60 11 4 0 5 20 6 3 18 15 1 0 121
47 377512 L 3 1 1 1 44 0 9 61 2 377288 7 1 60 3 7 5 6 11 0 2 0
48 385695 K 4 1 8 41 3 100 1 22 385307 16 0 41 9 9 48 17 19 3 0 1 45
49 390697 L 26 4 13 7 46 15 20 156 5 390112 4 9 91 18 34 27 30 38 5 8 29
50 395955 S 271 97 25 20 5 917 106 58 79 18 4 39 641 44 252 392927 402 19 1 1 29
51 403773 D 72 1 402580 71 8 110 38 41 4 14 0 308 68 12 9 73 94 126 2 140 2
52 412168 Y 46 76 6 4 56 48 77 12 7 10 79 22 4 1 40 40 487 34 2 411052 65
53 420698 E 15 3 136 420122 2 128 1 5 56 6 0 3 14 34 10 19 9 50 0 4 81
54 426687 G 119 1 2 74 2 426038 6 0 9 6 0 0 12 24 146 37 35 72 103 0 1
55 430424 R 22 2 6 1 3 50 65 2 2 145 2 6 34 145 429755 9 14 6 2 2 151
56 435025 L 29 7 6 2 6 10 18 25 3 434536 53 8 142 47 19 18 40 37 1 12 6
57 440552 I 9 3 4 0 52 18 9 439868 1 212 17 83 27 0 22 11 93 105 3 6 9
58 446511 Q 8 7 2 27 7 11 146 0 79 49 8 12 33 445880 116 2 16 13 3 2 90
59 447070 N 10 2 81 4 11 21 17 33 106 126 3 446408 7 6 51 87 34 16 1 36 10
60 446767 S 2 17 5 0 3 94 2 102 8 3 1 45 1 3 154 446248 58 5 7 0 9
61 452035 L 2 17 0 21 85 6 7 54 4 451321 0 8 10 1 4 77 9 318 1 32 58
62 460417 T 153 9 0 1 6 11 10 58 100 11 1 22 36 3 37 367 459575 7 1 0 9
63 465864 I 4 28 126 1 2 4 5 465224 28 91 147 0 16 6 7 11 76 66 0 18 4
64 470183 E 3 7 166 469510 1 91 4 4 58 12 0 5 33 36 17 23 6 42 0 6 159
65 469749 R 8 3 7 1 2 100 1 101 84 3 3 2 9 1 469299 48 36 2 0 3 36
66 470904 M 0 1 0 1 0 3 0 226 45 34 470420 1 1 0 11 3 68 90 0 0 0
67 469139 V 81 0 0 60 0 50 0 1 0 76 79 0 0 0 0 3 1 468784 1 1 2
68 471818 L 21 0 0 0 56 19 35 138 1 471344 0 2 115 7 22 14 16 26 0 1 1
69 469186 S 26 27 0 1 35 59 4 7 0 7 0 7 78 5 4 468799 27 0 0 97 3
70 463164 A 462461 10 122 9 0 25 2 10 2 5 0 1 23 2 6 173 230 60 3 2 18
71 462072 F 19 10 0 3 461683 13 8 37 2 121 5 0 4 5 16 64 3 9 44 22 4
72 456637 D 8 1 456090 115 5 124 43 0 0 6 0 64 11 0 4 4 1 30 0 128 3
73 454801 E 50 17 27 453515 13 131 41 62 152 160 0 10 1 30 72 159 127 67 0 42 125
74 458126 R 29 0 0 2 2 83 11 104 99 13 0 5 32 0 457584 88 41 2 0 0 31
75 457517 R 1 0 0 0 0 58 3 29 60 1 80 2 4 0 457092 129 15 2 37 0 4
76 455130 N 18 5 89 16 0 14 6 50 66 51 0 454563 1 8 19 85 19 29 57 32 2
77 450392 K 53 29 10 82 1 93 85 61 448858 206 2 54 1 18 563 73 22 147 0 5 29
78 449849 Y 5 41 8 0 23 6 186 2 2 5 0 40 1 0 6 7 10 4 29 449435 39
79 449081 L 3 2 0 2 2 5 3 15 1 448692 117 3 111 63 12 6 11 25 0 5 3
80 446528 E 45 98 72 445270 26 174 34 128 82 23 2 13 6 96 10 159 54 105 2 14 115
81 442165 E 20 15 91 441053 39 179 48 38 81 26 1 22 5 69 22 29 18 195 7 41 166
82 438197 H 82 163 8 14 76 19 435743 28 50 96 11 199 9 500 361 189 101 30 37 472 9
83 437840 P 142 63 10 67 2 364 110 21 8 82 17 101 436180 28 151 166 228 36 1 32 31
84 444236 S 230 86 4 0 4 459 43 454 46 252 10 307 23 35 198 441936 42 51 36 15 5
85 441475 A 439611 6 4 103 4 187 72 48 81 83 1 8 246 16 55 171 256 423 4 92 4
86 440366 G 108 4 25 96 85 437994 775 2 282 207 45 39 54 40 243 89 97 81 71 23 6
87 442573 K 2 2 0 120 0 5 0 1 442083 2 30 149 5 2 102 5 9 1 1 1 53
88 444248 D 15 256 442438 47 6 90 39 0 13 14 5 1078 6 5 13 23 3 44 2 97 54
89 445190 P 540 112 9 10 130 97 166 19 23 74 8 4 443332 20 72 197 125 36 70 51 95
90 448548 K 83 19 6 130 7 372 152 19 446711 46 42 159 1 43 263 56 309 40 23 28 39
91 448974 K 0 3 3 74 7 2 5 10 448358 10 5 20 19 3 411 5 4 3 0 0 32
92 445099 T 71 2 3 0 0 4 0 20 1 4 2 66 30 3 7 41 444840 2 0 0 3
93 445346 G 35 0 1 52 0 444949 0 0 3 2 0 1 11 9 122 4 1 47 0 1 108
94 445912 G 18 0 1 53 2 445585 1 1 0 1 0 2 2 1 82 1 1 71 0 0 90
95 444085 P 192 0 0 51 1 0 87 2 0 46 3 1 443495 5 29 109 52 3 0 0 9
96 442734 I 3 5 1 1 2 7 1 442202 50 137 58 3 3 0 7 7 56 176 0 0 15
97 440218 Y 1 71 10 3 93 1 73 1 2 2 0 28 1 1 11 7 3 4 1 439783 122
98 439965 K 10 0 0 112 5 1 32 24 439128 19 108 166 9 8 242 6 30 12 2 2 49
99 436226 R 9 2 0 0 0 84 5 78 50 5 2 5 1 1 435862 53 18 3 0 0 48
100 434654 V 151 95 7 274 138 248 69 153 2 251 5 22 140 40 178 135 208 432430 0 108 0
101 437768 D 60 2 437103 59 2 78 39 8 5 7 8 82 52 9 4 37 31 61 0 112 9
102 435580 R 31 2 3 1 24 187 96 95 72 47 2 4 31 0 434849 46 45 7 1 12 25
103 439897 K 47 35 13 90 0 54 2 7 439158 36 27 103 3 8 170 17 40 59 1 1 26
104 440009 W 9 203 0 0 8 9 4 6 4 105 1 7 12 7 113 26 3 1 439342 5 144
105 437207 M 110 1 0 35 44 144 16 351 73 216 435825 3 2 22 48 26 135 134 3 9 10
106 430400 R 3 0 0 0 4 129 7 1 62 1 108 11 9 2 429909 97 17 2 33 1 4
107 428172 E 10 0 45 427597 1 69 12 2 261 1 0 9 3 30 1 11 0 37 1 1 81
108 428549 L 2 2 2 2 28 9 39 92 0 428130 0 1 131 8 19 12 48 24 0 0 0
109 426406 V 153 1 41 0 71 13 1 152 1 19 1 0 21 14 8 11 22 425870 1 4 2
110 422659 L 0 0 0 1 26 0 18 110 9 422361 0 1 55 0 19 0 13 44 0 0 2
111 420602 Y 0 77 8 5 104 2 88 89 0 54 1 21 1 6 1 42 51 134 10 419859 49
112 411341 D 27 3 410598 115 2 120 71 3 0 4 0 164 13 7 19 21 3 60 2 105 4
113 408591 K 1 0 0 59 0 1 5 30 408354 2 0 19 5 3 65 6 7 0 0 0 34
114 412964 E 15 4 36 412368 38 55 0 3 70 99 8 39 3 51 10 26 1 27 3 7 101
115 415344 E 0 0 29 414997 0 97 2 0 50 0 0 2 1 22 1 28 1 23 0 0 91
116 412782 I 0 9 3 4 3 10 0 412331 30 89 82 3 15 3 3 8 53 126 0 2 8
117 415367 R 13 11 0 4 3 128 5 15 55 59 111 2 5 77 414702 88 23 32 28 1 5
118 416506 R 6 34 0 0 1 19 3 8 14 101 0 1 28 99 416100 2 4 0 0 0 86
119 415955 I 24 75 1 6 13 11 1 415615 0 10 17 26 1 2 2 9 55 85 0 1 1
120 418113 W 6 79 1 0 1 12 1 1 0 91 1 1 4 3 119 18 0 2 417647 6 120
121 420225 R 58 144 3 6 21 37 185 9 17 153 6 0 21 16 419365 128 3 40 7 6 0
122 422295 Q 48 100 9 43 1 63 125 20 97 93 0 1 6 421012 118 21 71 407 2 0 58
123 420249 A 419545 5 85 7 1 97 2 3 1 14 3 0 20 0 12 254 91 104 0 2 3
124 425123 N 1 11 61 7 0 1 15 34 63 6 1 424805 5 8 7 72 5 6 0 9 6
125 432147 N 10 42 72 50 17 49 18 27 48 84 17 431232 30 8 141 152 81 4 21 38 6
126 429326 G 53 129 63 24 7 428537 15 9 26 111 0 6 15 31 76 124 14 73 0 10 3
127 431191 D 174 11 429260 166 3 172 39 44 12 123 0 136 13 49 116 91 75 567 0 132 8
128 432323 D 289 55 429947 146 44 550 56 4 28 103 4 285 42 19 114 232 124 92 3 179 7
129 439165 A 438201 1 2 112 7 69 15 9 6 11 14 9 25 6 56 240 184 174 0 1 23
130 441733 T 101 6 2 0 5 4 32 52 207 149 26 20 73 47 68 64 440820 47 1 4 5
131 445079 A 443903 0 112 1 3 26 65 18 1 1 0 10 453 2 8 322 80 64 0 1 9
132 439858 G 30 108 58 4 0 439476 2 0 0 9 0 5 1 0 20 67 3 64 5 3 3
133 436195 L 2 0 1 2 0 2 4 56 2 435834 105 0 101 22 23 6 2 29 1 2 1
134 432753 T 139 16 2 0 1 7 2 46 2 5 0 111 25 2 9 211 432155 14 0 3 3
135 435454 H 6 0 38 2 1 2 434908 2 1 42 0 109 13 148 100 9 5 8 4 52 4
136 441349 M 4 5 2 6 35 16 0 403 37 244 440250 7 12 2 14 2 84 182 2 2 40
137 444305 M 4 1 4 14 0 0 1 178 44 50 443813 4 10 1 8 1 68 101 3 0 0
138 442367 I 2 0 1 0 24 2 0 442085 2 24 33 33 8 0 1 5 67 80 0 0 0
139 443917 W 0 99 1 0 2 16 0 1 0 88 0 0 1 1 148 28 1 4 443351 0 176
140 443427 H 0 0 35 3 1 18 442951 1 1 29 0 121 12 35 85 10 5 0 5 96 19
141 445839 S 38 32 7 1 51 16 2 1 0 3 0 1 87 0 1 445479 39 2 0 68 11
142 441435 N 9 5 83 2 1 4 6 28 38 1 0 441179 7 0 0 51 4 1 0 16 0
143 441787 L 2 0 2 2 154 8 19 0 3 441429 22 1 1 2 4 86 7 14 4 0 27
144 445243 N 10 2 73 0 0 3 5 29 35 9 0 444931 1 1 6 81 12 11 0 31 3
145 440320 D 4 0 439963 40 0 79 30 0 0 1 0 46 0 0 0 1 0 39 0 114 3
146 438855 T 301 1 2 3 2 0 0 66 95 2 0 1 18 1 28 232 438087 4 0 5 7
147 438887 T 81 0 1 2 0 9 2 50 107 1 2 0 13 0 14 64 438537 4 0 0 0
148 435051 Y 2 67 1 0 34 3 63 2 1 0 0 22 3 0 0 7 2 0 0 434759 85
149 437198 Q 3 0 0 18 0 1 140 1 131 45 1 0 10 436688 100 9 1 3 0 1 46
150 433874 R 0 0 0 1 0 98 0 2 69 2 90 3 2 0 433465 94 15 0 32 0 1
151 433072 T 115 1 1 0 0 2 1 67 50 1 1 1 11 2 10 108 432693 0 2 0 6
152 433498 R 5 0 0 1 0 95 2 48 88 1 0 3 6 0 433164 19 15 1 1 0 49
153 434954 A 434453 16 106 4 1 43 8 3 1 9 1 6 17 2 13 125 79 56 0 4 7
154 438592 L 4 6 2 2 32 2 39 326 0 437819 2 0 68 19 13 6 5 223 5 5 14
155 437829 V 118 1 53 3 89 17 5 68 65 31 2 8 5 2 83 65 40 437143 0 4 27
156 437754 R 14 107 5 0 0 33 165 5 1 81 1 1 26 2 437164 126 3 12 2 1 5
157 439108 T 245 25 4 3 11 21 13 163 8 70 9 58 13 24 11 308 437723 374 0 16 9
158 437818 G 59 104 136 2 6 436944 17 2 3 53 4 5 8 9 33 279 20 85 0 10 39
159 436413 M 1 2 0 1 1 9 2 230 27 117 435810 2 7 3 11 19 73 91 0 1 6
160 441596 D 7 24 441107 67 3 88 24 11 4 6 0 73 2 13 5 6 11 32 12 92 9
161 441358 P 71 6 0 0 1 79 85 2 5 80 0 6 440395 14 47 364 117 74 0 0 12
162 445476 R 15 5 2 2 3 90 7 9 60 18 98 1 12 10 444931 108 26 33 14 5 27
163 446174 M 22 11 4 1 78 6 4 272 35 75 445428 0 4 1 13 9 74 125 0 6 6
164 445791 C 296 444661 0 0 120 38 6 10 38 9 1 30 19 9 73 115 16 40 24 155 131
165 442073 S 100 35 58 2 39 19 0 0 4 2 6 22 112 1 3 441497 65 6 0 90 12
166 442755 L 2 3 11 12 1 5 1 93 0 442207 151 0 122 61 12 8 21 36 1 1 7
167 448514 M 1 3 0 0 0 4 1 285 40 139 447850 2 2 2 9 0 91 74 0 6 5
168 450597 Q 56 3 7 27 0 8 125 2 125 44 1 8 28 449820 185 36 1 2 0 6 113
169 446812 G 27 81 56 2 0 446464 1 4 4 16 3 6 3 1 8 53 14 62 3 0 4
170 450821 S 12 2 2 1 5 6 0 0 0 120 0 8 61 7 9 450431 43 2 24 4 84
171 451400 T 97 57 3 0 1 11 3 33 0 9 0 81 10 8 2 78 450998 7 0 0 2
172 451833 L 11 5 2 0 38 8 44 159 3 451381 5 0 114 0 6 3 5 35 5 0 9
173 452003 P 84 4 34 3 0 3 135 3 4 70 2 3 451345 56 29 82 124 3 0 9 10
174 452481 R 2 1 0 0 2 102 3 6 38 12 112 2 1 1 451987 110 42 6 40 1 13
175 451114 R 1 1 0 0 0 100 1 2 223 0 102 0 2 0 450563 61 22 2 32 0 2
176 456309 S 35 17 4 2 38 19 0 1 2 0 0 3 77 1 2 455971 47 4 0 81 5
177 462910 G 19 1 0 59 3 462555 2 1 2 7 2 1 5 4 99 2 1 70 0 0 77
178 470052 A 469201 4 112 2 2 32 18 6 8 103 0 12 113 7 99 162 78 83 1 6 3
179 476556 A 475917 4 1 117 2 39 4 2 4 2 0 0 28 1 2 152 171 104 0 0 6
180 476498 G 8 73 59 3 0 476182 1 0 3 1 0 0 1 0 19 53 0 95 0 0 0
181 476115 A 475326 7 58 4 4 93 55 1 1 13 0 7 12 129 17 155 175 44 10 1 3
182 480298 A 479340 0 0 116 4 45 157 3 2 6 1 29 25 8 2 132 188 231 0 1 8
183 482336 V 83 6 41 17 137 14 1 102 3 31 1 1 9 2 19 11 8 481840 4 0 6
184 487816 K 5 5 2 88 0 17 4 31 487409 11 7 67 3 10 85 12 10 1 0 2 47
185 492393 G 34 4 9 60 0 491917 10 0 4 5 0 3 2 4 93 33 6 107 0 1 101
186 497160 V 73 1 36 13 89 14 0 104 13 37 49 3 31 19 9 15 84 496556 0 1 13
187 503524 G 132 4 0 89 0 502945 4 1 3 5 1 2 7 3 115 0 4 90 115 2 2
188 505772 T 159 7 1 13 2 2 0 83 82 10 0 2 17 0 27 146 505219 2 0 0 0
189 513140 M 67 169 10 3 3 77 12 319 50 92 511938 11 1 39 15 54 109 92 5 28 46
190 514804 V 289 46 1 60 4 157 1 1 0 79 65 1 13 4 3 188 77 513811 0 0 4
191 515446 M 3 32 0 0 1 11 2 202 48 123 514764 2 4 22 5 16 65 106 1 23 16
192 516984 E 13 11 130 516408 0 143 0 2 73 10 0 0 10 25 0 12 4 42 7 0 94
193 516276 L 52 52 0 3 161 30 8 4 0 515589 91 8 3 3 4 135 11 75 8 0 39
194 520158 I 11 23 1 1 1 4 2 519544 29 99 99 2 31 4 9 0 78 217 0 2 1
195 519223 R 7 1 0 0 2 76 7 3 60 16 147 3 6 3 518705 111 35 2 33 4 2
196 521771 M 25 1 0 1 0 93 2 247 47 68 520852 2 9 225 11 13 72 96 2 4 1
197 524020 I 30 1 13 0 54 23 1 523564 3 8 18 61 3 1 8 29 104 95 0 1 3
198 523275 K 0 0 0 66 1 4 0 18 523003 2 0 49 3 13 87 3 4 0 0 7 15
199 523258 R 2 76 0 0 0 35 140 0 1 119 1 0 22 2 522694 131 20 7 2 2 4
200 529525 G 29 4 0 82 6 529000 0 3 2 2 0 2 1 0 131 5 14 119 113 0 12
201 523285 I 29 5 5 5 50 6 6 522704 1 21 37 27 17 1 4 20 170 165 0 0 12
202 520232 N 27 0 106 5 3 15 17 78 36 140 8 519475 19 6 11 125 76 10 13 60 2
203 522132 D 5 1 521692 53 0 74 33 5 0 1 1 65 2 3 2 9 5 50 1 126 4
204 523801 R 4 6 3 0 0 25 1 9 3 101 0 0 23 126 523385 3 2 0 104 1 5
205 524487 N 4 190 90 5 5 24 12 33 78 7 11 523757 4 2 1 164 20 31 1 41 7
206 519635 F 3 2 2 6 519210 4 2 21 0 253 0 1 8 0 3 60 2 25 0 27 6
207 513709 W 4 121 1 1 14 7 1 0 1 123 0 2 3 4 181 32 1 0 513040 4 169
208 512229 R 2 0 0 10 0 112 1 102 57 0 0 2 3 0 511794 51 32 4 0 0 59
209 515323 G 19 107 76 1 1 514925 8 0 2 4 0 0 1 5 18 85 6 58 0 1 6
210 519293 E 5 6 57 518831 1 114 2 1 68 1 1 1 3 22 7 12 2 42 0 0 117
211 520531 N 760 535 99 5 63 27 43 285 49 828 0 517117 3 52 11 214 181 101 100 58 0
212 523041 G 49 6 2 79 4 522497 4 4 0 7 0 7 3 0 133 17 12 97 4 1 115
213 521821 R 2 1 7 1 0 18 7 0 2 126 1 1 16 131 521340 4 2 5 1 1 155
214 517618 K 22 4 0 81 18 9 72 61 517000 22 0 29 6 19 179 10 11 9 6 40 20
215 516116 T 91 2 0 0 1 236 0 48 82 11 0 7 150 0 18 50 515409 10 0 0 1
216 513807 R 7 1 0 4 0 108 0 0 87 14 104 0 1 1 513300 108 27 2 40 0 3
217 510997 S 14 56 0 11 18 135 1 83 3 94 10 173 11 41 70 510059 127 71 14 0 6
218 507615 A 506904 2 124 1 1 28 1 1 0 1 0 0 33 2 2 133 328 49 2 2 1
219 513203 Y 0 60 4 1 42 0 86 0 2 13 0 9 0 2 4 1 7 5 0 512817 150
220 515880 E 3 0 132 515312 0 124 0 0 103 1 1 2 6 22 6 3 5 40 0 0 120
221 518158 R 1 0 0 1 0 79 0 103 122 0 0 3 0 0 517744 34 28 1 0 0 42
222 509927 M 13 1 1 0 40 83 0 232 44 53 509134 16 1 1 6 41 67 85 0 108 1
223 503662 C 3 503063 0 0 115 9 1 0 0 9 0 0 0 0 118 105 0 0 38 97 104
224 502068 N 4 1 85 12 0 0 13 55 116 0 19 501652 0 0 2 62 6 0 0 41 0
225 504100 I 0 0 13 0 40 0 0 503682 0 112 5 20 2 1 2 16 105 85 3 14 0
226 504626 L 0 0 0 0 40 0 59 108 0 504291 0 0 92 0 7 7 0 22 0 0 0
227 504518 K 2 0 0 81 0 1 0 40 504250 3 0 26 1 5 76 7 9 5 0 0 12
228 498070 G 36 12 0 85 1 497668 0 1 3 1 2 0 2 0 80 1 2 90 0 0 86
229 494241 K 1 0 0 88 0 7 2 20 493948 3 2 56 3 3 73 6 9 1 0 0 19
230 494485 F 0 3 0 1 494127 7 0 26 1 180 0 0 9 3 3 71 3 25 3 22 1
231 489021 Q 38 8 0 19 1 31 28 7 122 121 26 3 37 488152 319 7 38 4 1 1 58
232 483793 T 64 10 0 0 1 0 97 79 100 17 0 1 42 13 48 47 483270 2 0 0 2
233 482244 A 481282 17 126 2 0 23 11 4 0 75 0 31 78 0 11 118 401 61 1 3 0
234 476372 A 475323 12 19 122 5 47 0 5 1 11 1 0 375 0 3 227 143 61 4 11 2
235 469624 Q 8 17 5 9 2 2 46 4 88 14 1 0 9 469259 80 3 4 7 0 3 63
236 465408 R 2 0 0 2 0 118 4 0 172 1 108 2 7 7 464836 89 21 9 14 1 15
237 461776 A 460885 2 6 92 3 259 3 0 5 13 80 3 30 4 32 131 123 94 3 5 3
238 453411 M 4 8 1 2 1 88 11 268 35 174 452563 4 9 33 22 50 57 74 1 1 5
239 446111 M 36 8 1 1 1 28 0 211 42 76 445389 5 5 4 12 11 106 170 1 3 1
240 436603 D 18 1 435947 180 0 171 14 0 0 1 0 81 0 0 6 66 2 37 0 79 0
241 423423 Q 2 0 12 18 0 3 14 5 87 42 3 2 10 423074 99 2 5 3 0 1 41
242 411291 V 139 13 4 60 2 28 3 15 4 121 95 6 9 2 10 4 3 410768 2 1 2
243 404312 R 53 1 2 2 19 110 17 101 192 27 1 0 15 16 403537 79 63 17 1 1 58
244 388461 E 6 3 63 388067 0 92 0 0 87 4 0 2 10 11 4 5 6 27 1 2 71
245 378711 S 38 15 0 2 0 312 1 67 0 9 0 45 134 1 57 377993 32 5 0 0 0
246 365368 R 5 2 0 0 0 21 8 0 65 62 0 1 22 135 364957 5 4 4 74 0 3
247 350310 N 3 8 61 0 12 13 3 26 47 24 4 349767 2 6 28 221 15 15 1 52 2
248 336261 P 14 10 1 1 0 2 4 1 3 64 0 2 335903 109 16 39 52 8 31 1 0
249 321920 G 14 5 1 39 1 321642 0 4 2 1 1 1 4 3 63 4 5 54 0 1 75
250 311404 N 15 6 75 3 9 7 10 22 27 2 9 311070 8 6 7 62 10 21 13 19 3
251 300348 A 300039 0 79 3 0 13 0 1 0 11 1 0 15 0 0 60 76 47 1 2 0
252 288120 E 1 1 76 287841 2 56 0 0 43 1 0 4 4 14 0 1 2 24 0 1 49
253 275682 I 6 0 0 3 13 2 0 275528 0 4 13 15 0 1 1 4 36 55 0 0 1
254 260717 E 2 0 13 260527 0 34 0 0 64 0 0 0 0 17 0 0 0 15 0 0 45
255 243879 D 3 0 243738 11 0 32 6 1 0 2 0 26 4 0 5 0 1 13 0 36 1
256 228899 L 4 27 3 2 21 2 20 36 0 228700 0 0 58 1 5 0 3 16 1 0 0
257 216147 I 5 0 0 1 11 3 4 215931 0 74 17 25 1 4 0 3 35 30 0 3 0
258 201652 F 0 1 0 1 201522 0 4 15 1 55 0 0 3 0 4 34 0 1 0 8 3
259 191940 L 2 1 4 0 0 8 0 10 1 191723 43 3 34 20 4 13 2 71 0 0 1
260 179757 A 179451 1 1 53 0 19 2 0 0 0 0 0 5 0 0 77 53 93 0 0 2
261 168157 R 0 0 0 0 0 5 0 0 0 34 0 0 3 44 168018 0 0 0 52 0 1
262 156652 S 6 10 1 0 19 2 0 2 0 3 0 0 24 0 1 156533 12 1 0 38 0
263 141071 A 140540 11 0 45 1 73 0 0 0 3 1 3 2 1 0 82 257 49 1 0 2
264 127586 L 12 2 0 7 20 4 20 34 0 127407 25 0 26 7 2 4 5 10 0 0 1
265 111632 I 7 8 0 0 0 2 0 111374 7 49 53 1 4 0 1 2 17 105 0 0 2
266 98958 L 8 4 0 1 28 2 0 24 1 98808 9 0 1 0 2 17 3 32 3 2 13
267 89850 R 1 1 0 1 1 10 2 13 93 1 1 2 3 2 89697 5 6 0 3 0 8
268 80444 G 0 0 0 11 0 80301 1 0 0 1 0 0 7 1 20 61 11 18 12 0 0
269 69364 S 25 2 0 0 0 8 1 0 0 12 0 0 13 0 0 69260 21 2 1 0 19
270 56058 V 10 0 3 0 8 3 0 8 0 4 0 3 0 4 1 0 4 56010 0 0 0
271 45118 A 45055 0 13 0 0 11 0 0 0 0 0 1 3 0 1 7 13 14 0 0 0
272 38446 H 3 0 3 0 0 1 38400 0 1 5 0 5 1 6 7 4 0 0 0 10 0
273 31429 K 0 0 0 2 2 1 1 6 31398 1 0 8 1 0 6 1 1 0 0 0 1
274 22992 S 0 0 0 0 0 2 0 0 0 0 0 0 6 0 1 22968 9 0 0 6 0
275 19978 C 5 19936 1 1 2 0 0 2 1 1 0 0 0 0 5 6 1 1 0 3 13
276 14832 L 0 1 0 0 0 0 0 0 0 14817 6 0 1 5 1 0 0 1 0 0 0
277 12294 P 9 1 0 0 0 6 20 0 1 21 0 1 12172 0 23 30 7 2 0 0 1
278 11261 A 11076 6 31 0 1 43 2 3 2 8 2 2 10 0 0 14 36 21 3 0 1
279 9895 C 2 9821 0 0 7 1 0 0 0 2 0 0 0 0 51 1 0 0 0 2 8
280 12957 V 3 9 0 1 0 0 0 4 0 2 3 0 0 0 0 0 0 12935 0 0 0
281 16241 Y 0 1 1 1 4 3 3 0 0 1 0 3 0 0 1 2 0 0 0 16221 0
282 12857 G 33 1 0 6 2 12788 1 1 0 1 0 0 0 0 11 7 2 0 0 1 3
283 31845 P 126 40 2 1 57 296 39 23 35 184 43 12 30470 23 72 207 51 147 6 10 1
284 42452 A 42135 0 36 0 0 7 3 0 0 0 14 0 43 3 6 53 50 100 0 2 0
285 48822 V 10 14 0 7 4 1 1 14 0 29 0 0 1 0 1 4 1 48733 0 1 1
286 57541 A 57433 0 12 0 0 51 1 0 0 1 0 0 1 0 10 12 5 13 0 2 0
287 65134 S 0 13 0 0 0 6 0 8 0 0 0 8 0 1 27 65056 15 0 0 0 0
288 75411 G 3 10 7 0 0 75359 0 0 0 0 0 0 0 0 2 16 0 14 0 0 0
289 89863 Y 1 15 0 1 10 1 50 26 7 4 2 6 0 0 26 3 6 1 0 89686 18
290 104995 D 0 0 104893 26 1 24 5 0 0 0 0 20 0 0 1 2 1 9 0 13 0
291 119005 F 1 2 0 0 118880 1 0 3 0 66 0 0 0 0 4 30 1 4 0 13 0
292 131756 E 28 0 7 131473 2 52 8 2 40 1 1 1 14 5 8 16 6 69 0 0 23
293 141132 K 3 0 2 18 0 8 4 5 141002 5 0 7 1 3 22 9 34 7 0 0 2
294 154278 E 78 7 37 153553 5 59 82 6 15 11 0 106 1 13 83 84 92 10 1 1 34
295 167720 G 8 0 2 36 1 167596 0 0 0 0 0 0 0 0 28 0 0 26 0 0 23
296 182631 Y 2 24 3 1 11 0 26 0 1 4 1 14 2 0 1 4 0 1 1 182486 49
297 196704 S 0 10 0 1 12 3 0 0 0 3 0 0 25 0 3 196552 32 1 0 60 2
298 214693 L 0 0 1 0 20 4 0 14 2 214605 3 1 0 1 4 32 2 0 0 0 4
299 231647 V 37 0 1 26 0 5 1 1 2 64 20 0 2 0 5 0 1 231482 0 0 0
300 243564 G 17 1 0 53 0 243339 0 0 1 2 0 1 1 0 52 2 1 46 1 0 47
301 253872 I 16 1 0 7 7 8 58 253242 18 37 95 3 6 4 183 51 47 47 4 34 4
302 269764 D 138 10 269267 54 0 44 19 0 4 4 1 47 20 9 29 20 3 18 10 67 0
303 286193 P 10 1 0 0 0 4 60 4 4 22 0 0 285946 0 17 40 66 4 1 0 14
304 297694 F 26 15 0 5 297222 10 0 39 0 181 9 9 6 3 4 83 4 39 1 35 3
305 308623 K 16 1 0 61 7 10 2 22 308229 21 4 47 2 12 126 18 7 17 0 0 21
306 319888 L 1 11 5 1 2 5 1 3 0 319611 77 0 71 45 23 0 7 21 0 1 3
307 336008 L 6 8 2 6 31 10 26 86 0 335643 12 0 58 81 7 8 2 20 1 1 0
308 351883 Q 139 329 2 27 1 39 68 23 87 87 45 3 4 350740 145 38 12 42 14 7 31
309 364248 N 108 1 48 2 10 411 15 92 126 107 16 362660 9 9 161 281 132 32 16 8 4
310 378837 S 116 87 0 0 3 164 11 85 1 6 0 65 1 9 107 377611 228 60 0 281 2
311 389968 Q 12 2 6 22 3 13 28 2 131 26 3 105 6 388532 755 223 6 22 2 9 60
312 404735 V 52 19 0 36 5 10 0 97 0 180 41 5 2 2 9 0 64 404208 2 1 2
313 418858 Y 6 87 5 1 47 26 66 7 2 30 1 37 10 2 6 49 3 21 3 418303 146
314 433223 S 29 178 3 5 2 123 1 110 0 13 0 57 6 0 98 432482 57 54 0 0 5
315 443767 L 24 5 21 4 5 12 5 105 2 443382 10 4 91 31 20 3 5 28 3 5 2
316 455365 I 4 57 1 3 26 13 5 454974 0 54 25 41 0 0 7 6 60 70 3 7 9
317 462428 R 7 5 4 1 4 166 1 114 66 9 0 1 0 1 461969 29 25 2 1 3 20
318 470309 P 120 3 3 5 9 33 63 11 48 143 8 4 469333 153 82 149 63 64 3 3 9
319 478458 N 56 34 80 26 4 284 5 25 158 91 1 477207 8 21 138 156 75 53 1 31 4
320 486358 E 2 3 119 485874 1 80 1 1 79 8 0 0 0 17 4 5 0 38 3 0 123
321 488518 N 12 5 95 3 0 14 1 62 102 15 5 487726 0 2 216 107 27 108 2 16 0
322 491316 P 106 12 9 4 1 57 4 6 25 81 0 17 490645 103 49 67 121 3 0 0 6
323 493946 A 492699 11 1 144 22 116 65 18 13 117 9 23 21 26 94 207 112 219 1 6 22
324 498010 H 0 1 20 0 2 3 497437 1 1 101 0 117 20 157 75 15 0 2 3 51 4
325 497512 K 0 0 2 111 0 1 4 1 497090 1 21 137 0 3 120 1 7 0 0 2 11
326 497364 S 3 36 0 0 0 75 0 58 0 0 0 90 0 0 51 497039 10 1 0 1 0
327 494155 Q 0 0 3 24 0 0 147 0 81 44 0 2 10 493648 126 10 1 2 0 0 57
328 488952 L 11 3 3 5 1 16 2 148 4 488324 172 15 67 45 42 4 6 59 1 1 23
329 488719 V 73 2 2 40 2 44 0 25 0 93 52 0 16 5 5 6 11 488338 1 1 3
330 491901 W 8 136 2 0 7 20 2 4 0 130 3 0 3 4 111 26 4 3 491262 6 170
331 488742 M 16 1 3 0 0 7 1 195 43 135 488051 5 10 37 8 17 71 126 5 5 6
332 488152 A 487517 1 2 123 5 53 4 0 13 1 6 1 20 1 6 190 102 93 2 7 5
333 489493 C 52 488580 7 0 149 16 3 5 2 23 5 3 1 0 136 198 9 28 26 128 122
334 486569 N 23 135 88 2 5 18 19 30 27 11 4 485971 1 2 1 125 27 3 0 70 7
335 483578 S 73 54 3 2 39 12 6 10 1 4 3 3 60 6 4 483130 42 1 1 117 7
336 480999 A 480144 0 141 1 0 70 0 0 2 78 0 1 17 0 6 183 297 54 0 5 0
337 478938 A 478432 13 1 105 0 45 0 1 1 6 2 6 30 3 5 135 78 68 3 1 3
338 477958 F 4 4 0 0 477631 43 11 23 0 85 0 3 9 2 0 85 1 17 7 25 8
339 479259 E 9 0 75 478820 1 104 0 0 49 3 1 0 2 31 0 0 0 29 0 0 135
340 474437 D 5 2 474035 35 0 76 22 0 1 13 0 102 2 0 1 14 1 38 0 89 1
341 473156 L 0 5 0 0 0 13 0 94 2 472805 0 0 116 32 7 1 0 81 0 0 0
342 472797 R 42 4 0 2 1 133 0 92 59 6 2 2 4 93 472226 48 32 11 5 0 35
343 471745 V 66 1 0 30 0 3 0 92 0 226 8 24 2 0 3 0 0 471288 0 0 2
344 472516 L 3 1 0 0 55 7 2 52 0 472204 6 1 0 0 6 84 3 15 0 1 76
345 476552 S 11 33 18 1 0 128 2 86 2 11 2 61 1 5 152 475976 48 4 7 1 3
346 477461 F 2 41 1 3 476765 34 3 39 5 274 36 1 0 0 2 96 7 95 0 57 0
347 476520 I 7 30 0 0 47 3 2 476143 1 16 33 49 1 0 2 10 55 115 1 0 5
348 472498 R 1 0 0 4 0 106 0 104 68 11 0 4 2 1 472086 29 41 8 1 0 32
349 476687 G 18 0 1 82 0 476373 0 0 1 1 0 0 5 0 64 1 0 68 73 0 0
350 478957 T 210 68 0 0 5 315 4 105 57 53 57 37 7 22 22 187 477765 15 12 1 15
351 478405 K 0 0 1 61 13 6 0 22 478095 34 0 47 2 11 60 4 9 1 0 0 39
352 478267 V 74 1 2 32 3 3 0 90 1 181 0 0 2 17 3 21 4 477831 1 0 1
353 484935 S 13 15 0 0 73 0 0 79 0 25 0 1 406 0 21 484155 28 6 25 88 0
354 483939 P 42 5 5 1 1 12 2 5 1 44 0 9 483370 108 162 40 111 8 0 8 5
355 482923 R 0 0 0 0 1 76 0 0 95 0 149 0 0 0 482466 88 23 0 25 0 0
356 488062 G 17 1 5 61 1 487748 0 3 0 1 0 0 0 0 88 3 0 45 87 0 2
357 482341 K 0 5 0 83 0 5 9 39 481976 10 0 59 0 9 105 0 8 1 0 1 31
358 485122 L 3 6 0 2 47 5 20 34 4 484858 1 1 112 0 5 1 8 11 0 1 3
359 492707 S 193 37 6 14 45 14 2 8 124 72 0 1 108 38 47 491831 55 17 1 94 0
360 501591 T 74 17 2 0 0 7 2 35 1 1 0 141 3 2 3 89 501118 90 0 4 2
361 495231 R 0 0 1 0 5 88 0 104 49 49 0 0 5 1 494792 26 54 0 0 4 53
362 501000 G 28 0 0 33 0 500654 0 0 0 0 0 0 3 3 65 1 0 108 3 0 102
363 504619 V 114 4 0 45 0 10 0 314 0 219 0 1 2 0 2 2 1 503905 0 0 0
364 507956 Q 10 91 2 16 31 5 58 51 86 97 553 7 17 506614 82 40 36 84 4 5 67
365 511792 I 3 2 0 0 35 1 1 511530 0 17 7 35 1 1 1 8 77 70 0 0 3
366 517027 A 516574 0 124 1 1 38 0 5 0 0 1 1 17 0 6 132 77 47 2 0 1
367 517603 S 114 4 2 2 2 107 70 1 2 49 0 22 76 8 14 516862 95 11 19 6 137
368 512987 N 30 5 69 5 7 95 18 35 96 87 46 512075 15 18 19 113 224 5 0 23 2
369 516746 E 5 2 19 516333 0 101 0 0 73 7 0 0 1 28 4 5 16 44 0 0 108
370 514782 N 6 24 194 53 21 32 29 77 110 74 6 513801 38 29 40 119 117 0 2 10 0
371 517417 M 6 181 0 2 1 2 3 295 37 120 516555 9 18 1 12 8 72 93 0 0 2
372 519966 D 9 0 519366 140 3 116 50 0 2 9 1 104 7 1 1 28 6 51 2 68 2
373 521793 A 520652 78 180 3 28 32 1 47 15 11 6 9 106 1 84 180 157 178 14 3 8
374 523290 M 13 11 0 0 0 4 4 267 48 98 522651 0 3 0 11 9 89 77 2 1 2
375 521512 E 8 12 37 520957 0 124 0 3 108 18 0 0 1 36 0 18 19 64 1 6 100
376 521793 S 113 20 6 6 0 78 5 2 5 49 1 10 73 6 5 521113 37 123 6 0 135
377 517421 S 26 68 1 4 60 127 32 94 2 9 26 95 9 0 94 516634 72 52 4 3 9
378 514671 T 149 5 0 6 1 28 7 41 2 59 3 87 14 5 74 140 514023 22 1 1 3
379 515253 L 0 10 0 5 40 10 38 158 1 514700 2 7 117 0 19 2 6 123 0 3 12
380 510776 E 10 1 31 510278 0 114 1 10 96 6 0 0 5 37 2 10 0 64 1 1 109
381 510021 L 14 1 1 4 1 7 6 10 0 509676 130 1 98 15 12 6 8 23 3 0 5
382 508124 R 3 1 1 0 3 127 0 27 88 7 0 452 19 5 507292 43 18 4 0 1 33
383 508498 S 140 53 8 4 0 172 5 141 2 2 3 60 2 11 149 507607 75 54 2 4 4
384 507619 R 4 18 1 3 23 184 2 3 117 24 103 6 0 22 506962 76 13 12 34 4 8
385 505923 Y 62 104 5 6 49 28 112 18 0 21 2 52 2 7 39 19 15 3 0 505277 102
386 506374 W 12 91 3 3 2 30 6 4 1 121 1 1 0 11 156 25 7 12 505710 2 176
387 504717 A 504162 1 84 12 0 76 1 0 0 0 0 2 24 0 1 110 140 100 0 0 4
388 499404 I 7 7 4 2 0 6 1 498964 37 87 116 2 4 1 11 0 73 73 0 0 9
389 499090 R 4 2 1 1 6 89 0 107 89 1 0 1 4 0 498692 38 23 4 1 0 27
390 496225 T 80 2 4 0 0 4 1 56 1 4 0 69 9 0 5 59 495913 14 0 0 4
391 500257 R 1 1 2 0 6 123 0 64 81 11 1 2 6 0 499838 37 25 1 2 10 46
392 499774 S 14 24 5 1 2 99 3 98 2 4 0 56 7 3 63 499368 16 2 5 1 1
393 503441 G 24 2 0 48 0 503010 0 1 0 4 0 0 13 2 113 9 0 114 0 1 100
394 503299 G 27 1 0 77 0 502893 0 1 1 0 0 0 0 5 91 1 0 104 0 0 98
395 500004 N 32 3 116 1 3 68 20 34 134 1 6 498988 4 47 220 188 58 17 5 47 12
396 498682 T 340 57 0 3 97 56 127 93 60 245 12 132 83 116 3217 211 493638 139 17 34 5
397 498876 N 17 22 71 2 110 32 11 124 401 61 4 497532 4 9 237 125 44 25 30 13 2
398 494645 Q 19 13 5 37 5 63 45 23 223 75 2 4 45 492358 1521 42 19 76 4 29 37
399 490817 Q 125 18 0 30 115 138 228 24 158 180 26 1 305 486458 2753 87 43 47 0 20 61
400 487541 R 12 0 0 3 1 143 5 6 130 9 57 1 3 4 487052 52 6 13 43 0 1
401 489301 A 485252 27 107 2 1 64 33 16 87 2 2 11 72 2 3102 222 132 158 5 4 0
402 487554 S 83 42 0 10 42 37 215 1 85 5 1 1 164 86 525 486056 99 48 0 49 5
403 484271 A 482385 24 0 106 0 67 13 2 37 18 3 158 72 57 238 154 554 350 12 12 9
404 486161 G 291 174 145 12 7 484972 0 4 5 16 1 2 2 0 30 385 2 106 1 1 5
405 496200 Q 6 0 1 18 2 0 21 0 99 29 0 1 23 495833 95 0 0 4 2 0 66
406 493177 I 1 11 0 1 32 0 0 492784 0 29 15 58 0 7 20 42 106 65 0 6 0
407 499629 S 73 375 0 0 0 111 0 123 0 0 5 62 0 7 78 498735 44 3 0 13 0
408 500561 V 127 6 0 62 0 10 1 0 0 168 129 0 0 1 0 7 11 500039 0 0 0
409 502208 Q 261 109 0 30 2 70 96 121 105 35 6 47 16 500249 103 185 187 277 51 41 217
410 503057 P 444 29 0 0 0 31 121 0 0 43 20 0 502197 5 17 87 57 4 0 0 2
411 510220 A 509009 33 0 140 0 43 1 0 0 6 0 0 21 0 78 366 365 158 0 0 0
412 515280 F 2 11 0 4 514899 3 0 58 3 162 21 1 0 0 0 60 1 24 3 14 14
413 518579 S 24 19 2 3 57 19 1 1 5 3 0 5 85 4 26 518182 28 6 0 105 4
414 521351 V 161 23 0 74 1 18 2 10 0 318 202 0 2 2 6 6 69 520451 3 2 1
415 527399 Q 132 7 14 54 40 220 41 5 171 214 47 0 13 524539 513 1020 116 141 11 5 96
416 528602 R 3 0 0 0 1 145 2 80 58 5 0 0 0 0 528206 40 26 3 12 0 21
417 532998 N 48 6 76 2 28 205 246 248 135 363 0 530647 40 85 468 106 124 85 26 52 8
418 537164 L 38 34 1 3 44 8 41 193 1 536239 108 0 109 0 6 1 1 332 2 0 3
419 538873 P 107 26 1 19 13 6 1 6 10 95 5 1 538151 127 36 59 104 100 0 1 5
420 539075 F 460 20 2 5 537209 32 32 51 4 442 8 3 4 4 5 449 30 242 0 66 7
421 545612 D 627 6 539534 142 10 135 174 331 18 1064 92 502 4 46 260 1567 84 733 1 279 3
422 546294 K 81 7 3 105 72 572 209 42 544297 112 57 130 0 34 228 160 26 83 1 53 22
423 544009 P 142 21 8 30 30 978 107 20 58 109 3 119 539466 214 2149 380 140 21 0 10 4
424 543873 T 254 54 80 61 43 17 190 451 2 126 1 125 29 36 57 300 541886 110 47 3 1
425 545673 I 36 70 6 13 41 1 2 544769 12 31 45 63 0 0 5 12 166 385 3 0 13
426 539710 M 92 8 1 3 0 18 5 467 57 181 538194 26 2 17 49 22 350 201 16 0 1
427 538562 A 535444 527 20 146 2 224 288 20 28 145 3 63 48 19 143 384 443 552 2 59 2
428 530061 A 528505 151 6 113 37 77 22 2 22 9 3 53 40 4 23 454 377 145 2 12 4
429 522934 F 3 28 0 1 521929 13 1 31 6 331 0 4 0 3 8 82 5 26 0 440 23
430 514537 T 175 32 1 3 6 573 4 84 60 70 6 134 172 4 929 378 511835 55 10 1 5
431 503769 G 130 47 1 70 76 502409 110 55 24 75 11 3 7 62 125 98 6 279 172 8 1
432 494044 N 145 215 119 11 69 85 115 92 82 116 9 491361 56 285 253 191 587 59 14 173 7
433 486398 T 124 42 32 49 29 171 4 154 126 191 69 12 37 117 124 118 484918 43 18 19 1
434 474523 E 39 29 142 473336 1 181 1 33 85 132 17 14 27 50 32 54 18 170 18 8 136
435 462473 G 33 5 3 121 0 462035 0 2 0 0 0 2 4 1 107 4 1 81 6 0 68
436 450572 R 2 0 2 6 1 86 16 113 72 9 0 2 1 0 450174 22 24 8 3 1 30
437 434477 T 86 28 28 12 6 2 6 53 74 2 0 2 21 1 21 109 433997 11 2 2 14
438 422190 S 64 11 1 8 7 1099 46 2 1 47 21 193 100 17 10 420351 58 5 7 13 129
439 411095 D 5 1 410633 122 0 57 21 2 0 9 0 69 0 0 13 1 1 68 1 88 4
440 397947 M 38 7 5 7 7 54 6 192 55 42 396134 17 8 12 22 33 53 66 64 1121 4
441 386406 R 0 1 1 1 2 100 0 1 54 7 97 0 0 0 386018 73 17 0 32 0 2
442 373912 A 371885 25 12 82 8 47 10 181 21 99 9 52 8 2 17 554 691 204 4 0 1
443 364297 E 4 1 34 363971 0 71 0 3 46 3 0 24 1 18 2 7 2 23 2 0 85
444 352798 I 6 15 2 3 17 25 0 352246 0 21 1 15 12 8 9 5 118 289 3 1 2
445 338673 I 6 9 2 2 2 26 0 338261 25 27 81 7 1 3 14 5 95 96 2 3 6
446 324216 R 167 44 64 81 6 263 29 13 161 40 108 23 444 44 322180 289 154 84 20 2 0
447 312160 M 34 3 9 27 14 45 51 204 35 59 311104 13 1 57 237 44 108 69 2 29 15
448 298604 M 6 1 0 0 2 2 0 143 38 138 298121 0 1 4 14 4 60 66 2 0 2
449 282065 E 3 1 17 281743 0 87 5 1 41 3 0 2 1 15 7 27 5 39 0 4 64
450 268935 G 14 91 160 3 1 267901 7 35 29 32 0 6 6 1 37 132 358 88 28 5 1
451 253624 A 250753 3 15 96 392 349 32 3 57 116 5 0 42 61 164 103 199 203 1 1028 2
452 236558 K 10 1 1 37 3 26 9 32 236131 50 1 51 73 4 47 11 2 58 0 0 11
453 220332 P 99 137 1 0 0 244 15 3 4 244 0 11 219069 92 99 42 114 4 149 1 4
454 207840 E 149 11 24 206441 122 268 5 1 35 331 0 3 13 19 14 212 15 71 7 31 68
455 187377 E 30 112 28 186131 8 173 18 149 54 35 5 47 22 43 107 115 63 172 6 8 51
456 170236 M 145 48 0 2 24 85 12 55 110 27 169147 11 1 5 243 196 14 55 21 35 0
457 159215 S 37 13 3 0 15 71 8 0 1 39 0 33 40 41 6 158820 53 7 0 26 2
458 149323 F 1 3 0 0 149090 4 14 8 1 105 2 0 0 0 0 50 2 10 16 16 1
459 140020 Q 65 2 3 16 73 207 103 13 52 81 12 3 20 138469 776 43 44 19 2 0 17
460 130133 G 144 39 0 27 3 129585 0 0 16 15 2 5 0 1 215 31 8 37 3 0 2
461 122176 R 6 1 0 0 1 22 0 0 0 57 2 0 7 49 121982 0 0 1 47 0 1
462 115316 G 15 1 0 36 2 115140 2 1 0 0 0 2 4 0 41 3 0 22 2 0 45
463 100781 V 19 5 9 0 29 13 0 58 0 5 1 0 0 0 3 4 2 100632 1 0 0
464 294934 F 0 9 1 16 294496 5 7 44 0 169 0 3 77 8 0 58 6 10 0 25 0
465 299426 E 4 0 108 299056 0 63 0 0 47 1 0 0 0 24 4 1 1 15 5 0 97
466 314009 L 51 9 19 9 202 80 471 273 82 311696 86 68 148 103 21 27 193 241 175 51 4
467 328927 S 10 17 0 12 16 59 16 7 65 81 8 4 45 0 46 328344 105 10 21 3 58
468 338607 D 2 1 338320 40 0 82 15 0 0 0 0 51 1 0 0 1 5 21 0 68 0
469 361307 E 58 2 35 360625 3 97 5 20 85 22 1 8 1 57 12 18 19 116 0 5 118
470 378128 R 0 0 0 0 0 63 0 0 87 0 109 0 0 4 377718 125 10 0 12 0 0
471 396355 A 396023 0 0 65 0 22 1 0 0 0 0 1 8 0 1 73 65 94 2 0 0
472 418738 A 417916 7 0 73 0 22 12 0 0 0 0 0 23 3 2 212 312 155 1 0 0
473 433101 N 23 55 70 4 0 20 102 34 100 53 0 432080 12 4 313 139 44 13 9 26 0
474 450812 P 524 2 0 1 0 1 0 0 0 86 0 0 449704 74 258 43 91 4 23 0 1
475 465315 I 2 0 0 0 51 2 4 464932 5 44 23 42 3 1 5 7 55 137 2 0 0
476 467277 V 473 1 0 44 0 97 0 0 0 295 153 0 15 9 42 1 4 466142 1 0 0
477 479017 P 16 1 0 5 1 0 55 0 0 66 0 0 478726 0 14 56 77 0 0 0 0
478 494980 S 5 22 4 1 51 2 0 4 16 63 1 0 91 6 50 494518 33 39 4 70 0
479 508926 F 9 90 5 2 508013 34 3 78 0 279 1 16 44 26 115 67 19 66 1 58 0
480 515477 D 7 14 513925 150 10 147 67 0 35 17 5 91 30 22 351 329 14 77 9 176 1
481 525992 M 10 26 2 4 11 10 7 319 35 52 525197 0 7 3 87 4 90 127 0 1 0
482 530029 S 0 55 1 0 1 104 0 177 0 3 0 103 0 0 71 529430 83 0 1 0 0
483 546190 N 0 0 74 0 0 2 11 36 115 0 0 545860 0 12 1 61 2 1 0 15 0
484 551018 E 23 2 55 550305 1 92 0 0 89 4 0 1 27 59 0 7 41 125 1 0 186
485 553421 G 110 37 0 66 70 552352 8 1 28 10 0 0 6 2 387 16 0 156 13 1 158
486 552599 S 3 19 0 0 27 0 0 0 0 0 0 3 74 0 1 552368 36 0 1 67 0
487 551560 Y 0 61 1 0 35 0 112 1 0 1 0 8 0 0 0 2 0 0 3 551293 43
488 548700 F 0 4 0 0 548357 0 0 31 0 187 0 0 0 0 0 75 0 3 1 42 0
489 549470 F 0 3 0 0 549111 0 0 25 0 223 0 0 1 0 0 62 0 3 0 40 2
490 547589 G 31 0 0 62 1 547080 0 0 0 1 0 0 0 0 178 0 0 116 0 0 120
491 547857 D 8 4 547199 108 1 185 42 3 1 7 2 62 0 0 3 3 1 80 14 132 2
492 546435 N 1 1 77 0 40 6 6 32 44 3 2 545974 0 0 114 100 6 0 0 29 0
493 545951 A 544989 0 0 123 2 90 10 3 0 22 0 0 33 10 5 192 292 176 0 1 3
494 545544 E 17 0 150 544954 0 91 6 5 70 5 10 1 13 36 2 1 0 41 1 0 141
495 543070 E 5 0 300 542250 0 160 1 1 84 7 2 3 28 34 11 37 1 30 8 0 108
496 518816 Y 22 168 2 0 192 16 85 10 1 4 3 42 0 0 19 13 1 16 7 518096 119
497 535608 D 638 128 530918 163 0 680 53 89 43 64 475 387 1 2 64 183 381 1145 8 129 57
498 527764 N 278 164 91 13 36 723 101 406 1008 180 198 519337 33 98 2756 768 693 288 47 47 499
