# nucleotide counts
# upper case indicates nucleotide called by both reads
# lower case indicates nucleotide called by one read with other ambiguous
# N indicates disagreement between reads, or both ambiguous
# POSITION WT COUNTS A T C G a t c g N
1 A 996960 990253 74 8 150 6140 13 3 1 318
2 T 998207 111 990741 155 12 4 6805 1 0 378
3 G 999220 198 210 46 991364 4 11 1 7068 318
4 G 999680 91 129 25 992142 1 3 2 7050 237
5 C 1000922 263 304 992202 48 5 12 7778 3 307
6 G 1002439 234 205 37 993046 0 4 2 8545 366
7 T 1003727 45 993802 192 17 1 9069 8 5 588
8 C 1005061 134 119 994619 34 7 9 9933 1 205
9 C 1006545 164 328 994816 42 6 12 10561 1 615
10 C 1007875 244 160 996069 38 4 12 11035 1 312
11 A 1009577 997018 62 19 203 11837 14 6 4 414
12 A 1011145 997912 61 24 183 12638 15 2 3 307
13 G 1011910 204 299 54 998147 10 16 4 12709 467
14 G 1013315 159 163 35 999405 3 8 6 13262 274
15 C 1015230 264 138 1000383 46 4 21 14105 3 266
16 A 1016406 1000467 76 11 185 14720 10 9 12 916
17 C 1017846 138 115 1002135 34 3 12 15219 2 188
18 C 1020111 279 110 1002746 59 5 7 16461 1 443
19 A 1022174 1003660 40 11 94 18100 10 4 5 250
20 A 1023916 1004839 64 9 129 18467 3 3 2 400
21 A 1025334 1006157 56 56 147 18355 10 4 9 540
22 C 1026902 258 207 1007342 41 13 27 18741 1 272
23 G 1028466 168 192 29 1009013 13 23 7 18770 251
24 G 1030765 248 127 22 1010866 4 8 13 19261 216
25 T 1032942 68 1009820 157 5 10 20972 3 7 1900
26 C 1035059 325 93 1011483 77 6 9 22540 8 518
27 T 1037234 47 1011745 445 17 4 24735 15 1 225
28 T 1039431 21 1010755 282 6 5 27913 20 5 424
29 A 1042381 1010461 45 10 165 31321 17 2 7 353
30 T 1045249 140 1010910 316 9 15 33647 11 1 200
31 G 1046556 201 266 81 1009043 14 43 16 36617 275
32 A 1049072 1008738 88 11 171 39802 10 6 16 230
33 A 1051392 1008857 81 12 171 41945 20 3 20 283
34 C 1054560 356 154 1008886 54 35 26 44819 12 218
35 A 1057659 1007708 84 21 174 49172 33 12 17 438
36 G 1058601 155 335 63 1005472 18 48 25 52195 290
37 A 1061208 1003436 93 7 136 56937 25 7 33 534
38 T 1063701 87 1001350 132 12 31 61845 14 13 217
39 G 1065860 188 193 62 997632 48 60 9 67402 266
40 G 1067420 119 235 69 994519 46 25 19 72067 321
41 A 1069145 988058 59 7 203 80341 26 13 34 404
42 A 1071024 984836 34 11 357 85414 18 10 52 292
43 A 1072200 984672 80 25 147 86852 34 28 34 328
44 C 1073834 230 70 983843 33 53 22 89406 27 150
45 T 1076950 62 979013 205 16 20 97408 27 20 179
46 G 1076811 120 263 76 974537 36 77 16 101492 194
47 A 1077176 971933 84 11 180 104583 28 23 56 278
48 T 1078461 105 969514 142 27 48 108358 33 39 195
49 G 1078363 178 251 42 961471 67 126 35 115807 386
50 G 1076953 137 175 40 955935 74 114 23 120181 274
51 G 1074679 383 159 55 950099 68 92 22 123392 409
52 G 1072549 283 175 43 944324 106 57 28 127189 344
53 A 1071698 940024 45 4 264 130841 32 31 94 363
54 A 1068336 936964 31 24 207 130488 27 54 70 471
55 C 1065868 214 249 927992 34 94 89 136869 49 278
56 G 1060519 378 209 55 920939 103 57 59 138426 293
57 C 1058522 155 82 915357 25 87 70 142285 61 400
58 C 1062511 224 150 908928 67 141 50 152502 62 387
59 A 1064412 901047 78 1973 270 160126 79 349 96 394
60 G 1058502 80 257 37 898553 71 99 29 159153 223
61 A 1055614 891388 60 4 136 163227 61 28 82 628
62 A 1053559 880664 52 16 162 172110 54 57 54 390
63 T 1053326 53 872332 148 14 69 179885 80 154 591
64 G 1047300 194 233 45 860153 174 115 41 186131 214
65 C 1043831 250 164 847926 40 227 96 194688 93 347
66 A 1042725 834099 50 125 155 207597 77 99 132 391
67 A 1038237 823130 84 10 164 214213 76 28 135 397
68 C 1036167 282 48 816423 46 234 55 218744 116 219
69 T 1035893 82 816832 156 16 147 218251 81 47 281
70 G 1028902 169 215 59 808592 178 185 71 219226 207
71 A 1024523 799824 57 12 130 223883 160 84 126 247
72 G 1018966 202 235 38 791941 248 195 83 225826 198
73 A 1013573 777120 53 2 128 235686 98 71 157 258
74 T 1008135 69 763898 82 2 130 243525 107 117 205
75 C 1004657 238 81 747499 60 483 123 255420 151 602
76 A 1002311 734523 66 20 191 266860 172 55 140 284
77 G 991237 124 202 54 723216 170 232 76 266964 199
78 A 983860 707100 35 7 121 275972 65 83 171 306
79 G 973051 107 181 27 692868 229 164 74 279125 276
80 C 964640 226 118 687895 31 281 190 275509 138 252
81 A 957817 672475 42 11 100 284680 97 70 132 210
82 T 949749 46 661938 133 10 137 287063 95 103 224
83 C 943339 174 50 654568 25 270 205 287800 78 169
84 C 948630 182 147 649755 36 503 153 297532 115 207
85 G 942021 195 122 27 644626 463 231 88 296082 187
86 T 931764 51 633926 77 4 212 296606 126 280 482
87 C 925890 163 119 625590 36 264 356 298856 242 264
88 G 908996 202 156 25 621677 352 264 187 285879 254
89 G 894948 106 121 35 611568 204 136 94 282440 244
90 G 398836 78 82 19 307098 89 65 22 91285 98
91 A 394706 307154 37 1 78 87167 46 9 44 170
92 A 390233 302396 27 2 52 87520 78 18 33 107
93 G 388751 60 71 24 303541 51 59 11 84838 96
94 A 388980 303169 24 0 47 85581 15 15 25 104
95 T 391487 20 305557 32 2 24 85742 20 13 77
96 G 393201 47 101 20 312352 42 75 56 80428 80
97 A 394645 315061 25 4 56 79339 13 17 27 103
98 T 395805 36 317468 38 6 28 78053 34 19 123
99 T 398145 32 322389 53 1 40 75421 48 25 136
100 G 399561 60 119 25 327290 50 152 40 71738 87
101 A 403223 330654 34 1 113 72149 23 63 62 124
102 T 407449 36 338293 41 8 70 68856 30 10 105
103 G 410561 68 69 20 341098 41 78 17 69049 121
104 G 415136 39 96 21 345242 46 50 24 69497 121
105 A 418064 348362 29 5 78 69377 28 32 17 136
106 A 421233 356329 18 1 64 64625 17 20 24 135
107 T 423626 22 362044 25 5 23 61334 19 11 143
108 T 429145 32 363932 53 5 22 64968 13 19 101
109 G 433013 61 85 18 370105 31 102 23 62467 121
110 G 436223 33 86 26 376894 18 28 18 59013 107
111 A 440437 380881 31 2 134 59127 26 15 43 178
112 C 447122 80 96 385129 27 23 133 61484 17 133
113 G 452817 77 93 22 389414 27 72 23 62982 107
114 A 458095 395232 25 1 54 62595 23 11 18 136
115 T 463079 26 398042 71 3 16 64679 16 68 158
116 T 466816 27 401821 41 1 19 64710 16 60 121
117 C 469389 117 43 406392 26 47 23 62569 56 116
118 T 476202 44 411766 132 5 16 64039 65 10 125
119 A 481427 416620 47 2 72 64408 41 14 23 200
120 C 486834 126 56 421906 21 49 52 64460 51 113
121 A 493129 425414 34 10 56 67422 12 27 28 126
122 T 497989 36 429525 70 11 54 68087 30 25 151
123 C 503379 96 42 435321 18 51 23 67652 22 154
124 C 509412 103 68 439351 21 46 40 69620 25 138
125 A 515246 443480 30 8 63 71424 46 21 19 155
126 A 519532 447575 13 1 52 71659 21 24 16 171
127 A 525057 453978 18 7 49 70791 14 13 32 155
128 T 529769 18 460160 49 4 20 69344 23 12 139
129 G 532593 96 117 22 466108 43 68 55 65960 124
130 T 537596 56 471461 66 12 31 65643 31 19 277
131 G 542257 94 146 22 477009 28 69 42 64697 150
132 C 547441 128 140 479793 26 28 35 67106 39 146
133 A 551878 486073 67 8 92 65340 26 18 52 202
134 C 555332 135 48 489292 16 65 9 65621 18 128
135 T 559161 24 493120 216 8 30 65538 58 12 155
136 G 560635 86 137 27 497367 28 51 21 62779 139
137 A 565203 501136 29 1 67 63738 34 11 27 160
138 A 569013 505059 44 5 100 63467 35 13 44 246
139 C 572824 131 46 510162 17 54 30 62217 21 146
140 T 578314 19 515554 83 10 28 62389 28 22 181
141 T 583181 58 519175 231 3 28 63448 45 22 171
142 A 586350 521399 42 1 71 64567 40 19 16 195
143 A 591008 524870 18 11 59 65799 16 16 39 180
144 A 594376 526107 30 36 75 67768 30 16 27 287
145 C 598411 111 43 529816 15 40 28 68191 15 152
146 T 602656 26 532000 87 2 16 70292 23 20 190
147 C 606426 159 64 534679 26 44 28 71250 31 145
148 A 610698 537744 35 12 149 72542 20 9 29 158
149 G 613068 40 94 22 540228 19 35 20 72466 144
150 T 616918 92 544176 84 10 34 72109 18 28 367
151 G 621365 50 140 37 546620 21 63 19 74283 132
152 A 623963 551504 45 0 107 72063 17 12 35 180
153 T 626831 53 552976 77 6 17 73445 21 12 224
154 T 632002 13 556413 98 6 33 75201 34 11 193
155 A 636293 561285 55 10 75 74608 34 15 19 192
156 T 639837 62 565763 57 6 22 73675 31 19 202
157 G 642028 104 159 56 570503 42 63 23 70922 156
158 A 645317 574293 59 10 139 70477 83 12 51 193
159 G 646406 101 162 29 575191 36 74 21 70602 190
160 G 647649 118 130 22 577841 49 89 14 69164 222
161 G 648584 104 97 33 580933 36 79 18 67037 247
162 G 649436 190 135 29 584016 42 73 20 64766 165
163 C 652858 137 168 585684 71 77 103 66368 31 219
164 G 656615 162 167 21 584160 89 55 24 71755 182
165 A 658132 586735 83 9 177 70744 21 10 66 287
166 C 661517 68 158 589666 16 38 54 71335 19 163
167 T 667044 53 591115 139 12 38 75439 35 19 194
168 G 668193 98 163 34 592158 36 63 39 75442 160
169 A 671495 595082 54 8 93 75997 22 19 16 204
170 T 674136 52 598312 111 4 29 75326 30 52 220
171 C 678697 131 66 603420 28 44 63 74732 22 191
172 C 682450 134 74 604133 33 110 70 77653 23 220
173 A 685265 606690 47 13 127 78055 82 37 41 173
174 G 684621 189 194 31 606007 78 74 22 77856 170
175 A 689344 606792 46 4 81 82125 24 20 45 207
176 A 691197 605773 54 6 113 84917 31 10 54 239
177 C 693294 147 79 604650 19 40 85 88075 39 160
178 A 694626 606334 20 6 75 87895 78 12 18 188
179 G 693605 64 193 25 609920 28 86 53 83071 165
180 C 694482 195 41 609619 22 59 45 84284 53 164
181 T 699797 43 612425 96 14 28 86925 21 21 224
182 T 703927 69 618336 155 9 68 84949 88 36 217
183 A 706527 620485 50 6 92 85561 42 17 56 218
184 A 709202 622918 68 7 97 85750 57 17 44 244
185 C 712127 160 64 624164 20 136 31 87308 58 186
186 A 716145 626394 41 3 84 89301 31 36 43 212
187 A 715334 627344 46 7 72 87495 46 14 76 234
188 T 717715 50 630427 89 6 53 86758 85 30 217
189 A 719860 630399 47 8 118 88944 81 14 41 208
190 G 719833 62 245 47 633662 43 78 31 85486 179
191 A 720869 634689 30 4 124 85687 64 20 36 215
192 G 720466 58 162 39 637741 34 57 37 82105 233
193 A 722445 636696 49 7 125 85254 59 12 20 223
194 G 722064 91 203 44 635868 26 51 24 85579 178
195 A 721697 637663 32 6 104 83576 19 16 39 242
196 A 723215 640965 35 11 91 81825 14 10 33 231
197 T 724518 65 640649 83 1 41 83413 23 12 231
198 G 723132 99 158 59 639792 35 100 24 82628 237
199 G 724516 134 111 27 637401 44 35 18 86520 226
200 T 727029 102 637345 89 10 55 88622 31 50 725
201 G 731283 161 201 28 639337 46 59 23 91245 183
202 C 734090 173 55 640317 31 54 22 93171 29 238
203 T 737657 40 639949 102 13 45 97216 30 17 245
204 C 740967 162 61 643463 49 76 31 96904 25 196
205 T 741963 63 640300 135 2 85 101137 41 13 187
206 C 741491 129 43 638085 57 77 34 102869 26 171
207 T 743232 54 634961 123 9 93 107755 47 12 178
208 G 737668 202 180 31 631344 139 90 21 105505 156
209 C 738423 192 69 628859 26 69 102 108869 50 187
210 T 743164 24 629532 122 19 52 113068 75 18 254
211 T 744458 41 628905 82 12 60 114992 36 90 240
212 T 745269 16 628745 91 6 79 115987 48 42 255
213 T 745119 30 624979 107 10 78 119636 41 50 188
214 G 740433 102 157 57 622511 161 90 31 117135 189
215 A 736282 619565 77 4 123 116108 59 57 65 224
216 C 735820 115 273 617736 22 88 164 117118 105 199
217 G 735186 180 183 31 617512 162 83 71 116806 158
218 A 735720 619814 54 2 144 115335 74 21 68 208
219 A 736028 618128 30 8 123 117370 50 23 83 213
220 A 735802 618462 29 12 102 116827 82 22 53 213
221 G 732631 93 189 49 619371 77 91 42 112542 177
222 A 733651 621377 55 4 175 111644 50 24 84 238
223 A 731857 621038 46 8 101 110325 55 26 55 203
224 G 729936 73 162 31 621168 62 85 23 108154 178
225 G 725711 119 131 24 619761 81 61 32 105314 188
226 A 722247 616896 52 1 105 104881 31 15 37 229
227 A 722483 615349 29 4 129 106659 35 19 32 227
228 T 721424 80 615220 133 12 68 105640 46 16 209
229 A 720992 613242 19 3 91 107354 31 29 32 191
230 A 719034 612715 30 3 81 105917 15 25 29 219
231 A 714481 610703 39 15 71 103365 30 26 29 203
232 T 712935 47 607998 111 2 21 104470 33 28 225
233 A 712350 611040 42 5 68 100925 32 25 22 191
234 T 708105 51 612462 111 5 27 95190 32 33 194
235 C 707137 190 40 614050 32 60 40 92504 28 193
236 T 708896 60 608258 148 8 44 100135 31 18 194
237 G 704014 147 173 48 606609 61 134 27 96609 206
238 G 703018 78 150 48 604422 67 64 17 97973 199
239 A 702449 601205 40 3 107 100742 21 20 57 254
240 A 701606 599612 36 6 114 101484 66 17 69 202
241 G 699155 86 173 41 599150 83 84 33 99316 189
242 A 697107 598148 44 3 93 98521 61 16 32 189
243 A 697572 597445 67 14 119 99535 19 44 51 278
244 C 697083 159 115 596517 16 76 46 99960 24 170
245 A 700142 596418 47 5 81 103322 37 25 19 188
246 T 699400 41 594354 129 9 36 104512 38 19 262
247 C 700506 129 59 593197 15 62 46 106796 19 183
248 C 702199 122 66 593261 29 119 34 108354 18 196
249 C 706228 145 75 593767 33 141 56 111767 27 217
250 A 709864 596442 6 10 99 113008 21 36 44 198
251 G 705153 85 165 12 599953 48 53 23 104642 172
252 C 701869 180 164 598670 30 67 78 102427 60 193
253 G 699275 226 154 33 596538 58 73 38 101971 184
254 C 697659 167 103 596668 31 70 132 100163 70 255
255 G 697656 153 169 21 598203 43 144 28 98683 212
256 G 695651 94 126 24 595246 40 125 22 99768 206
257 G 694435 95 130 38 595436 34 64 26 98378 234
258 G 692085 112 141 38 594866 54 54 21 96594 205
259 A 693286 596211 60 1 132 96534 48 18 47 235
260 A 693217 600818 30 4 126 91695 316 8 46 174
261 G 691346 133 218 41 601209 49 85 16 89437 158
262 G 688289 87 152 23 601181 56 276 21 86329 164
263 A 687254 601467 47 6 89 85151 258 12 26 198
264 T 685793 58 602559 127 4 22 82486 270 14 253
265 C 683565 126 65 601725 22 38 238 81098 23 230
266 C 686482 168 79 599377 36 112 209 86254 20 227
267 T 690859 63 601317 274 9 94 88714 195 16 177
268 A 689850 601691 12 4 78 87694 19 121 25 206
269 A 688906 603640 25 10 87 84826 43 9 45 221
270 G 687894 85 80 34 605520 67 38 18 81848 204
271 A 687596 606049 32 4 78 81191 14 11 27 190
272 A 687886 604532 18 4 99 82908 59 14 22 230
273 A 686513 602705 13 8 114 83394 18 12 14 235
274 A 684336 602903 36 32 75 80911 29 32 13 305
275 C 684803 102 36 603014 17 56 17 81378 11 172
276 T 685695 40 600923 109 13 11 84340 35 22 202
277 G 683096 112 158 40 600828 31 96 29 81606 196
278 G 682616 81 73 35 602159 25 44 10 79991 198
279 A 685545 603939 34 3 161 81122 37 10 59 180
280 G 684438 81 101 14 603973 31 32 16 80010 180
281 G 683671 73 113 33 603670 34 50 20 79436 242
282 A 682611 602552 60 12 111 79246 23 37 37 533
283 C 683287 71 101 602173 25 36 34 80617 16 214
284 C 684588 132 62 601942 16 49 39 82134 17 197
285 C 685328 167 140 599663 28 88 70 84937 14 221
286 A 687038 599311 63 16 81 87305 31 12 20 199
287 T 685506 54 598637 76 8 37 86453 18 15 208
288 A 683222 598342 33 9 73 84534 25 9 24 173
289 T 684172 59 597535 105 8 32 86203 20 10 200
290 A 682810 596439 82 8 90 85830 31 15 26 289
291 C 682433 156 79 597288 30 70 29 84540 15 226
292 A 683865 595693 35 5 121 87713 27 5 35 231
293 A 684246 594475 52 17 156 89194 49 14 53 236
294 G 683806 78 178 48 594397 34 50 26 88810 185
295 A 682653 592267 44 4 91 89932 53 12 33 217
296 G 679098 69 160 34 590216 26 55 19 88357 162
297 A 678549 590212 41 5 98 87913 23 16 32 209
298 G 677156 99 172 17 590210 27 43 15 86402 171
299 T 678425 74 590859 109 6 124 85771 41 70 1371
300 A 679044 591861 54 16 136 86699 31 15 40 192
301 G 677866 174 201 60 592689 47 69 17 84410 199
302 A 678308 593509 49 8 76 84403 18 13 23 209
303 T 679422 67 592931 186 7 41 85886 51 17 236
304 A 679945 592736 24 5 170 86745 22 9 57 177
305 G 677642 91 110 33 591728 42 41 19 85421 157
306 A 677663 591421 33 5 94 85809 34 13 35 219
307 A 679669 593996 21 10 102 85251 28 6 22 233
308 A 679237 595734 20 7 99 83094 20 27 33 203
309 G 679853 92 127 20 594607 30 36 24 84713 204
310 T 681329 53 593143 59 9 64 87019 26 85 871
311 G 681375 108 143 27 592201 25 81 24 88535 231
312 G 680210 59 150 39 592162 29 50 19 87472 230
313 A 680273 591366 57 6 127 88456 20 6 29 206
314 T 677841 66 591459 88 11 18 85898 13 31 257
315 G 678029 128 224 55 593152 40 75 30 84170 155
316 A 678043 588550 61 7 130 88914 81 12 50 238
317 G 673194 108 147 25 583511 29 135 17 89062 160
318 G 671456 192 88 20 583008 81 80 21 87676 290
319 G 668193 357 148 42 581734 68 76 20 85386 362
320 A 667686 580154 36 4 104 87084 34 11 34 225
321 A 665790 579846 42 11 113 84976 39 72 36 655
322 C 663239 116 56 580184 21 33 25 82643 16 145
323 T 663524 49 579124 112 5 27 83903 34 18 252
324 C 665522 173 87 579350 27 67 41 85567 23 187
325 G 664375 316 101 22 578436 169 48 35 85073 175
326 T 665652 53 577309 115 6 35 87777 35 28 294
327 C 666926 118 49 574641 31 36 32 91768 20 231
328 C 669070 163 42 573928 39 77 34 94489 33 265
329 T 670272 19 573987 106 6 62 95852 33 18 189
330 T 669291 47 572948 68 4 61 95894 42 13 214
331 T 666654 17 571400 92 3 35 94867 22 15 203
332 A 663172 567923 47 6 74 94842 69 12 30 169
333 T 661536 70 564278 71 4 21 96840 28 20 204
334 G 658172 259 168 54 561343 75 72 63 95961 177
335 A 657237 560094 82 7 126 96569 37 17 27 278
336 C 658559 153 106 558126 37 119 30 99702 21 265
337 A 661736 557520 27 8 77 103802 45 13 32 212
338 A 660495 554380 45 6 76 105727 18 20 26 197
339 A 662464 554568 28 11 182 107335 42 16 64 218
340 G 662946 59 146 54 558326 78 72 21 104011 179
341 A 663899 561486 35 1 71 102025 15 10 34 222
342 A 665619 564203 34 6 91 101019 29 9 38 190
343 G 662465 68 168 32 566873 52 53 16 94969 234
344 A 662402 564374 31 5 83 97644 33 8 26 198
345 A 660526 561204 23 1 73 98976 28 7 17 197
346 A 659845 561085 29 3 76 98421 24 11 21 175
347 T 658993 39 557102 71 2 57 101449 22 16 235
348 A 663424 559426 7 4 125 103589 44 12 41 176
349 A 665215 561154 40 10 85 103600 62 9 38 217
350 G 662779 66 139 37 562856 31 52 16 99413 169
351 G 659625 54 113 19 563024 33 29 33 96119 201
352 C 659357 140 105 564495 45 73 69 94163 44 223
353 G 658882 115 142 31 563262 69 48 26 95020 169
354 A 659303 564844 38 4 72 94100 24 14 30 177
355 A 658935 563390 18 5 108 95099 24 18 32 241
356 T 660085 45 564526 75 9 21 95129 28 19 233
357 C 659409 182 32 565990 25 65 26 92907 25 157
358 T 663736 36 566327 94 10 68 96929 26 39 207
359 G 662227 100 113 34 567431 51 68 18 94228 184
360 G 659944 75 106 16 567266 49 38 23 92137 234
361 C 662708 145 162 568161 29 61 106 93794 21 229
362 G 660972 203 146 36 568985 56 64 36 91216 230
363 C 659760 123 52 570496 10 36 28 88845 14 156
364 C 664786 133 71 571467 36 100 40 92567 31 341
365 A 665416 568322 29 9 100 96681 23 16 20 216
366 A 665031 567072 34 15 70 97563 21 22 28 206
367 G 662962 118 216 34 568803 38 55 29 93535 134
368 C 660032 123 77 571033 6 32 23 88517 16 205
369 C 659968 116 389 571158 15 71 98 87908 13 200
370 A 661405 572314 12 6 111 88700 14 19 23 206
371 A 664778 574335 43 7 59 90050 19 14 39 212
372 T 664852 72 575166 110 6 53 89233 31 15 166
373 A 666579 578036 34 5 97 88135 47 11 31 183
374 A 667413 578211 35 7 66 88802 29 27 25 211
375 T 670050 35 579262 58 4 26 90432 39 9 185
376 G 669179 115 150 32 577581 37 65 31 90980 188
377 G 668375 83 100 11 576864 56 37 26 91015 183
378 T 668705 48 578002 101 14 61 89459 53 53 914
379 G 667933 102 181 46 581582 27 79 39 85715 162
380 A 667678 582483 47 6 116 84780 18 15 36 177
381 T 667926 67 582202 454 9 23 84881 67 21 202
382 G 668551 84 167 46 582579 56 66 26 85368 159
383 A 667948 584906 65 9 111 82604 31 11 26 185
384 T 668150 63 584566 117 6 23 83130 49 11 185
385 G 668664 148 165 24 585133 59 60 22 82902 151
386 C 668631 167 105 585808 32 65 74 82189 29 162
387 A 671689 588312 16 12 120 82911 40 12 47 219
388 A 672914 590883 46 1 71 81547 30 37 24 275
389 C 673788 193 52 592389 22 78 26 80809 21 198
390 A 675728 591566 34 13 482 83350 15 17 71 180
391 G 677524 72 180 26 594578 43 65 16 82406 138
392 C 677115 195 36 593624 20 55 40 82968 24 153
393 T 677388 30 592988 87 9 26 84023 29 10 186
394 G 676569 80 162 16 590024 52 69 17 85954 195
395 G 671113 68 104 24 587213 15 38 16 83417 218
396 T 669228 51 585787 100 2 32 82858 22 26 350
397 C 668581 165 52 583264 41 61 19 84812 24 143
398 T 669236 28 581726 135 7 35 87060 31 9 205
399 G 664804 111 181 35 580663 38 46 23 83542 165
400 A 663052 581499 65 9 101 81071 41 17 25 224
401 C 665763 161 68 581701 27 29 13 83591 16 157
402 T 667194 59 581937 119 9 30 84823 21 5 191
403 C 667578 171 50 580647 36 45 25 86421 20 163
404 A 668684 581574 63 13 90 86595 23 18 29 279
405 C 669273 177 93 584215 33 59 34 84465 18 179
406 A 672573 585103 33 17 112 87086 15 19 27 161
407 T 674599 38 586533 95 7 24 87674 31 20 177
408 G 673421 109 176 65 590510 23 65 17 82295 161
409 A 672646 591811 52 4 92 80472 20 12 24 159
410 T 673054 56 589799 103 5 10 82847 25 4 205
411 G 673266 95 171 34 590329 19 51 21 82380 166
412 A 674527 591841 49 4 78 82316 18 12 19 190
413 T 673244 54 593219 69 4 16 79638 17 17 210
414 C 673167 180 36 590469 32 63 20 82187 29 151
415 T 675161 62 590033 160 18 47 84612 35 7 187
416 G 670584 111 150 31 589474 43 75 20 80491 189
417 G 667734 97 118 20 590185 22 37 13 77039 203
418 C 667911 191 119 590115 39 45 34 77149 22 197
419 A 668827 590151 31 7 99 78304 14 8 21 192
420 T 669785 21 590609 93 21 14 78787 27 11 202
421 T 669636 40 591757 84 1 21 77481 30 10 212
422 C 668850 119 63 592181 39 53 21 76157 12 205
423 C 669263 134 88 590855 31 81 34 77812 23 205
424 A 670856 589853 27 4 94 80623 16 8 25 206
425 A 669781 589660 25 5 70 79772 18 9 20 202
426 T 668883 36 588787 84 6 17 79709 24 12 208
427 T 671488 37 589547 89 7 18 81519 22 3 246
428 T 673252 40 589155 113 6 20 83692 22 9 195
429 G 672675 96 190 54 588829 32 93 24 83192 165
430 A 673370 591890 61 2 123 81061 28 6 18 181
431 A 672619 590889 24 6 102 81371 8 10 23 186
432 T 672119 51 588080 90 5 17 83670 18 14 174
433 G 669803 74 180 45 588033 30 74 19 81192 156
434 A 668190 588658 53 2 99 79109 17 12 24 216
435 T 667998 45 587308 108 2 17 80311 24 9 174
436 A 668520 584635 65 5 624 82835 25 13 82 236
437 C 668836 132 71 584098 40 74 41 84186 29 165
438 A 671924 585064 23 2 116 86447 22 21 28 201
439 A 670783 584897 53 8 100 85403 26 28 25 243
440 C 670703 156 52 584813 27 46 61 85378 17 153
441 A 670516 582366 510 6 75 87250 57 13 62 177
442 T 667174 39 579151 100 3 20 87592 64 8 197
443 A 666978 579193 54 8 70 86951 29 95 34 544
444 C 668981 90 543 579525 20 37 86 88409 66 205
445 C 670430 161 60 578789 28 80 44 90988 77 203
446 A 675892 580528 49 9 140 94818 103 12 36 197
447 G 675742 76 173 47 582346 27 39 21 92842 171
448 A 677546 578957 25 2 90 98118 34 72 45 203
449 G 675744 88 139 26 577105 19 109 25 98042 191
450 G 672756 97 106 23 576549 101 39 30 95580 231
451 A 673639 576250 86 8 101 96776 43 22 27 326
452 C 673982 133 91 576958 15 63 49 96450 29 194
453 A 676376 576787 47 8 88 99144 46 10 46 200
454 A 673472 575857 38 11 117 97117 49 17 37 229
455 G 674699 92 79 30 577576 78 67 21 96547 209
456 A 672979 579139 26 5 107 93395 23 16 39 229
457 G 670010 73 187 19 580948 22 50 19 88516 176
458 C 671366 147 40 579756 26 61 12 91140 21 163
459 T 674669 29 581452 80 4 17 92859 32 14 182
460 C 674997 116 40 583504 36 50 40 90950 16 245
461 T 674930 39 585448 80 2 55 89059 25 15 207
462 T 678354 37 585692 72 10 31 92242 22 35 213
463 G 677724 92 158 23 584258 44 65 19 92878 187
464 T 676371 77 581476 104 10 23 94363 34 13 271
465 T 675765 41 579587 83 1 40 95680 101 14 218
466 C 674403 180 150 578843 24 73 78 94853 27 175
467 G 677098 170 134 27 581925 137 114 13 94382 196
468 C 678996 163 105 588755 18 42 36 89699 16 162
469 A 681301 589072 42 13 87 91158 108 53 41 727
470 C 683207 75 115 588415 18 31 35 94239 96 183
471 C 685977 206 167 587842 26 72 113 97264 76 211
472 G 687261 237 134 39 586832 97 115 15 99557 235
473 G 686143 170 127 29 589350 79 59 34 96075 220
474 C 686424 648 115 588336 34 134 63 96885 24 185
475 A 684166 587582 61 15 109 96116 17 13 56 197
476 T 684156 28 586701 71 12 14 97088 29 34 179
477 G 681758 115 134 30 585795 78 70 23 95297 216
478 G 678119 71 140 17 587566 42 44 25 90029 185
479 A 679216 588959 41 7 100 89809 19 29 27 225
480 T 679959 45 590603 93 6 29 88899 37 19 228
481 C 679881 125 60 590514 21 42 28 88846 18 227
482 C 682049 134 50 592944 21 77 33 88532 21 237
483 C 682845 166 92 592363 35 98 41 89807 21 222
484 A 687054 595573 34 22 131 90997 43 20 47 187
485 G 686462 64 144 21 596865 38 74 17 89035 204
486 G 685193 73 155 17 598271 43 49 15 86371 199
487 A 684147 596459 50 6 133 87197 18 21 38 225
488 T 685327 32 597433 58 2 23 87519 20 18 222
489 G 683772 109 168 27 598264 42 53 25 84893 191
490 T 684030 62 598511 90 12 46 84836 30 33 410
491 G 682911 173 172 27 597237 49 59 18 85006 170
492 C 682906 150 79 595491 28 49 21 86875 30 183
493 T 686694 34 593786 98 11 43 92422 40 51 209
494 C 688524 169 48 592007 36 106 30 95833 27 268
495 T 690395 38 591489 96 5 83 98417 39 46 182
496 C 691198 193 49 590735 49 78 22 99868 28 176
497 T 693322 39 592015 158 6 99 100740 49 41 175
498 G 690093 81 183 35 593755 64 60 71 95667 177
499 A 689527 595369 53 10 86 93620 43 38 88 220
500 T 692647 42 598665 96 7 43 93511 55 11 217
501 G 693906 145 187 37 597632 77 47 40 95568 173
502 C 694809 162 112 600610 41 45 110 93527 23 179
503 A 694748 600862 27 16 207 93268 64 10 69 225
504 G 691990 442 187 30 600668 82 93 37 90245 206
505 G 688729 74 123 15 599080 30 69 29 89085 224
506 G 689560 88 93 22 599300 34 54 22 89746 201
507 T 689623 32 600178 102 7 36 88639 50 42 537
508 T 686778 51 601087 81 5 42 85253 36 12 211
509 C 687804 143 168 602945 28 67 155 84114 19 165
510 G 688424 511 147 20 602222 211 67 48 85013 185
511 A 688532 602426 45 4 99 85337 49 25 46 501
512 C 690984 142 53 606157 29 60 28 84318 18 179
513 T 693007 43 605346 111 9 28 87138 51 26 255
514 C 691862 176 28 603937 39 43 21 87432 17 169
515 T 692900 50 602667 119 4 102 89664 46 11 237
516 C 694366 133 131 602712 33 36 43 91031 30 217
517 C 698460 130 78 603799 25 115 34 94046 15 218
518 C 701383 194 59 606114 43 112 23 94603 27 208
519 T 703280 42 605471 103 8 70 97359 39 12 176
520 A 702559 600775 38 6 93 101355 61 22 31 178
521 G 701020 55 175 40 600438 18 67 43 99995 189
522 G 700948 55 96 20 601941 64 45 14 98555 158
523 A 700618 600406 33 4 119 99682 35 12 43 284
524 G 701844 57 124 16 601789 20 42 64 99531 201
525 G 701358 54 89 16 602731 38 84 16 98148 182
526 T 703617 44 603403 86 7 41 99268 96 57 615
527 C 705181 103 47 605507 35 46 30 99265 18 130
528 T 708925 29 610327 231 18 41 97985 65 16 213
529 G 709700 104 130 39 611568 54 133 24 97483 165
530 G 711547 74 95 31 614979 36 106 11 96021 194
531 A 712367 618504 22 2 151 93270 14 16 103 285
532 G 712875 83 195 17 620424 83 48 23 91831 171
533 C 715376 189 62 623878 15 53 13 90965 19 182
534 T 719219 17 628251 400 6 23 90192 83 15 232
535 G 719055 205 158 33 631539 54 63 22 86787 194
536 C 720368 187 98 629696 31 58 62 90009 27 200
537 A 722654 629510 51 36 265 92411 72 13 74 222
538 G 721442 68 123 46 631652 40 55 29 89185 244
539 G 720002 69 126 15 631256 61 45 27 88211 192
540 C 720442 166 379 629324 36 60 88 90090 22 277
541 G 722784 198 177 25 629373 62 70 23 92699 157
542 C 724521 52 46 630781 11 41 13 93365 20 192
543 T 727844 25 633799 187 9 25 93540 36 16 207
544 G 728925 204 178 27 632424 56 59 32 95797 148
545 C 731844 182 210 632388 32 60 57 98685 23 207
546 A 736075 633485 40 13 160 102040 45 17 35 240
547 G 737283 66 204 25 634180 30 51 39 102530 158
548 T 738073 71 634909 92 6 59 102577 99 19 241
549 C 740898 172 92 638436 60 75 108 101728 25 202
550 A 743812 638253 38 4 88 105000 40 105 37 247
551 A 747244 642903 44 2 98 103755 59 84 32 267
552 A 748539 646676 38 33 249 101176 41 41 49 236
553 G 750167 84 148 31 644597 31 87 45 104922 222
554 G 749191 66 147 23 642815 86 61 26 105774 193
555 A 751336 644978 42 10 117 105765 23 54 55 292
556 G 749433 122 142 16 646715 38 40 58 102152 150
557 T 748598 51 648278 92 7 33 99467 37 58 575
558 T 753802 42 654884 99 7 34 98461 41 23 211
559 G 753697 125 167 23 656153 54 157 35 96755 228
560 G 752833 117 117 38 658445 41 94 25 93715 241
561 G 752795 291 132 32 660256 81 40 22 91735 206
562 A 753333 658874 94 3 157 93795 42 15 41 312
563 C 754700 135 98 660228 34 46 30 93928 32 169
564 A 756079 660614 59 6 86 95008 23 19 25 239
565 A 756631 662942 62 8 107 93198 29 22 38 225
566 T 759997 48 666881 90 9 33 92721 24 15 176
567 G 759257 112 216 33 668747 37 102 30 89774 206
568 G 757669 71 98 23 668841 58 36 20 88319 203
569 T 758552 74 666592 101 12 39 90066 40 162 1466
570 G 757950 113 216 34 669444 49 77 28 87829 160
571 A 757768 668154 89 4 97 89092 20 42 35 235
572 T 758009 59 667384 80 7 18 90175 46 17 223
573 G 759286 99 164 30 668729 70 85 17 89887 205
574 G 757831 87 152 29 665863 43 31 31 91395 200
575 A 758315 663605 59 9 171 94103 28 7 69 264
576 G 758477 262 151 20 663697 49 52 13 94051 182
577 T 758738 38 666662 88 11 41 91235 32 29 602
578 T 760857 43 667544 114 8 17 92880 28 5 218
579 G 759309 123 163 53 669599 32 78 38 89030 193
580 A 760110 670586 81 12 241 88839 21 31 56 243
581 T 761767 27 669872 103 3 32 91493 23 13 201
582 A 764787 667118 12 133 109 97074 39 28 37 237
583 A 767322 667610 45 6 107 99216 77 9 27 225
584 G 768289 79 198 31 670480 29 139 34 97120 179
585 G 766302 211 165 36 669477 72 56 13 96072 200
586 A 767004 670552 55 3 115 95988 25 16 34 216
587 T 769467 51 672190 93 4 33 96801 31 12 252
588 G 768146 99 188 35 672464 42 87 21 95011 199
589 A 768149 672736 66 2 97 94965 19 17 38 209
590 T 768318 108 672296 117 6 32 95489 18 9 243
591 C 768890 190 85 670617 49 99 29 97589 36 196
592 A 772652 671595 18 2 104 100626 15 21 39 232
593 A 773051 673102 11 3 93 99516 11 15 37 263
594 A 771007 669998 19 45 90 100504 12 46 19 274
595 C 771228 187 117 669472 23 63 54 101090 34 188
596 G 769952 160 170 18 671474 39 60 40 97784 207
597 T 772053 47 674672 71 26 8 96715 39 50 425
598 G 771300 189 203 28 674367 55 118 36 96078 226
599 G 771289 90 132 26 673876 26 132 26 96727 254
600 G 771279 122 182 22 672079 40 50 29 98541 214
601 A 772471 673657 69 7 160 98275 40 19 32 212
602 T 772349 33 673546 100 3 23 98344 47 15 238
603 C 768914 178 65 668771 40 87 57 99443 37 236
604 A 768109 669114 33 10 129 98509 22 15 43 234
605 A 768915 667943 37 7 103 100526 44 16 17 222
606 T 770942 57 668232 89 8 17 102308 41 7 183
607 G 772665 79 193 53 671636 39 79 54 100373 159
608 A 771698 673302 71 6 110 97883 46 19 32 229
609 T 769729 61 671509 92 3 15 97771 23 13 242
610 C 770951 180 129 673166 25 101 130 97003 20 197
611 G 773405 176 134 43 673985 104 138 33 98564 228
612 G 770927 121 117 20 674233 37 54 24 96110 211
613 A 772051 673927 33 5 105 97620 20 12 34 295
614 A 774065 670594 27 2 132 102858 15 14 40 383
615 C 775224 81 55 668118 10 37 31 106697 16 179
616 T 776009 28 667502 123 5 24 108037 33 13 244
617 T 772964 20 665950 83 4 21 106610 29 7 240
618 C 772087 147 51 666712 38 45 41 104859 16 178
619 T 772494 79 661970 135 15 48 109985 40 15 207
620 G 770199 125 153 42 661885 35 196 26 107533 204
621 G 766730 104 149 36 661516 37 60 18 104628 182
622 A 766400 659792 64 4 181 105961 53 17 57 271
623 G 766833 71 191 40 659416 35 66 23 106837 154
624 A 766232 658095 48 4 193 107476 62 15 76 263
625 G 766000 67 187 41 661696 22 78 18 103692 199
626 G 763425 90 83 29 662118 29 31 17 100850 178
627 T 766573 56 660879 143 13 68 103524 78 160 1652
628 G 770753 111 166 28 666073 83 67 19 104025 181
629 A 771412 666677 54 8 112 104221 33 13 42 252
630 A 771426 668357 44 7 138 102545 31 8 33 263
631 A 770546 668498 15 6 118 101610 15 13 30 241
632 A 770197 668202 66 9 79 101526 40 16 25 234
633 T 771104 36 668929 81 10 30 101733 34 38 213
634 G 768246 156 156 37 670779 35 132 25 96699 227
635 G 768271 93 122 34 668634 63 45 24 99037 219
636 A 768254 666777 48 5 217 100822 26 39 53 267
637 C 770562 129 174 667837 27 65 71 101968 50 241
638 G 771987 181 144 27 666744 81 50 37 104531 192
639 A 772400 667258 30 4 114 104716 13 11 47 207
640 A 773809 667041 13 13 111 106309 23 18 32 249
641 A 773305 663268 11 12 93 109640 13 13 18 237
642 A 773051 662526 24 6 88 110114 16 17 18 242
643 A 770538 660698 56 180 107 109115 28 70 29 255
644 C 771052 128 62 662064 16 94 25 108439 15 209
645 A 773538 663199 57 9 147 109846 29 11 28 212
646 A 773239 660652 36 9 116 112092 40 14 42 238
647 G 769990 98 184 32 657632 29 106 24 111705 180
648 G 769612 137 125 29 658297 66 64 22 110642 230
649 A 768618 656301 51 6 127 111850 34 7 43 199
650 G 765731 103 97 13 655085 36 43 15 110155 184
651 T 765764 70 652904 94 11 73 111826 41 103 642
652 G 764566 138 187 19 653122 62 107 24 110735 172
653 C 761411 210 63 651184 36 75 35 109581 29 198
654 T 765135 34 653261 85 6 44 111425 25 9 246
655 T 769069 18 656822 131 6 76 111727 46 22 221
656 A 768926 657686 48 7 104 110760 26 34 29 232
657 C 769522 139 157 659049 36 67 197 109651 24 202
658 G 771408 142 188 43 661938 53 104 21 108722 197
659 A 771053 661947 51 7 92 108598 67 12 39 240
660 G 769892 70 179 33 665317 26 57 15 104006 189
661 A 771178 665638 51 4 103 105073 39 11 34 225
662 G 769207 75 185 33 665367 41 65 22 103239 180
663 A 765572 659347 22 5 127 105768 35 7 38 223
664 A 763142 657136 28 8 85 105604 14 16 27 224
665 T 760124 47 651900 84 11 19 107828 26 16 193
666 G 757476 125 170 21 651314 41 54 26 105529 196
667 T 755419 84 650807 107 18 41 103886 32 25 419
668 G 752027 149 182 37 647789 40 83 13 103554 180
669 C 748563 162 153 646450 32 72 60 101396 35 203
670 A 748169 645622 51 8 98 102072 27 19 30 242
671 A 749436 646501 55 5 96 102401 29 16 25 308
672 C 749462 153 71 647402 15 59 34 101507 25 196
673 A 750840 647144 50 4 78 103313 21 15 34 181
674 T 752105 28 650092 171 7 21 101508 28 18 232
675 T 753038 47 649127 101 3 24 103454 27 12 243
676 C 752280 193 51 649977 34 60 32 101698 23 212
677 T 751340 77 647494 111 4 56 103312 47 13 226
678 C 749960 168 79 646385 40 76 55 102897 26 234
679 A 752318 646579 26 8 104 105280 26 16 32 247
680 A 750946 645394 54 7 87 105099 39 19 23 224
681 A 748201 642596 31 14 172 105106 24 13 53 192
682 G 747421 70 126 27 640405 37 69 19 106439 229
683 G 745252 114 136 30 638524 74 42 20 106108 204
684 A 740523 637201 48 2 206 102781 14 11 39 221
685 A 738334 637080 23 6 117 100828 15 12 32 221
686 A 737107 634993 20 4 83 101705 18 14 27 243
687 A 733046 634017 61 9 94 98568 32 14 30 221
688 T 731355 56 633450 89 7 17 97443 28 15 250
689 T 730401 16 633984 117 6 19 95979 15 11 254
690 T 726520 54 631646 106 8 22 94439 43 11 191
691 C 723619 172 80 630332 26 214 47 92248 22 478
692 A 721278 630168 37 7 173 90597 32 13 50 201
693 A 717799 628171 17 9 105 89223 13 16 27 218
694 A 715140 625674 30 19 87 89012 16 30 24 248
695 C 713253 193 67 624023 31 83 27 88640 11 178
696 A 711485 622206 35 5 91 88890 20 11 29 198
697 G 708526 87 199 21 620698 22 38 18 87278 165
698 C 705755 249 44 619408 20 60 18 85751 27 178
699 T 703294 44 618520 142 21 27 84247 37 15 241
700 G 699880 224 164 39 615579 51 51 18 83579 175
701 C 697155 182 107 614730 31 59 39 81769 20 218
702 A 695137 612263 81 14 120 82318 21 26 16 278
703 C 692071 173 87 608171 25 652 26 80976 15 1946
704 A 691501 607403 29 8 78 83733 18 14 20 198
705 A 687250 603957 38 9 104 82853 29 7 33 220
706 A 685033 602734 22 21 141 81699 49 14 72 281
707 G 681545 129 176 25 601392 35 53 13 79511 211
708 G 674559 147 86 31 597376 38 36 19 76594 232
709 G 670745 107 120 29 595250 33 27 22 74927 230
710 C 668067 149 150 594687 52 158 32 72401 17 421
711 A 665078 592195 40 2 125 72451 23 10 13 219
712 A 660114 587176 21 5 67 72591 16 6 30 202
713 T 655553 49 582791 77 4 22 72412 14 11 173
714 G 650319 103 180 36 579511 29 47 12 70252 149
715 A 645103 574922 59 3 105 69810 19 9 23 153
716 T 640830 61 571605 65 7 24 68765 18 43 242
717 G 637780 168 131 10 569243 51 42 8 67945 182
718 G 633470 105 133 22 566287 64 21 15 66650 173
719 A 626908 560355 49 2 103 66175 14 2 23 185
720 T 622745 54 556556 84 6 25 65777 26 12 205
721 C 618135 140 56 550433 47 103 22 67014 22 298
722 A 613497 542592 39 6 139 70460 23 4 27 207
723 A 607128 535199 30 9 103 71533 17 9 26 202
724 G 602754 120 173 18 530262 26 27 7 71973 148
725 T 597448 58 525226 87 9 70 71457 19 24 498
726 G 592549 88 150 43 521803 45 24 15 70213 168
727 A 587079 518434 57 5 115 68238 17 6 28 179
728 G 579284 112 184 44 513753 31 33 9 64971 147
729 A 575622 511217 56 5 139 64001 18 8 27 151
730 G 569229 94 134 25 504313 62 24 9 64304 264
731 A 563546 499023 17 3 116 64154 16 4 26 187
732 A 555548 491760 20 6 89 63446 10 5 22 190
733 A 550159 486989 13 7 139 62770 12 7 41 181
734 G 544334 58 66 20 482557 19 23 8 61449 134
735 T 540712 59 479087 75 8 57 61018 36 16 356
736 C 534219 118 100 471929 14 38 27 61804 21 168
737 G 526169 173 96 25 465399 94 19 6 60199 158
738 G 520284 95 75 14 461852 42 13 8 57946 239
739 A 514941 457370 15 4 62 57292 10 5 17 166
740 A 509074 448818 29 10 74 56741 8 367 18 3009
741 C 502152 64 53 445399 16 25 12 56423 14 146
742 C 494629 77 42 437541 13 32 13 56734 10 167
743 C 488248 98 58 430880 9 55 12 56923 7 206
744 A 484142 425014 17 15 75 58863 12 1 18 127
745 G 476892 67 102 16 418690 20 10 0 57860 127
746 G 469970 40 79 15 411561 48 14 6 57808 399
747 A 463380 407092 24 0 83 55998 6 3 16 158
748 A 458985 402127 14 6 71 56590 3 0 16 158
749 A 455265 397256 19 9 46 57783 6 5 11 130
750 T 451586 28 393244 60 2 8 58091 9 6 138
751 G 444758 74 136 19 387593 27 25 4 56748 132
752 C 438547 108 45 385289 18 54 6 52884 15 128
753 T 432738 14 378986 70 8 29 53488 11 8 124
754 G 428709 44 92 24 374985 58 21 7 53376 102
755 A 422303 369088 33 2 52 52984 3 5 15 121
756 G 415798 47 94 10 363389 20 17 8 52110 103
757 A 409835 360584 31 7 50 49023 13 4 9 114
758 T 404102 30 354219 39 3 13 49616 14 5 163
759 C 398124 86 67 347633 26 79 13 50100 18 102
760 G 391573 72 81 12 340426 117 21 6 50706 132
761 A 384826 336008 22 4 37 48590 3 5 12 145
762 A 381002 329195 26 2 60 51562 9 5 20 123
763 G 373977 28 68 16 320146 16 21 4 53575 103
764 A 367424 313809 19 3 34 53437 5 2 10 105
765 T 361364 14 308639 45 0 14 52524 5 4 119
766 C 355347 57 19 303147 6 31 3 51971 14 99
767 T 352277 26 297282 70 5 62 54706 19 10 97
768 C 346180 90 54 290284 23 57 8 55556 14 94
769 A 339435 284388 13 6 42 54789 5 4 23 165
770 T 335001 28 279735 35 4 22 55064 13 8 92
771 C 330854 93 20 274869 17 39 5 55585 16 210
772 T 326000 17 266329 38 2 59 59433 11 8 103
773 T 320291 9 260193 38 3 9 59927 16 5 91
774 T 314141 15 256605 48 0 16 57315 19 4 119
775 C 309282 85 18 252842 29 47 14 56157 11 79
776 T 305180 25 249376 36 5 48 55518 21 4 147
777 G 297330 49 53 6 244355 36 15 20 52709 87
778 G 289326 60 43 14 240398 16 24 8 48689 74
779 C 282144 99 74 233992 17 34 21 47804 17 86
780 A 276827 228666 20 5 43 47829 10 4 18 232
781 C 272261 51 47 224087 10 18 10 47898 20 120
782 G 266681 44 49 1 219483 30 27 3 46958 86
783 G 260083 36 31 5 213335 23 13 7 46550 83
784 T 255891 16 207640 34 2 21 48005 12 19 142
785 C 251026 60 22 203438 13 50 11 47361 12 59
786 T 246004 13 198843 68 2 36 46938 20 5 79
787 G 237951 38 44 10 192730 66 11 6 44966 80
788 C 231194 71 51 187245 17 37 10 43713 5 45
789 A 225774 179157 21 4 29 45869 11 9 12 662
790 C 220284 60 16 174108 6 23 8 46005 18 40
791 T 215503 13 167648 29 1 20 47687 16 9 80
792 C 210110 59 31 162153 16 38 8 47734 23 48
793 A 206016 153752 11 2 18 52149 12 4 19 49
794 T 199780 9 148244 27 0 8 51437 11 8 36
795 A 192495 142118 5 1 25 50239 9 6 12 80
796 T 187160 10 133904 12 1 12 53158 13 7 43
797 T 183360 9 128607 26 1 19 54603 20 12 63
798 G 179216 18 39 12 126010 40 19 12 53033 33
799 A 174634 122576 12 0 28 51940 12 8 19 39
800 G 171113 17 27 10 119766 16 18 4 51218 37
801 A 166245 114429 5 1 27 51610 4 6 34 129
802 G 160324 21 34 4 110595 13 26 13 49593 25
803 G 155739 17 20 5 106549 38 22 10 49043 35
804 G 148868 15 18 4 102567 25 22 6 46171 40
805 T 143678 14 98402 16 0 33 45076 23 28 86
806 C 137913 26 12 93084 8 42 13 44682 16 30
807 A 132312 88491 4 1 23 43726 9 4 23 31
808 G 125376 10 13 2 83274 12 18 5 42015 27
809 T 119674 10 75869 10 0 34 43708 10 8 25
810 T 116124 3 71286 12 0 16 44760 16 7 24
811 G 108645 16 21 3 66129 33 14 14 42385 30
812 C 104353 19 9 63845 3 23 12 40403 21 18
813 T 101052 6 57011 15 0 28 43941 12 7 32
814 C 97612 11 3 52106 7 40 12 45395 19 19
815 A 94748 49788 8 0 5 44888 13 14 19 13
816 C 90720 10 8 48529 1 34 4 41977 10 147
817 A 87285 45471 1 0 5 41778 9 1 8 12
818 A 83893 41285 1 0 2 42563 8 3 19 12
819 A 80579 39586 2 0 8 40917 22 4 13 27
820 T 76896 1 37610 3 0 14 39237 9 4 18
821 C 72705 6 4 32640 1 28 47 39900 15 64
822 T 69224 1 29189 5 0 17 39972 12 14 14
823 T 64771 0 28622 4 1 8 36097 16 8 15
824 G 59791 6 7 0 26540 10 35 1 33152 40
825 T 56099 6 25348 7 1 19 30679 15 9 15
826 C 52685 7 3 23037 0 25 14 29559 24 16
827 T 50655 3 21056 1 0 68 29250 74 46 157
828 G 45913 0 2 1 18564 43 11 607 25896 789
829 C 43733 5 30 18728 9 15 10 24920 8 8
830 C 43653 46 23 17643 13 41 12 25862 6 7
831 C 46460 63 29 17161 9 70 36 29068 9 15
832 G 47108 52 22 10 16448 86 25 118 30254 93
833 C 46524 50 11 15382 13 17 23 31013 10 5
834 C 48367 77 5 14636 14 34 395 32679 39 488
835 T 50562 1 14546 62 1 24 35813 28 43 44
836 G 49345 1 4 0 12995 17 55 6 36256 11
837 T 49598 7 13424 4 1 13 36030 16 55 48
838 G 51354 1 1 1 14529 13 78 13 36665 53
839 T 52704 4 15729 2 0 11 36888 14 33 23
840 G 54181 6 1 1 17106 20 196 26 36641 184
841 T 54842 1 18955 4 0 30 35807 19 6 20
842 A 55406 20428 1 0 3 34777 87 2 35 73
843 T 57321 4 21326 6 1 6 33730 15 1030 1203
844 G 60286 7 4 1 25535 19 95 8 34614 3
845 G 63179 13 2 6 28988 53 77 120 33675 245
846 A 65438 17585 9 0 10 21018 39 11379 39 15359
847 C 68816 13 13 37176 5 12 20 31492 82 3
848 C 73555 27 23 41434 23 113 13 31915 5 2
849 T 79374 6 46637 7 1 117 32586 3 5 12
850 G 82845 49 35 21 50664 22 25 15 31998 16
851 C 86091 53 41 53675 12 13 135 32148 5 9
852 C 91180 72 62 56527 12 22 44 34423 8 10
853 G 95925 18 28 10 58594 18 36 13 37199 9
854 T 101696 6 62224 10 0 6 39420 16 3 11
855 A 107190 64722 5 0 16 42388 22 6 15 16
856 G 114007 5 8 4 69596 11 37 6 44329 11
857 C 119816 17 7 73138 1 18 19 46587 12 17
858 C 124860 15 13 76477 6 11 24 48287 5 22
859 A 129927 79195 8 12 19 50630 17 18 11 17
860 G 134165 9 15 24 83545 13 21 63 50462 13
861 T 138251 10 87237 9 0 10 50937 11 8 29
862 G 142671 13 18 7 91992 10 51 13 50549 18
863 G 145419 11 18 0 97527 10 36 7 47790 20
864 C 150840 29 17 103797 15 10 18 46928 11 15
865 T 158963 5 109835 28 0 5 49039 22 7 22
866 A 164264 115405 9 0 17 48738 38 10 17 30
867 C 169821 26 42 122353 3 16 47 47309 6 19
868 G 177839 28 21 7 128960 20 45 21 48708 29
869 A 184134 135603 7 1 23 48412 21 12 19 36
870 C 191031 31 16 142284 5 20 25 48606 10 34
871 T 197464 5 146689 15 2 6 50658 36 8 45
872 T 200323 14 151112 22 1 4 49097 27 5 41
873 C 206579 48 47 157478 13 30 45 48882 4 32
874 G 213537 46 36 9 162817 33 43 25 50486 42
875 A 220655 165518 14 1 33 54976 13 15 34 51
876 A 227451 170486 2 1 26 56831 22 10 20 53
877 A 234838 174993 4 3 38 59696 16 6 14 68
878 A 242491 178421 4 4 32 63936 19 5 19 51
879 A 248775 184349 6 3 89 64204 35 8 36 45
880 G 254248 26 46 10 192278 22 59 23 61736 48
881 A 259870 196525 15 1 49 63118 63 13 26 60
882 G 262649 23 42 7 201577 18 89 19 60806 68
883 G 267605 33 38 10 210268 21 74 10 57089 62
884 G 272446 50 47 13 216807 17 40 15 55405 52
885 A 278234 224368 17 4 49 53682 10 5 23 76
886 T 284019 19 230336 37 0 14 53530 13 7 63
887 A 290048 234247 16 3 32 55306 67 50 33 294
888 C 297967 50 14 242137 8 32 15 55645 4 62
889 T 304140 26 248899 33 1 15 55041 36 6 83
890 C 312216 94 13 258053 14 27 31 53908 7 69
891 T 318173 10 265595 40 5 10 52399 40 8 66
892 T 322374 6 272619 50 6 8 49517 60 7 101
893 T 330879 3 282088 44 0 4 48636 15 3 86
894 A 337181 288787 20 2 57 48175 36 11 16 77
895 G 343060 31 91 12 294168 13 48 19 48606 72
896 T 350630 35 300701 40 2 7 49671 10 10 154
897 G 355888 57 70 44 304989 14 47 72 50499 96
898 G 361950 36 49 7 309572 9 69 14 52081 113
899 G 366749 72 62 14 312772 14 37 12 53688 78
900 A 370229 317398 27 2 79 52576 30 6 14 97
901 A 374860 323205 21 3 55 51426 7 10 23 110
902 T 381199 29 329592 41 2 6 51433 10 5 81
903 A 387089 336165 26 3 75 50657 52 2 21 88
904 G 392732 56 95 32 344164 20 43 20 48202 100
905 A 399769 352171 34 2 48 47244 31 17 22 200
906 C 407420 47 43 360236 12 19 19 46930 15 99
907 C 414783 68 36 365780 11 18 35 48713 6 116
908 C 420840 110 20 372221 8 24 12 48349 3 93
909 T 424752 21 377038 104 11 3 47402 34 18 121
910 T 429006 21 381690 46 10 7 47091 16 7 118
911 T 433145 35 388243 92 0 9 44609 17 7 133
912 C 438154 104 56 390575 24 21 29 47229 8 108
913 A 446199 396333 27 8 73 49560 37 13 22 126
914 A 452325 399693 29 5 170 52229 19 8 60 112
915 A 458241 405130 30 16 59 52778 30 14 16 168
916 C 465698 111 27 411304 18 36 13 54084 7 98
917 T 473916 11 418951 76 4 17 54684 29 5 139
918 G 481028 80 116 23 426836 14 59 21 53781 98
919 C 488054 119 32 432497 14 25 23 55201 30 113
920 T 495209 18 439274 75 5 11 55609 42 12 163
921 T 501602 48 446064 76 6 5 55216 25 10 152
922 C 507897 124 62 453147 46 30 57 54312 11 108
923 A 513941 458603 27 9 74 55007 34 27 18 142
924 A 520076 464590 18 5 67 55207 21 5 16 147
925 A 526215 469651 12 9 70 56241 19 12 14 187
926 A 531945 475099 27 81 73 56430 19 17 19 180
927 C 537028 124 60 481448 19 20 23 55203 6 125
928 A 543805 488871 27 6 75 54636 17 6 13 154
929 G 549363 99 133 25 495412 8 38 12 53503 133
930 C 554056 120 53 498831 15 17 21 54824 7 168
931 C 559732 136 77 503862 29 25 32 55395 8 168
932 A 566202 511322 41 13 71 54552 19 7 13 164
933 A 572540 517480 18 4 67 54766 19 7 9 170
934 G 577311 92 148 17 524182 12 39 20 52657 144
935 T 583825 46 531133 69 6 11 52254 16 9 281
936 A 589018 536248 44 1 257 52258 9 12 29 160
937 T 595726 32 543292 82 4 7 52138 12 8 151
938 A 601339 550753 48 6 74 50174 29 7 21 227
939 C 607665 161 167 555711 31 18 34 51408 2 133
940 A 615139 561923 29 18 128 52827 24 12 11 167
941 G 618633 91 173 28 565390 15 45 11 52735 145
942 C 624155 131 67 571200 15 18 15 52504 19 186
943 C 630025 167 49 576451 23 24 12 53125 8 166
944 T 635564 49 579380 138 7 6 55785 18 6 175
945 A 640715 584844 4 3 79 55560 23 6 14 182
946 A 647027 592831 39 7 72 53857 12 11 10 188
947 T 652219 51 598276 88 0 5 53590 14 8 187
948 C 657382 190 82 601296 37 15 32 55572 7 151
949 A 662266 602492 17 8 181 59322 47 6 18 175
950 G 667296 84 135 46 607745 10 55 16 59039 166
951 A 669551 609357 36 4 119 59689 16 11 18 301
952 C 675490 89 81 613684 21 33 19 61377 8 178
953 C 680909 180 115 616970 19 26 85 63299 5 210
954 G 685819 305 157 24 621380 24 68 8 63682 171
955 A 691325 627142 36 4 84 63804 16 9 40 190
956 A 695378 629486 27 10 125 65400 13 33 17 267
957 C 699640 155 359 632052 43 39 154 66648 6 184
958 G 702656 127 173 26 638251 13 84 14 63797 171
959 A 707321 642656 50 4 104 64202 43 13 38 211
960 G 710325 83 186 27 644443 23 44 36 65277 206
961 A 714048 644882 28 7 75 68764 28 27 21 216
962 A 717200 645542 41 15 79 71278 11 12 28 194
963 T 720218 55 648141 109 9 20 71596 29 11 248
964 C 723579 185 57 650902 17 39 26 72148 11 194
965 C 728028 146 95 651786 29 52 43 75653 9 215
966 A 729458 649449 19 13 169 79534 34 13 28 199
967 G 730816 109 174 20 651214 35 39 26 78997 202
968 C 735053 230 110 655368 26 46 41 79022 16 194
969 A 736490 656908 80 6 135 78981 35 15 29 301
970 C 738578 192 83 658339 43 21 40 79677 7 176
971 A 740080 658656 93 10 98 80856 40 10 21 296
972 C 741366 171 77 659679 21 44 37 81128 17 192
973 A 744380 659521 26 8 124 84446 4 10 26 215
974 A 747011 661807 50 22 125 84696 43 10 31 227
975 G 747727 94 195 29 661078 40 58 12 86011 210
976 A 747790 661524 46 5 104 85839 35 7 22 208
977 G 746305 105 114 28 662780 16 39 11 83020 192
978 T 745568 74 660095 104 6 56 84506 37 25 665
979 C 747057 164 74 658730 33 44 42 87768 21 181
980 A 749102 658267 40 15 153 90356 23 15 33 200
981 G 746084 218 212 21 655919 31 63 17 89440 163
982 C 746846 204 131 653836 24 63 27 92347 20 194
983 T 749581 34 653808 70 8 28 95377 29 24 203
984 G 747347 98 204 37 650765 34 77 24 95914 194
985 G 744835 68 95 13 650523 21 37 16 93876 186
986 T 744836 48 649106 78 16 67 94446 35 82 958
987 G 745120 204 166 22 650868 49 72 16 93560 163
988 T 748391 44 654362 63 16 27 93367 42 28 442
989 G 748786 137 172 34 655016 47 74 46 93038 222
990 G 748617 91 142 39 654595 48 77 31 93373 221
991 A 748450 650872 64 8 98 97095 26 39 43 205
992 T 749875 55 648502 82 7 24 100887 28 48 242
993 G 747160 132 165 25 649249 43 99 22 97150 275
994 G 746496 98 134 26 651679 58 76 17 94212 196
995 C 747122 228 113 653763 29 55 71 92656 25 182
996 A 748315 654817 54 12 99 93024 27 10 38 234
997 T 748373 49 655034 171 8 18 92787 48 15 243
998 G 748066 139 171 33 658660 50 41 27 88741 204
999 C 747887 184 134 657885 43 65 41 89295 25 215
1000 A 750034 654884 43 155 112 94541 24 24 29 222
1001 A 751392 654221 35 3 90 96765 20 13 24 221
1002 T 751458 34 652406 113 5 22 98592 36 18 232
1003 T 751653 48 651522 61 1 26 99717 23 17 238
1004 C 752208 176 60 649617 42 64 24 102004 24 197
1005 T 753329 44 647153 180 4 69 105624 35 6 214
1006 G 750810 183 231 26 644541 39 69 70 105469 182
1007 C 750432 220 91 646519 27 84 22 103257 30 182
1008 T 752532 49 642714 273 11 24 109124 98 17 222
1009 G 754256 101 173 27 641757 57 64 57 111797 223
1010 C 756042 204 98 643821 38 103 33 111544 25 176
1011 A 757755 644678 35 12 93 112636 26 43 52 180
1012 T 757886 36 643987 66 7 24 113459 44 32 231
1013 T 760519 21 643443 91 7 43 116579 57 20 258
1014 T 760394 51 643479 140 12 55 116365 54 25 213
1015 G 755271 64 181 46 643763 53 146 25 110787 206
1016 A 756492 644727 43 5 143 111221 36 11 80 226
1017 A 756704 645609 46 21 123 110573 56 18 40 218
1018 G 752748 123 178 35 642787 98 54 22 109287 164
1019 A 751811 641212 61 4 87 110108 29 21 37 252
1020 T 749423 42 640548 89 4 30 108468 34 9 199
1021 C 748642 181 41 639724 51 65 48 108305 26 201
1022 T 753653 34 641183 152 7 78 111935 52 15 197
1023 A 754119 640982 6 9 105 112738 32 16 26 205
1024 A 753262 641747 32 15 96 111028 54 20 31 239
1025 G 750532 75 189 45 640133 35 88 26 109768 173
1026 A 748827 641800 56 7 133 106553 26 16 25 211
1027 G 746316 69 173 19 642804 25 52 14 103004 156
1028 T 745999 42 638755 95 6 81 105668 45 79 1228
1029 A 744606 641131 41 7 96 103087 25 12 25 182
1030 T 745710 49 638977 69 10 16 106339 45 10 195
1031 T 747460 75 640627 92 4 43 106358 21 8 232
1032 A 752774 641374 87 1 146 110863 42 13 31 217
1033 A 754691 639881 18 12 93 114410 35 16 24 202
1034 G 756689 81 169 9 641245 32 78 22 114867 186
1035 C 757537 209 60 643253 15 92 23 113702 11 172
1036 T 758721 14 644777 121 15 19 113478 31 13 253
1037 T 759204 65 647010 104 6 40 111679 37 15 248
1038 C 756722 174 78 648447 51 64 42 107679 17 170
1039 A 756769 648483 62 11 98 107813 27 14 31 230
1040 T 754183 59 644176 83 7 55 109560 25 11 207
1041 C 755973 189 67 640880 31 122 54 114423 26 181
1042 A 758627 637603 63 11 142 120442 116 21 28 201
1043 G 755419 88 179 48 638050 82 100 29 116645 198
1044 A 757357 639693 43 6 144 117083 86 46 42 214
1045 G 756671 88 122 19 641576 47 122 21 114434 242
1046 G 752107 84 102 20 642054 51 69 18 109437 272
1047 G 754903 194 128 38 648064 46 51 40 106099 243
1048 A 754758 648080 68 9 135 106022 42 28 35 339
1049 C 757484 68 87 649388 31 40 24 107564 58 224
1050 C 762638 166 83 650259 32 113 37 111663 58 227
1051 A 768523 652859 39 15 69 115253 37 21 14 216
1052 A 768553 652166 27 5 84 115956 56 12 25 222
1053 A 767534 651141 22 21 146 115829 73 15 69 218
1054 G 763759 88 63 14 651175 24 57 30 112102 206
1055 T 764005 43 650387 102 3 80 112776 46 47 521
1056 A 763434 652356 45 10 92 110612 78 17 32 192
1057 T 765450 44 656474 550 7 38 107911 153 16 257
1058 C 767598 125 46 657814 28 47 56 109227 26 229
1059 C 770070 121 67 657884 25 107 24 111520 15 307
1060 C 774140 113 72 656824 17 107 51 116691 16 249
1061 C 778386 150 88 654740 43 182 35 122853 31 264
1062 A 783522 655756 33 22 103 127205 35 74 44 250
1063 A 782560 654536 47 12 82 127460 84 15 89 235
1064 G 781459 125 228 29 654544 94 176 16 126050 197
1065 G 780968 68 112 17 660359 45 106 96 119917 248
1066 G 777278 62 135 18 664715 121 86 10 111874 257
1067 G 774147 82 73 20 662553 144 77 27 110928 243
1068 G 772991 159 129 32 660382 81 168 32 111783 225
1069 A 772957 656875 31 5 123 115432 154 17 81 239
1070 A 775203 658277 57 13 117 116296 167 14 35 227
1071 A 776089 660373 44 55 113 114956 27 39 186 296
1072 C 777085 58 74 659929 16 68 176 116565 19 180
1073 T 778757 27 660743 157 4 165 117368 63 15 215
1074 T 780288 33 663524 117 5 14 116132 182 17 264
1075 T 781052 55 665819 149 8 26 114666 54 12 263
1076 C 781186 143 67 669684 43 56 53 110876 45 219
1077 C 782843 118 77 675251 40 75 66 106922 52 242
1078 A 781123 677166 53 7 101 103380 85 39 29 263
1079 C 781429 230 56 675854 31 87 24 104927 28 192
1080 T 783798 40 673121 95 2 46 110204 61 7 222
1081 A 786664 669311 54 11 117 116737 126 46 58 204
1082 G 786725 90 214 50 669352 37 114 27 116642 199
1083 A 786301 670767 32 4 99 115047 43 38 42 229
1084 G 787448 58 149 23 674766 25 129 32 112036 230
1085 G 785374 63 152 23 675686 31 63 23 109105 228
1086 A 785117 679810 63 4 136 104734 39 8 34 289
1087 G 783574 98 158 23 681053 75 57 15 101956 139
1088 T 784760 54 683634 143 2 109 99673 33 74 1038
1089 A 784053 684691 102 5 135 98762 38 9 70 241
1090 C 784801 142 93 684728 36 55 69 99446 24 208
1091 A 789320 687238 48 15 98 101580 75 14 22 230
1092 A 789770 689697 63 8 95 99570 68 8 19 242
1093 A 788895 690196 42 7 74 98260 14 37 23 242
1094 T 787547 41 691238 75 9 22 95848 42 29 243
1095 T 789086 40 695010 128 7 24 93589 27 10 251
1096 G 787845 112 176 16 697058 24 74 45 90135 205
1097 C 788046 184 61 696822 24 44 23 90635 47 206
1098 T 789979 19 697226 124 12 31 92243 28 39 257
1099 T 790176 102 695730 100 8 39 93886 29 37 245
1100 C 792414 184 59 695059 62 109 71 96631 20 219
1101 A 795753 694660 52 50 144 100437 45 19 60 286
1102 A 794235 691248 41 2 101 102513 29 12 52 237
1103 A 792888 690067 31 4 66 102380 62 19 30 229
1104 T 793117 47 691524 95 6 27 101117 25 56 220
1105 G 791507 137 174 46 692282 47 59 28 98559 175
1106 A 790836 694595 30 5 106 95808 28 14 42 208
1107 A 789592 694935 15 11 119 94230 6 7 23 246
1108 A 791495 692812 15 9 133 98184 19 23 25 275
1109 A 789997 690829 38 148 91 98469 33 40 27 322
1110 C 790630 158 109 692126 21 73 25 97900 16 202
1111 A 792903 693480 64 7 93 98975 10 18 42 214
1112 T 794088 49 694584 95 12 20 99074 27 14 213
1113 G 793761 192 161 41 696240 58 106 34 96710 219
1114 G 790687 106 116 24 695137 35 44 35 94959 231
1115 A 789826 695654 42 4 137 93687 37 25 30 210
1116 T 790433 59 697158 108 50 20 92757 18 28 235
1117 G 790250 157 199 22 696128 42 58 51 93374 219
1118 C 789027 208 64 694320 43 56 66 94031 18 221
1119 T 790368 29 696358 142 9 36 93544 31 16 203
1120 A 790986 697044 93 11 90 93404 19 51 26 248
1121 T 791095 65 699868 83 11 18 90789 24 8 229
1122 G 790486 209 168 46 697590 52 90 64 92048 219
1123 G 787645 86 156 38 695554 80 62 16 91421 232
1124 A 786226 693668 71 7 122 91999 36 7 76 240
1125 A 786366 693775 41 7 139 92066 62 11 41 224
1126 T 784643 47 692777 86 8 15 91439 27 17 227
1127 C 786008 172 65 693370 25 68 31 92045 34 198
1128 A 787251 691117 59 8 148 95564 31 28 36 260
1129 A 784428 687758 54 6 97 96170 58 9 26 250
1130 G 780444 102 117 14 685424 36 60 38 94484 169
1131 T 780333 70 685211 110 5 57 94496 19 21 344
1132 A 780808 685429 53 5 91 94371 53 59 46 701
1133 C 778508 151 47 683464 24 41 48 94517 15 201
1134 T 779737 82 683597 112 3 32 95640 32 34 205
1135 C 780039 242 43 683236 62 59 25 96160 18 194
1136 T 780378 66 680278 140 15 74 99541 34 14 216
1137 T 779960 45 678004 141 9 29 101439 39 17 237
1138 G 775967 116 170 41 674235 68 55 33 101055 194
1139 A 775970 672007 62 5 89 103487 32 16 39 233
1140 A 774534 668930 48 13 138 105031 27 22 42 283
1141 C 773959 170 64 669600 19 66 29 103783 33 195
1142 T 775156 23 670420 147 15 33 104265 44 16 193
1143 G 775255 130 176 34 671179 50 60 37 103405 184
1144 A 775125 666855 49 7 151 107731 42 11 47 232
1145 G 773075 63 57 20 664032 44 41 18 108634 166
1146 A 772228 664303 53 3 118 107437 28 20 31 235
1147 A 772006 665597 16 7 86 105969 34 19 35 243
1148 G 769412 89 194 24 665070 36 53 23 103748 175
1149 C 766534 190 117 665539 39 61 50 100307 27 204
1150 A 767038 664370 55 18 214 102048 51 16 45 221
1151 G 762807 75 155 19 662644 34 70 19 99585 206
1152 G 761240 137 88 19 662382 47 32 37 98276 222
1153 T 760777 65 659595 127 15 72 100005 61 52 785
1154 A 759527 660880 42 5 103 98138 21 15 33 290
1155 C 757471 161 62 659938 17 48 29 97003 21 192
1156 T 760131 44 660455 110 11 41 99221 29 21 199
1157 G 759590 127 178 33 660637 49 109 25 98218 214
1158 G 755988 101 116 17 657463 36 54 18 97903 280
1159 G 752858 146 129 27 656876 60 39 24 95341 216
1160 C 752151 140 117 653307 23 38 78 98166 25 257
1161 C 751333 181 109 650980 26 71 61 99664 31 210
1162 A 751014 647615 78 5 80 102967 20 21 26 202
1163 T 750118 37 643447 96 7 49 106236 35 9 202
1164 A 749560 641688 8 6 152 107440 24 10 46 186
1165 A 753474 644882 28 11 110 108082 57 18 63 223
1166 G 751359 76 181 35 639795 73 48 42 110945 164
1167 A 750891 637247 34 2 138 113196 20 16 30 208
1168 A 751088 637281 67 6 103 113181 55 36 22 337
1169 C 751321 90 62 635782 17 57 27 115032 27 227
1170 C 754720 170 59 636798 25 119 31 117277 30 211
1171 A 756483 639111 41 13 144 116872 47 16 47 192
1172 G 753971 73 103 29 636343 79 81 24 117049 190
1173 A 752552 635736 36 3 106 116334 26 21 60 230
1174 A 752418 634892 23 6 79 117078 122 15 36 167
1175 G 752551 67 166 21 637010 40 71 29 114979 168
1176 T 753734 47 637904 89 7 61 114677 120 72 757
1177 G 753086 106 150 35 640766 114 153 27 111520 215
1178 G 749514 67 158 31 640610 24 86 34 108298 206
1179 A 748980 639585 44 12 172 108739 60 16 125 227
1180 G 746681 84 155 42 639331 35 160 29 106636 209
1181 G 743389 78 135 33 639190 65 143 32 103516 197
1182 A 741245 636278 59 5 128 104307 42 54 123 249
1183 A 740552 634789 26 5 129 105052 142 106 32 271
1184 A 739068 633549 45 48 117 104775 46 32 138 318
1185 C 738233 156 92 632594 34 227 47 104807 32 244
1186 A 734969 629590 68 8 88 104493 217 40 31 434
1187 C 734107 200 52 627420 36 65 224 105890 44 176
1188 T 734542 68 626215 136 11 47 107808 55 23 179
1189 A 733604 627494 11 6 88 105504 34 15 239 213
1190 A 733232 625137 22 16 68 107685 30 15 35 224
1191 T 731121 66 626528 106 7 33 103795 279 20 287
1192 C 731078 173 63 619469 35 121 35 110981 35 166
1193 A 733447 616687 35 6 111 116041 284 24 42 217
1194 A 730381 616987 47 7 89 112663 31 24 234 299
1195 C 732716 204 71 615228 21 95 42 116845 31 179
1196 A 738691 613876 47 9 114 124287 68 20 56 214
1197 G 736379 82 159 65 613569 38 84 38 122177 167
1198 A 736739 613919 47 11 180 122218 91 17 63 193
1199 G 734000 110 79 13 613053 39 88 43 120362 213
1200 G 730327 123 64 6 611750 77 57 21 117980 249
1201 G 726157 101 91 50 610459 46 33 46 115109 222
1202 C 727158 129 96 612934 33 81 71 113527 35 252
1203 C 730054 152 80 613239 20 110 37 116163 33 220
1204 T 734589 44 613666 139 7 118 120297 65 19 234
1205 C 733067 67 49 609606 34 100 53 122963 31 164
1206 T 733667 58 607569 190 17 77 125417 62 33 244
1207 G 728968 179 190 30 608102 55 92 42 120080 198
1208 C 728609 189 212 608914 38 87 328 118617 38 186
1209 A 728887 607224 37 6 195 120864 277 22 67 195
1210 G 725996 57 182 31 607618 53 73 26 117755 201
1211 G 722131 90 94 33 613580 247 44 46 107816 181
1212 T 718572 59 611434 190 10 62 105880 63 75 799
1213 C 719352 116 78 613060 31 69 283 105508 26 181
1214 A 722392 613954 34 11 115 107934 51 25 50 218
1215 A 723873 615706 36 4 88 107581 40 24 183 211
1216 A 725783 614105 43 9 77 111135 154 19 40 201
1217 T 726730 41 614443 105 8 29 111661 44 135 264
1218 C 728481 222 88 620433 20 90 128 107304 32 164
1219 A 729580 622252 44 8 140 106764 92 8 51 221
1220 G 727241 92 192 23 624009 30 75 35 102620 165
1221 T 726500 92 626108 80 5 50 99565 39 50 511
1222 G 723213 180 189 21 623249 43 60 18 99279 174
1223 T 722803 80 625593 145 8 45 96393 51 41 447
1224 G 723481 201 158 36 629319 49 69 34 93434 181
1225 C 723811 149 201 626706 36 93 81 96300 26 219
1226 A 726133 623300 35 7 91 102376 35 30 40 219
1227 A 728294 623697 65 19 107 103873 39 46 36 412
1228 C 730885 94 98 625272 19 51 73 105034 43 201
1229 C 734398 190 46 629066 31 86 40 104654 66 219
1230 T 737790 40 630834 205 19 59 106300 66 56 211
1231 G 738474 233 204 38 632263 71 69 46 105396 154
1232 C 741644 171 91 634761 30 96 56 106230 50 159
1233 A 746024 636311 28 11 106 109194 48 28 87 211
1234 T 748032 69 638431 96 11 56 109002 38 95 234
1235 T 751246 13 637937 75 9 84 112814 56 34 224
1236 T 753678 30 638843 102 23 40 114296 47 71 226
1237 T 756200 29 640873 97 13 48 114800 41 75 224
1238 C 757133 170 67 641960 30 102 55 114539 43 167
1239 T 757958 37 641072 151 26 51 116299 113 23 186
1240 G 753935 180 185 17 642504 56 85 81 110646 181
1241 T 753596 94 647821 148 13 46 105024 50 39 361
1242 G 753536 198 179 27 650330 73 60 58 102411 200
1243 C 756046 201 109 651833 57 98 75 103408 43 222
1244 A 760745 654865 42 5 102 105375 19 36 63 238
1245 A 762703 657250 31 4 108 104943 33 34 66 234
1246 A 765469 655799 24 14 168 109069 111 21 57 206
1247 G 764140 69 123 34 655534 74 95 47 107973 191
1248 A 762874 658487 23 8 118 103887 56 19 55 221
1249 A 763735 660683 36 9 97 102514 69 46 41 240
1250 A 761945 660413 37 97 80 100216 91 92 72 847
1251 C 761805 82 73 662425 19 124 55 98759 46 222
1252 C 765196 125 66 663976 25 91 136 100557 32 188
1253 T 767411 36 667132 165 7 76 99520 87 92 296
1254 C 766645 145 60 668056 39 114 59 97905 37 230
1255 C 768760 140 91 667023 33 120 48 100989 43 273
1256 C 769759 183 87 668457 38 119 58 100519 86 212
1257 A 769908 668743 33 10 65 100725 40 24 78 190
1258 T 767817 61 670235 89 25 33 97038 36 31 269
1259 T 767363 33 673172 116 7 27 93649 36 15 308
1260 T 767834 51 674800 205 11 35 92385 49 57 241
1261 G 764758 158 179 52 678230 46 79 67 85709 238
1262 A 763625 676848 81 7 151 86162 50 17 40 269
1263 C 764998 156 106 677820 44 64 42 86524 29 213
1264 A 769484 680467 20 10 104 88543 28 20 39 253
1265 A 769751 680281 40 23 107 88921 46 30 36 267
1266 A 769163 681548 38 108 128 86929 38 33 36 305
1267 C 769056 117 67 680993 27 40 41 87500 31 240
1268 C 768150 174 80 680495 20 77 56 87017 27 204
1269 A 766307 679156 42 12 80 86708 46 15 39 209
1270 A 764301 679390 45 10 107 84218 33 22 31 445
1271 C 761984 110 73 679619 36 29 43 81845 36 193
1272 C 762686 177 77 681124 21 82 44 80935 40 186
1273 A 762891 682446 57 4 106 79972 34 27 33 212
1274 T 760201 55 680627 136 5 34 78998 48 23 275
1275 C 759229 207 85 682661 56 74 33 75879 52 182
1276 A 760322 681885 43 16 101 77999 24 38 36 180
1277 T 757120 65 679818 102 24 42 76792 33 29 215
1278 G 753694 155 180 40 677855 80 81 35 75044 224
1279 G 752014 152 150 32 678296 58 54 36 72992 244
1280 C 750143 202 187 677527 60 42 83 71791 66 185
1281 A 746068 674229 36 16 149 71337 36 18 35 212
1282 G 740103 177 197 38 670271 40 51 13 69127 189
1283 C 736953 216 96 668487 21 55 36 67822 48 172
1284 A 733377 667466 58 6 94 65455 30 28 26 214
1285 T 730658 31 663692 108 13 20 66516 17 30 231
1286 T 728700 75 661589 99 6 44 66585 26 25 251
1287 C 725806 160 92 659034 49 84 27 66128 27 205
1288 A 725209 656390 53 8 99 68291 53 15 37 263
1289 C 720874 236 75 651201 33 54 32 69030 34 179
1290 T 719495 35 648383 129 13 26 70662 34 22 191
1291 G 714992 145 162 29 643868 31 44 22 70462 229
1292 G 708972 100 119 25 638841 55 36 25 69563 208
1293 G 705605 128 159 38 635153 45 35 27 69826 194
1294 A 701657 631210 43 4 97 69913 35 28 32 295
1295 A 698704 628818 33 7 100 69454 25 30 38 199
1296 T 694452 41 625492 115 4 36 68506 24 30 204
1297 A 690783 622483 72 6 146 67677 27 37 120 215
1298 C 688791 207 129 620250 36 86 57 67800 27 199
1299 A 685495 618308 67 21 170 66536 121 16 70 186
1300 G 677778 81 202 48 610310 38 46 47 66855 151
1301 A 676633 607469 43 11 136 68610 29 97 43 195
1302 G 672881 113 176 30 604217 27 46 82 68017 173
1303 G 667686 81 110 31 600489 118 49 8 66585 215
1304 G 662346 139 147 26 595655 65 90 20 66017 187
1305 A 657894 589696 65 7 135 67607 43 18 108 215
1306 A 651498 582546 34 9 98 68552 30 9 37 183
1307 G 647039 82 187 25 577384 42 89 17 69070 143
1308 A 643914 572841 33 3 107 70622 18 18 78 194
1309 A 640617 566696 46 3 101 73386 84 30 39 232
1310 C 635468 124 74 560382 16 84 69 74499 71 149
1311 A 630653 554625 49 25 71 75573 48 17 80 165
1312 T 626335 46 549540 80 5 81 76375 32 19 157
1313 C 621597 183 64 545210 44 160 25 75733 29 149
1314 A 616745 542007 32 16 204 74177 95 11 53 150
1315 G 609044 89 147 72 536994 40 132 26 71405 139
1316 A 604629 533689 85 6 84 70368 50 10 138 199
1317 C 598989 147 69 527802 26 72 29 70543 154 147
1318 A 594083 522258 39 13 81 71490 20 8 25 149
1319 T 588349 27 517037 69 14 24 70964 34 18 162
1320 G 580299 92 170 53 511744 33 40 16 68016 135
1321 A 572931 506376 33 4 110 66195 21 5 31 156
1322 G 567500 63 189 16 500675 25 76 18 66296 142
1323 G 562099 90 75 17 496505 56 25 18 65146 167
1324 G 556238 122 104 23 491461 44 23 27 64258 176
1325 C 551707 128 84 487147 30 63 56 64038 20 141
1326 A 545351 480867 40 3 104 64088 52 11 37 149
1327 G 540832 60 129 27 475941 39 25 8 64460 143
1328 A 537340 472427 17 4 55 64614 8 6 57 152
1329 A 533010 468552 24 4 84 64109 37 10 22 168
1330 A 528766 463708 22 7 50 64771 50 4 16 138
1331 T 524972 25 459070 56 4 12 65603 26 17 159
1332 T 519086 19 453941 71 4 34 64842 22 33 120
1333 A 513314 448088 38 2 62 64965 35 8 19 97
1334 T 508283 35 441772 39 2 45 66246 29 11 104
1335 A 502617 435647 7 3 88 66693 15 16 36 112
1336 A 498827 429085 28 11 90 69408 27 14 47 117
1337 G 492752 49 139 16 421960 27 62 9 70381 109
1338 G 486974 47 109 24 417397 31 36 20 69206 104
1339 A 481587 412352 41 5 67 68933 21 19 22 127
1340 T 476708 34 408365 42 5 17 68091 20 18 116
1341 G 470666 74 124 26 403795 39 34 22 66458 94
1342 A 463807 398197 45 2 88 65308 19 9 22 117
1343 T 456793 45 392584 50 6 17 63938 21 12 120
1344 G 451714 89 85 29 386881 45 40 19 64407 119
1345 G 444465 56 83 26 379949 59 68 7 64105 112
1346 A 435703 372342 31 7 100 63033 42 6 27 115
1347 A 430582 367019 27 9 73 63252 24 36 32 110
1348 G 424474 65 110 17 361151 18 51 14 62954 94
1349 G 420011 69 67 7 356262 25 48 17 63405 111
1350 T 414581 34 350855 67 6 69 62719 61 122 648
1351 G 407870 178 123 16 345297 66 30 45 62021 94
1352 C 400550 149 111 338797 20 68 25 61266 23 91
1353 A 393143 330771 16 5 77 62118 20 9 39 88
1354 A 387134 323282 15 5 56 63616 20 17 20 103
1355 A 381490 316397 21 5 43 64879 25 11 13 96
1356 A 374371 309692 22 51 35 64309 9 69 14 170
1357 C 370124 46 24 307651 15 41 20 62228 12 87
1358 C 363277 74 30 299213 8 100 18 63733 18 83
1359 A 357061 289377 25 4 64 67454 17 6 49 65
1360 G 352029 58 110 20 284817 58 26 12 66857 71
1361 A 347678 282355 13 0 47 65154 8 8 21 72
1362 A 342036 273696 10 3 40 68159 21 5 45 57
1363 G 335076 21 95 19 266195 57 25 6 68594 64
1364 A 327895 258122 28 3 43 69578 16 9 22 74
1365 A 322491 248095 23 1 40 74234 14 6 14 64
1366 A 317696 240498 9 0 31 77042 24 9 18 65
1367 T 312810 25 233581 31 4 25 79037 22 21 64
1368 G 306572 38 51 10 227393 32 26 8 78971 43
1369 T 299833 18 222601 43 2 57 76986 27 25 74
1370 C 294713 55 21 217929 20 35 22 76544 28 59
1371 C 289613 36 92 213205 2 101 58 76046 24 49
1372 T 287383 12 208041 40 4 87 79121 26 15 37
1373 T 281026 29 204692 41 1 63 76095 28 12 65
1374 C 273814 69 16 201041 9 61 21 72527 21 49
1375 C 268895 86 31 198154 19 158 38 70343 20 46
1376 A 262816 193080 22 11 116 69429 28 13 67 50
1377 G 255011 45 63 7 189506 32 53 11 65246 48
1378 G 248902 12 7 1 186103 46 33 29 62622 49
1379 G 241874 37 55 10 181540 38 42 6 60086 60
1380 G 233830 27 62 9 177527 23 55 22 56075 30
1381 C 227739 96 50 173808 16 33 83 53563 36 54
1382 G 223806 85 104 16 172039 39 51 24 51401 47
1383 G 218097 53 60 4 169270 29 33 6 48587 55
1384 G 217737 37 58 19 168662 36 62 16 48773 74
1385 G 213795 31 42 10 167005 52 23 14 46581 37
1386 A 216946 164140 14 1 43 43399 21 29 4699 4600
1387 G 216974 25 34 6 167827 27 42 13 48930 70
1388 T 557506 10 340298 26 3 243 184978 110 10505 21333
1389 C 569828 76 18 375103 6 101 85 194081 92 266
1390 T 578225 27 395511 89 11 228 181962 142 29 226
1391 T 581446 32 392905 64 4 79 188158 76 30 98
1392 C 590722 85 77 396604 20 114 521 192757 46 498
1393 G 600642 89 151 36 404159 108 372 420 194677 630
1394 A 605061 407734 8 4 61 196635 84 37 183 315
1395 G 612819 31 146 9 410884 289 167 107 200942 244
1396 C 623150 98 37 425137 18 351 71 196989 124 325
1397 T 636161 12 443972 86 8 41 191321 227 38 456
1398 C 644580 38 40 445605 11 99 92 198503 31 161
1399 T 653613 17 450376 73 2 48 202694 148 19 236
1400 C 662183 73 111 451457 22 101 360 209879 49 131
1401 G 668355 99 127 17 459976 121 286 199 207237 293
1402 G 671638 61 112 28 467259 68 164 60 203663 223
1403 A 677438 472792 29 2 127 200548 53 34 983 2870
1404 C 687096 94 105 490029 30 149 304 196171 36 178
1405 G 695770 105 151 34 498148 101 165 57 196905 104
1406 A 703397 503873 37 3 123 198750 46 32 195 338
1407 A 711323 513346 32 8 106 197495 51 17 98 170
1408 A 716017 525075 26 4 90 190478 158 22 48 116
1409 G 715905 278 191 30 530665 1019 209 57 181373 2083
1410 G 715752 61 110 12 542924 64 83 32 172347 119
1411 G 715930 78 115 18 554222 82 77 26 161102 210
1412 C 721131 119 117 566078 30 74 116 153087 510 1000
1413 A 727975 575239 40 11 223 152018 54 59 99 232
1414 G 726843 169 203 26 585169 76 111 86 140613 390
1415 C 731926 138 164 595160 22 70 289 135636 98 349
1416 G 742679 109 176 27 604175 72 144 43 137562 371
1417 A 749245 610906 32 10 87 137645 56 14 155 340
1418 A 753670 618296 36 2 349 134412 71 57 55 392
1419 C 757459 87 110 628393 18 225 47 127643 24 912
1420 C 763398 98 64 639761 21 60 53 123082 16 243
1421 C 768707 157 132 648370 21 72 138 119652 20 145
1422 G 771023 159 204 27 655396 92 122 301 113386 1336
1423 A 774694 660864 52 9 116 112602 62 58 87 844
1424 T 775791 62 662167 90 5 118 112898 50 24 377
1425 C 778517 152 117 663201 32 75 106 114641 22 171
1426 G 780116 192 155 35 664719 107 97 71 114470 270
1427 T 783919 37 670182 168 8 52 111825 47 275 1325
1428 G 787761 173 235 43 679806 66 134 55 106948 301
1429 C 790885 107 95 681269 31 40 70 108946 103 224
1430 C 794378 91 69 687650 13 52 33 106237 38 195
1431 C 797212 88 336 699081 18 71 32 97427 10 149
1432 T 799130 34 705306 103 2 30 91233 492 33 1897
1433 C 800377 80 59 712239 24 59 56 87720 26 114
1434 T 800842 23 715906 529 19 49 83967 97 27 225
1435 T 801000 20 723450 77 13 22 77169 53 8 188
1436 T 800456 28 728776 68 5 16 71257 30 17 259
1437 T 800225 37 732429 108 2 22 67425 34 13 155
1438 G 798808 181 213 65 731489 30 982 24 60897 4927
1439 A 797354 737439 115 16 140 59170 59 18 43 354
1440 C 795916 182 161 740716 38 38 23 54362 16 380
1441 A 795369 744199 57 6 152 50620 13 14 15 293
1442 T 794306 30 749248 97 8 9 44630 13 7 264
1443 G 793569 112 253 60 754401 14 51 6 38502 170
1444 A 792158 757870 78 6 121 33601 10 2 32 438
1445 G 791073 111 239 36 761903 13 17 5 28666 83
1446 T 789876 82 754666 102 7 29 24115 11 683 10181
1447 A 788679 767032 27 5 97 21378 5 1 9 125
1448 A 787045 768821 45 2 80 17712 3 8 2 372
1449 T 785458 65 769588 123 12 47 15155 8 2 458
1450 G 784953 126 294 62 770671 15 23 8 13618 136
1451 A 783765 770808 76 4 94 12224 1 3 8 547
1452 A 782966 771798 50 10 107 10669 1 0 4 327
1453 G 782136 126 244 41 771780 123 6 0 9459 357
1454 G 781339 67 217 39 771263 10 9 0 9585 149
1455 A 780220 769796 61 3 132 9228 3 2 38 957
1456 T 779265 46 769665 95 6 17 8947 4 5 480
1457 C 778587 120 63 769275 24 7 5 8865 3 225
1458 T 778030 60 768850 89 12 20 8830 4 1 164
1459 T 777165 14 768203 155 3 13 8438 3 2 334
1460 A 776162 767632 32 3 100 7953 51 1 2 388
1461 T 775386 46 767359 88 7 6 7573 2 0 305
1462 T 774714 47 767081 101 4 7 7262 2 2 208
1463 T 774027 41 766550 82 1 9 7165 2 2 175
1464 C 772948 192 43 762929 47 6 262 6316 5 3148
1465 T 772457 34 765589 120 8 9 6504 6 2 185
1466 T 771557 59 765018 98 1 6 6073 2 2 298
1467 C 770539 188 127 764021 30 10 45 5409 2 707
1468 G 770000 223 207 44 763683 19 4 4 5391 425
1469 G 769225 57 166 36 763711 3 2 0 5128 122
1470 A 768600 761501 74 5 181 4905 2 1 77 1854
1471 G 767980 106 220 39 762468 7 1 3 4821 315
1472 A 767464 762071 106 4 215 4638 1 2 14 413
1473 C 767092 139 120 761937 35 10 2 4683 5 161
1474 A 766640 761767 39 7 95 4591 1 3 2 135
1475 A 766002 761172 41 8 85 4427 2 1 1 265
1476 T 765364 72 759702 139 5 47 4133 5 1 1260
1477 G 764966 470 288 42 759507 11 3 0 4139 506
1478 C 764349 207 197 759674 47 4 1 3954 4 261
1479 A 763863 759386 69 16 200 3760 0 1 1 430
1480 G 763388 92 229 78 759217 5 0 1 3612 154
1481 A 762771 758899 49 5 141 3435 1 1 3 237
1482 G 762252 162 197 33 758321 5 2 1 3361 170
1483 G 761666 119 175 40 757702 3 2 1 3240 384
1484 A 760969 756064 37 4 158 3069 2 0 40 1595
1485 G 760153 136 221 40 756635 3 5 1 2912 200
1486 T 759569 50 729171 88 8 5 2525 5 253 27464
1487 A 759056 755854 68 4 163 2682 0 0 5 280
1488 C 758122 128 190 754820 34 6 2 2525 2 415
1489 G 755261 249 171 50 752050 10 6 0 2403 322
1490 A 750899 747888 108 11 173 2327 0 1 1 390
1491 C 749646 148 93 746757 31 12 0 2297 2 306
1492 A 746434 743871 37 9 97 2249 2 0 4 165
1493 A 742873 740353 69 13 91 2156 3 0 0 188
1494 T 739681 66 736734 94 12 7 2130 0 3 635