# amino-acid counts among definitively called codons
# POSITION TOTAL_COUNTS WT N_A N_C N_D N_E N_F N_G N_H N_I N_K N_L N_M N_N N_P N_Q N_R N_S N_T N_V N_W N_Y N_STOP
1 989767 M 0 0 0 0 0 0 0 451 110 82 988807 0 0 0 12 0 155 150 0 0 0
2 991691 A 990831 0 0 263 0 48 0 0 0 0 0 0 25 0 0 129 91 304 0 0 0
3 993196 S 17 33 0 0 118 0 0 0 0 1 0 0 190 0 0 992658 45 0 0 134 0
4 995776 Q 0 1 0 38 0 0 80 1 241 61 0 0 16 994979 200 2 1 0 0 1 155
5 998154 G 34 299 158 0 0 997242 1 0 0 0 0 0 0 0 53 204 0 163 0 0 0
6 1000093 T 184 0 1 0 0 0 0 115 0 0 0 137 11 0 0 110 999535 0 0 0 0
7 1002853 K 0 0 0 94 0 0 0 63 1002397 0 0 112 0 11 127 0 9 0 0 0 40
8 1007368 R 0 0 0 0 0 41 0 0 0 191 0 0 29 168 1006732 0 0 0 207 0 0
9 1006590 S 5 76 0 0 90 0 0 1 0 0 0 0 156 0 0 1005875 67 0 0 320 0
10 1006938 Y 0 164 6 0 36 0 271 0 0 7 0 21 0 1 0 10 0 0 0 1006274 148
11 1004340 E 10 0 91 1003437 0 170 0 0 199 0 0 0 0 81 0 1 0 87 0 0 264
12 1001421 Q 0 0 0 54 0 0 397 0 355 83 0 0 21 1000185 174 0 0 0 0 0 152
13 993033 M 0 0 0 0 0 0 0 439 85 98 992133 1 0 0 12 0 131 134 0 0 0
14 979072 E 7 0 45 978350 0 201 0 0 110 0 0 0 0 68 0 0 0 57 0 0 234
15 972751 T 141 1 1 0 0 2 0 69 0 1 0 228 25 0 0 108 972175 0 0 0 0
16 964093 D 11 0 963233 131 0 179 76 0 0 0 0 120 0 0 0 0 0 83 0 260 0
17 944820 G 40 0 1 133 0 944009 0 0 1 0 0 0 0 1 214 0 0 174 247 0 0
18 931568 E 4 0 55 930718 0 259 0 0 277 0 0 0 0 42 0 0 0 45 0 0 168
19 908838 R 0 245 0 0 0 34 368 0 0 205 0 0 53 0 907724 208 0 0 0 1 0
20 888942 Q 0 0 0 67 0 0 288 0 217 75 0 0 1945 885934 268 0 0 0 0 0 148
21 863721 N 0 0 134 0 0 0 3 50 65 0 1 863236 0 0 1 158 16 0 0 57 0
22 829864 A 828967 0 0 245 0 38 0 0 1 0 0 0 41 0 1 225 183 163 0 0 0
23 808538 T 161 0 1 0 0 0 0 48 4 0 0 273 10 0 1 126 807914 0 0 0 0
24 780715 E 10 0 264 779834 0 129 0 0 163 0 2 0 0 56 0 0 1 52 0 0 204
25 737523 I 0 0 0 0 52 0 0 737139 1 1 58 67 0 0 0 2 82 121 0 0 0
26 698493 R 0 0 0 0 0 184 0 197 120 0 0 0 0 0 697837 41 52 0 0 0 62
27 659296 A 658641 0 0 213 0 29 0 0 0 0 0 0 26 0 0 174 99 114 0 0 0
28 638189 S 9 25 0 1 49 0 0 0 0 0 0 0 126 0 0 637766 43 0 0 170 0
29 617281 V 74 0 48 0 115 4 0 186 0 25 0 0 0 0 0 0 0 616829 0 0 0
30 295652 G 18 0 0 56 0 295317 0 0 0 0 0 0 0 0 119 0 0 63 79 0 0
31 295251 K 0 0 0 76 0 0 0 0 294972 0 26 90 0 1 49 0 2 0 0 0 35
32 295297 M 0 0 0 0 0 0 0 155 19 22 295021 0 0 0 2 0 32 46 0 0 0
33 308401 I 0 0 0 0 23 0 0 308241 0 4 0 36 0 0 1 5 37 54 0 0 0
34 321868 D 1 0 321481 43 1 110 25 1 0 0 0 58 0 0 0 0 0 30 0 118 0
35 336970 G 21 0 0 39 0 336666 0 0 0 1 0 0 0 0 86 0 0 92 0 0 65
36 352387 I 0 0 0 0 18 0 0 352248 0 1 5 22 0 0 0 5 25 63 0 0 0
37 366045 G 25 0 0 32 0 365747 0 0 1 0 0 0 0 0 76 0 0 81 0 0 83
38 381997 R 0 0 0 0 0 26 0 0 0 91 0 0 22 76 381688 0 0 0 0 0 94
39 395735 F 0 1 0 0 395429 0 0 26 0 208 0 0 2 0 0 39 0 3 0 27 0
40 410114 Y 0 72 5 0 46 0 132 0 0 0 0 44 0 0 0 2 0 0 0 409671 142
41 423212 I 0 0 0 0 34 0 0 422978 0 10 18 36 0 0 0 11 70 55 0 0 0
42 437288 Q 0 0 0 21 0 0 13 0 102 30 0 0 8 436986 63 0 0 0 0 0 65
43 451357 M 0 0 0 0 0 0 0 221 17 25 450992 0 0 0 4 0 49 49 0 0 0
44 468930 C 0 468383 0 0 145 12 0 0 0 0 0 0 0 0 65 78 0 0 25 94 128
45 482827 T 91 0 0 0 0 0 0 46 0 0 0 135 8 0 0 82 482465 0 0 0 0
46 493940 E 1 0 48 493552 0 64 0 0 85 0 0 0 0 27 0 0 0 28 0 0 135
47 506773 L 0 0 0 0 46 0 17 129 1 506473 0 0 79 1 10 0 0 17 0 0 0
48 517780 K 0 0 0 71 0 0 0 17 517516 1 0 64 0 1 58 0 11 0 0 0 41
49 524049 L 0 0 0 0 43 0 26 109 0 523770 0 0 84 0 2 0 0 15 0 0 0
50 531519 S 1 34 0 0 0 147 0 92 0 0 0 40 0 0 108 531078 19 0 0 0 0
51 541799 D 0 0 541370 57 0 106 37 0 0 0 0 50 0 0 0 0 0 42 0 137 0
52 552973 Y 0 74 6 0 53 0 98 2 0 0 0 11 0 0 0 10 0 0 0 552651 68
53 564421 E 8 0 189 563716 0 138 0 0 101 0 1 0 0 53 0 0 1 56 0 0 158
54 572685 G 32 0 0 102 0 572188 0 0 0 0 0 0 0 0 139 0 0 95 129 0 0
55 577192 R 0 0 0 1 0 68 0 0 0 167 0 0 21 159 576610 0 0 0 0 0 166
56 582932 L 0 0 0 0 0 0 0 0 0 582653 66 0 135 50 12 0 0 16 0 0 0
57 590400 I 0 0 0 0 53 0 0 590057 0 8 27 52 0 0 1 3 108 91 0 0 0
58 598086 Q 0 0 0 33 0 0 216 0 133 46 0 0 13 597448 123 0 0 0 0 1 73
59 598526 N 0 0 80 0 0 0 4 54 164 0 0 598060 0 0 0 113 6 0 0 45 0
60 598218 S 0 19 0 0 0 73 0 187 0 0 0 64 0 0 222 597628 25 0 0 0 0
61 605056 L 0 0 0 0 53 0 0 42 1 604722 0 0 7 0 0 144 0 14 0 0 73
62 615137 T 96 0 0 0 0 0 0 64 155 0 0 1 6 0 20 68 614727 0 0 0 0
63 621542 I 1 0 0 0 0 0 0 621161 49 50 116 1 0 0 5 0 87 71 0 0 1
64 626931 E 3 0 194 626232 0 121 0 0 62 0 0 0 0 47 0 0 0 30 0 0 242
65 626484 R 0 0 0 0 0 124 0 199 91 0 0 0 0 0 625942 36 44 0 0 0 48
66 628073 M 1 0 0 0 0 0 0 306 64 45 627487 1 0 0 1 0 81 87 0 0 0
67 625564 V 84 0 0 98 0 10 0 2 0 138 129 0 0 0 0 0 0 625103 0 0 0
68 629111 L 0 0 0 0 55 0 40 171 0 628702 0 0 101 0 12 0 0 30 0 0 0
69 625555 S 2 57 0 0 43 0 0 0 0 0 0 0 135 0 0 625129 62 0 0 127 0
70 617638 A 616949 0 189 0 0 24 0 1 0 0 0 0 30 0 0 177 199 67 0 0 2
71 615874 F 0 6 0 0 615596 0 0 37 0 117 0 0 2 0 0 89 0 12 0 15 0
72 608261 D 4 0 607631 134 12 120 56 0 1 0 0 99 0 0 0 0 0 63 0 141 0
73 605554 E 2 0 37 604935 0 140 0 0 176 0 0 0 0 30 0 0 0 53 0 0 181
74 609391 R 0 0 0 0 0 98 0 187 90 0 0 0 0 0 608882 58 48 0 0 0 28
75 607881 R 0 0 0 0 0 97 0 0 69 0 158 0 0 0 607328 152 31 0 46 0 0
76 604906 N 0 0 103 1 0 0 1 28 88 0 0 604502 0 0 0 128 4 0 0 51 0
77 597999 K 0 0 0 89 0 0 0 29 597723 0 0 53 0 3 79 0 3 1 0 0 19
78 597819 Y 0 68 2 0 41 0 110 0 0 0 0 47 0 0 0 5 0 0 0 597492 54
79 596732 L 0 0 0 0 0 0 0 0 0 596306 180 0 147 59 8 0 0 32 0 0 0
80 593343 E 3 0 42 592879 0 106 0 0 78 0 0 0 0 48 0 0 0 40 0 0 147
81 587700 E 3 0 79 587187 0 92 0 0 84 0 0 0 0 40 0 0 0 44 0 0 171
82 582657 H 0 0 15 0 0 0 582200 0 0 45 0 156 5 47 80 0 0 0 0 109 0
83 582268 P 15 0 0 0 0 0 119 0 0 66 0 0 581856 0 28 57 127 0 0 0 0
84 590042 S 0 6 0 0 0 98 0 164 0 0 0 85 0 0 217 589460 12 0 0 0 0
85 586288 A 585591 0 0 164 0 31 0 0 0 0 0 0 33 0 0 148 218 102 0 0 1
86 584707 G 38 0 1 92 0 584206 1 0 0 0 0 0 0 0 117 0 0 128 124 0 0
87 587014 K 0 0 0 130 0 0 0 0 586414 0 30 256 0 1 120 0 4 0 0 0 59
88 589251 D 6 0 588801 60 2 87 23 0 0 0 0 83 0 0 0 0 0 43 0 146 0
89 590468 P 20 0 0 1 2 0 162 0 1 77 0 0 589983 3 34 61 124 0 0 0 0
90 595007 K 0 0 0 76 0 0 0 0 594686 0 25 109 0 4 85 0 10 0 0 0 12
91 595965 K 0 0 0 77 0 0 0 18 595710 0 0 21 0 4 99 0 4 0 0 0 32
92 591011 T 74 0 0 0 0 0 0 36 0 0 0 101 31 0 0 53 590716 0 0 0 0
93 591467 G 35 0 0 79 0 590977 0 0 0 1 0 0 0 0 152 0 0 69 0 0 154
94 592641 G 33 0 0 72 0 592230 0 0 0 0 0 0 0 0 94 0 0 113 0 0 99
95 590299 P 25 0 0 0 0 0 130 0 0 62 0 0 589899 0 15 100 68 0 0 0 0
96 588614 I 0 0 0 0 0 2 0 588257 52 77 69 0 0 0 5 0 74 78 0 0 0
97 585177 Y 0 87 8 0 78 0 103 0 1 0 0 55 0 0 0 8 0 0 0 584656 181
98 585260 K 0 0 0 120 0 0 0 0 584657 0 51 224 0 5 152 0 17 0 0 0 34
99 580634 R 0 0 0 0 0 90 0 158 66 0 0 0 0 0 580198 46 33 0 0 0 43
100 578882 V 104 0 0 73 0 6 0 95 0 184 1 0 1 0 0 0 0 578418 0 0 0
101 582707 D 8 0 582082 71 0 73 58 0 1 0 0 171 0 0 0 0 0 47 0 196 0
102 579836 R 0 0 0 0 0 169 0 106 89 0 0 0 0 0 579378 38 32 0 0 0 24
103 585019 K 0 0 0 98 0 0 0 0 584626 0 18 142 0 9 96 0 7 2 0 1 20
104 584862 W 0 185 0 0 0 9 0 0 0 141 0 0 0 0 109 27 0 0 584224 0 167
105 580831 M 0 0 0 0 0 0 0 398 66 62 580083 0 0 0 10 0 88 123 0 0 1
106 572474 R 0 0 0 0 0 127 0 0 107 0 142 0 0 0 571907 105 25 0 61 0 0
107 569690 E 4 0 49 568970 0 102 0 0 346 0 0 0 0 40 0 0 0 34 0 0 145
108 570716 L 0 0 0 0 53 0 49 113 0 570366 0 0 109 0 5 0 1 20 0 0 0
109 567611 V 114 0 53 0 101 5 0 311 0 22 0 0 0 0 0 0 0 567005 0 0 0
110 562611 L 0 0 0 0 42 0 19 161 0 562241 0 0 103 0 6 0 0 39 0 0 0
111 559933 Y 0 73 3 0 47 0 91 0 0 0 0 16 0 0 0 6 0 0 0 559623 74
112 547243 D 7 0 546379 187 4 124 54 1 0 0 0 249 0 0 0 0 0 76 0 162 0
113 543573 K 0 0 0 75 0 0 0 45 543298 0 0 38 0 8 76 0 6 0 0 0 27
114 548752 E 1 0 37 548355 0 68 0 0 59 0 0 0 0 53 0 0 0 35 0 0 144
115 551993 E 5 0 23 551594 0 80 0 0 65 0 0 0 0 31 0 0 0 31 0 0 164
116 548804 I 0 0 0 0 0 0 0 548466 38 32 122 1 0 0 2 0 69 74 0 0 0
117 552099 R 0 0 0 0 0 85 0 0 65 0 137 0 0 0 551615 123 35 0 39 0 0
118 553878 R 0 1 0 0 0 44 0 0 0 139 0 0 28 113 553450 0 0 0 0 0 103
119 553135 I 0 0 0 0 18 0 0 552855 0 5 23 43 0 0 0 9 74 108 0 0 0
120 555434 W 0 121 0 0 0 10 0 0 0 108 0 0 0 0 124 32 0 0 554870 1 168
121 558092 R 0 154 0 0 0 29 198 0 0 142 0 1 35 0 557393 140 0 0 0 0 0
122 560487 Q 0 1 0 34 0 0 45 0 130 28 0 0 9 560072 98 0 0 1 0 0 69
123 557407 A 556853 0 120 0 0 6 0 1 0 1 0 0 33 0 0 207 112 74 0 0 0
124 563518 N 0 0 108 0 0 0 6 42 77 0 0 563208 0 0 0 58 7 0 0 12 0
125 571358 N 0 0 97 0 0 0 4 35 37 0 0 571078 1 0 0 66 6 0 0 34 0
126 567075 G 11 148 80 0 0 566593 0 0 0 0 0 0 0 0 31 114 0 98 0 0 0
127 569023 D 6 0 568461 72 0 115 46 0 0 0 0 101 0 0 0 0 0 46 0 176 0
128 569813 D 8 0 569277 67 0 108 45 0 0 1 0 81 0 0 0 0 0 63 0 163 0
129 578590 A 577956 0 0 165 0 31 0 0 0 0 0 0 23 0 1 164 146 104 0 0 0
130 581178 T 68 0 0 0 1 0 0 51 190 0 0 0 1 0 18 44 580805 0 0 0 0
131 584826 A 584308 0 192 0 0 19 0 0 0 0 0 0 26 0 0 176 71 34 0 0 0
132 577483 G 22 162 67 0 0 577037 0 0 0 0 0 1 0 0 16 75 0 103 0 0 0
133 572568 L 0 0 0 0 0 0 0 0 0 572201 157 0 134 28 7 0 0 41 0 0 0
134 568432 T 99 0 0 0 0 0 0 67 0 0 0 158 9 0 0 91 568008 0 0 0 0
135 571301 H 0 0 33 0 0 0 570684 0 0 61 0 170 12 205 86 0 0 0 0 50 0
136 578577 M 0 0 0 0 1 0 0 341 36 49 577937 0 0 0 7 0 95 111 0 0 0
137 581848 M 0 0 0 0 0 0 1 297 55 55 581241 0 0 0 5 0 102 92 0 0 0
138 579010 I 0 0 0 1 48 0 0 578727 0 3 31 52 1 0 0 4 67 76 0 0 0
139 580829 W 0 134 0 0 0 18 0 0 0 145 0 0 0 0 218 31 0 0 580077 0 206
140 580668 H 0 0 39 0 0 0 580146 0 0 31 0 187 7 42 96 1 0 0 0 119 0
141 583904 S 1 38 0 0 61 0 0 0 0 0 0 0 82 0 0 583570 38 0 0 113 1
142 578465 N 0 0 93 0 0 1 4 23 42 0 0 578201 0 0 0 69 5 0 0 27 0
143 578549 L 0 0 0 0 238 0 0 1 0 578109 36 0 0 0 0 113 0 7 5 0 40
144 582049 N 0 0 122 0 1 0 2 23 55 0 0 581681 0 0 0 100 6 0 0 59 0
145 575693 D 2 1 575211 46 0 93 42 0 0 0 0 72 0 0 1 0 0 50 0 175 0
146 573642 T 615 0 0 0 0 0 0 70 128 0 0 0 4 0 40 63 572722 0 0 0 0
147 573736 T 98 0 0 0 0 1 0 51 151 0 0 0 7 0 24 52 573352 0 0 0 0
148 568946 Y 0 69 3 0 52 0 100 0 0 0 0 37 0 0 0 8 0 0 0 568567 110
149 571654 Q 0 0 0 27 0 0 211 0 157 49 0 0 9 571001 140 0 0 0 0 0 60
150 566976 R 0 0 0 1 0 84 0 0 84 1 131 0 0 0 566500 127 26 0 22 0 0
151 565396 T 96 0 0 0 0 0 0 89 132 0 0 0 8 0 15 86 564970 0 0 0 0
152 566818 R 0 0 0 0 1 114 0 78 88 0 0 0 0 1 566442 28 29 0 0 1 36
153 569748 A 569263 0 144 0 0 26 0 0 0 0 0 0 18 0 0 185 73 39 0 0 0
154 574449 L 0 0 1 0 40 0 37 115 0 574140 0 0 79 0 2 0 0 35 0 0 0
155 573602 V 103 0 76 0 155 10 0 90 0 23 0 0 0 0 0 0 1 573144 0 0 0
156 573238 R 0 150 0 0 0 23 166 0 0 133 0 0 27 0 572564 175 0 0 0 0 0
157 575816 T 87 0 0 0 0 0 0 113 0 0 0 72 13 0 0 60 575471 0 0 0 0
158 574348 G 27 132 164 1 0 573627 0 0 0 0 0 0 0 0 38 233 0 125 0 0 1
159 573254 M 1 0 0 0 0 1 0 268 26 73 572705 0 0 0 11 0 66 103 0 0 0
160 579900 D 5 0 579480 50 0 100 15 1 0 0 0 70 2 0 0 0 0 39 0 138 0
161 579575 P 21 0 0 0 0 0 133 0 0 49 0 0 579166 1 21 60 124 0 0 0 0
162 584776 R 0 0 0 0 1 129 0 0 61 0 137 0 0 0 584226 168 21 0 33 0 0
163 585734 M 0 0 0 0 0 0 0 299 31 56 585163 0 0 0 2 0 55 128 0 0 0
164 585216 C 1 584526 0 0 165 10 0 0 0 0 0 0 1 0 86 85 0 0 28 167 147
165 579997 S 9 36 1 0 48 0 0 0 0 0 0 0 94 0 0 579612 34 0 0 163 0
166 581199 L 0 0 0 0 0 1 0 1 0 580762 190 0 153 39 5 0 0 48 0 0 0
167 588270 M 0 0 0 0 0 0 0 364 41 63 587617 0 0 0 7 0 94 84 0 0 0
168 591278 Q 0 0 0 40 0 1 213 0 158 27 0 0 15 590511 203 1 0 0 0 0 109
169 586367 G 22 119 83 0 0 585966 0 0 0 1 0 0 0 0 14 72 0 90 0 0 0
170 591613 S 5 0 0 0 1 0 0 0 0 166 0 0 78 1 0 591149 49 0 28 0 136
171 592347 T 98 0 0 0 0 0 0 53 0 0 0 139 4 0 0 72 591981 0 0 0 0
172 592190 L 0 0 0 0 26 0 49 172 0 591787 0 0 113 0 4 0 0 39 0 0 0
173 592290 P 24 0 0 0 0 0 190 0 0 57 0 1 591778 1 41 75 123 0 0 0 0
174 592409 R 0 0 0 0 0 93 0 1 53 0 169 0 0 0 591902 114 40 0 37 0 0
175 589911 R 0 0 0 0 0 119 0 0 56 0 121 0 0 0 589462 105 16 0 32 0 0
176 596189 S 7 33 0 0 46 0 0 0 0 0 0 0 85 0 0 595876 43 0 0 99 0
177 604150 G 29 0 0 71 0 603689 0 0 1 0 0 0 0 0 140 0 0 93 0 0 127
178 612349 A 611796 0 186 0 0 15 0 0 0 0 0 0 17 0 0 193 82 60 0 0 0
179 620313 A 619618 0 0 185 0 31 0 0 0 0 0 0 30 0 0 154 201 94 0 0 0
180 619460 G 15 120 66 0 1 619023 1 0 0 0 0 0 0 0 45 65 0 124 0 0 0
181 618769 A 618266 0 52 0 0 11 0 0 0 0 0 0 25 0 0 173 197 45 0 0 0
182 622865 A 622047 0 0 178 0 30 0 0 0 0 0 0 26 0 0 177 199 208 0 0 0
183 624395 V 90 0 66 1 200 6 0 65 1 25 0 0 0 0 0 0 0 623941 0 0 0
184 630224 K 0 0 0 88 0 0 0 44 629883 0 0 69 0 4 96 0 2 0 0 0 38
185 634288 G 22 0 0 65 0 633794 0 0 0 0 0 0 0 0 114 0 0 147 0 0 146
186 638920 V 91 0 51 0 141 7 0 122 0 16 0 0 0 0 0 0 0 638492 0 0 0
187 645446 G 38 0 0 115 0 644876 0 0 1 0 0 0 0 0 142 0 0 113 161 0 0
188 647083 T 155 0 0 1 0 0 0 96 130 0 0 0 3 0 34 92 646572 0 0 0 0
189 655564 M 0 1 0 0 1 0 0 349 45 67 654897 1 0 0 8 0 88 107 0 0 0
190 656323 V 101 0 0 72 0 11 0 1 0 121 68 0 0 0 0 0 0 655949 0 0 0
191 656162 M 0 0 0 0 0 0 0 283 59 92 655550 0 0 0 7 0 77 94 0 0 0
192 656524 E 9 0 169 655851 0 171 0 0 86 0 0 0 0 28 0 0 0 59 0 0 151
193 655014 L 0 0 0 0 213 0 0 0 0 654592 38 0 0 0 0 113 0 11 8 0 39
194 658240 I 0 0 0 0 0 0 0 657680 25 91 105 0 1 0 3 0 100 235 0 0 0
195 656443 R 0 0 0 0 0 105 0 0 79 1 190 0 0 0 655799 196 30 0 43 0 0
196 658618 M 1 0 0 0 0 0 0 312 48 56 657992 0 0 0 4 0 91 114 0 0 0
197 660336 I 0 0 0 0 65 0 0 659898 0 2 47 106 0 0 0 6 117 95 0 0 0
198 658755 K 0 0 0 104 0 0 0 11 658463 0 0 64 0 2 91 0 3 0 0 0 17
199 658852 R 1 114 0 0 0 22 158 0 0 167 0 0 16 0 658188 186 0 0 0 0 0
200 666182 G 25 0 0 88 0 665531 0 0 1 0 0 0 0 0 212 0 0 130 195 0 0
201 658649 I 0 0 0 0 67 0 0 658247 1 7 37 31 0 0 0 3 100 156 0 0 0
202 654637 N 0 0 127 0 0 0 10 37 65 0 0 654260 0 0 0 99 6 0 0 33 0
203 657019 D 6 0 656463 62 0 107 51 0 0 0 0 77 0 0 0 0 0 71 0 182 0
204 659794 R 0 0 0 0 0 23 0 0 0 133 0 0 40 173 659298 0 0 0 127 0 0
205 661289 N 0 0 104 0 0 0 5 27 90 0 0 660898 0 0 0 131 2 0 0 32 0
206 655186 F 0 4 0 0 654752 0 0 26 0 300 0 0 2 0 0 78 0 5 0 19 0
207 648270 W 0 182 0 0 0 15 0 0 0 151 0 0 0 0 210 42 0 0 647453 0 217
208 646500 R 0 0 0 0 0 176 0 184 69 0 0 1 0 0 645917 49 40 0 0 0 64
209 650305 G 29 186 89 0 0 649810 0 0 0 0 0 0 0 0 41 67 0 83 0 0 0
210 654682 E 7 0 50 654168 0 109 0 0 108 0 0 0 0 27 0 0 0 52 0 0 161
211 656146 N 1 0 117 0 0 0 4 59 39 2 3 655821 0 0 0 78 7 0 0 15 0
212 658939 G 34 0 0 89 0 658356 0 0 0 0 0 0 0 0 187 0 0 120 0 0 153
213 656768 R 0 0 0 0 0 27 0 0 1 142 0 0 27 177 656221 0 0 0 0 0 173
214 651488 K 0 0 0 109 0 0 0 11 651210 0 0 30 0 13 90 0 12 0 0 0 13
215 649695 T 107 0 0 0 0 0 0 60 123 0 0 1 176 0 16 55 649157 0 0 0 0
216 646951 R 0 0 0 0 0 113 0 0 98 0 181 0 0 0 646343 151 30 0 35 0 0
217 643426 S 1 51 0 0 0 125 0 95 0 0 0 98 0 0 86 642959 11 0 0 0 0
218 638765 A 638123 1 209 0 0 34 0 0 0 0 0 0 19 0 0 183 136 60 0 0 0
219 645593 Y 0 102 6 0 47 0 126 0 0 1 0 16 0 0 1 7 0 0 0 645116 171
220 648840 E 4 0 207 648123 0 91 0 0 137 0 0 0 0 40 0 0 3 49 0 0 186
221 651753 R 0 0 0 0 0 103 0 184 71 0 0 0 0 0 651285 27 33 0 0 0 50
222 642046 M 0 0 0 0 0 0 0 308 46 36 641478 1 0 0 11 0 84 82 0 0 0
223 634839 C 0 634097 0 0 174 18 0 0 1 2 0 0 0 0 105 113 0 0 28 144 157
224 633916 N 0 0 97 0 0 0 8 54 167 0 0 633441 0 0 0 94 5 0 0 50 0
225 635956 I 0 0 0 0 48 0 0 635624 0 4 3 27 0 0 0 7 166 77 0 0 0
226 636271 L 0 0 0 0 51 0 66 184 1 635821 0 0 107 5 4 0 0 32 0 0 0
227 635389 K 0 0 0 102 0 0 0 52 635064 0 0 45 0 8 87 0 7 0 0 0 24
228 627785 G 29 0 0 108 0 627294 0 0 4 0 0 0 0 0 91 0 0 134 0 0 125
229 622928 K 0 0 0 114 0 0 0 20 622613 0 0 69 0 6 79 0 4 0 0 0 23
230 623621 F 0 6 0 0 623272 0 0 56 0 149 0 0 0 0 0 115 0 7 0 15 1
231 618139 Q 0 0 0 25 4 0 22 0 165 31 0 0 5 617645 169 2 0 0 0 0 71
232 612836 T 87 0 0 0 0 0 0 66 190 0 0 0 19 0 30 29 612415 0 0 0 0
233 611205 A 610596 0 243 0 0 19 1 0 0 0 0 0 20 0 0 196 86 44 0 0 0
234 604958 A 604227 0 0 178 0 31 0 0 2 0 0 0 38 0 0 162 217 103 0 0 0
235 596674 Q 0 0 0 24 0 0 47 0 169 28 0 0 8 596236 77 0 0 0 0 0 85
236 590752 R 0 0 0 0 0 137 0 0 128 0 172 0 0 0 590154 115 24 0 22 0 0
237 585094 A 584500 0 0 145 0 49 0 0 1 0 0 0 28 0 0 116 106 149 0 0 0
238 574075 M 0 0 0 0 0 0 0 316 45 26 573541 2 0 0 4 0 76 65 0 0 0
239 564441 M 0 0 0 0 0 0 0 308 58 61 563839 0 0 0 7 0 64 104 0 0 0
240 551510 D 2 0 551047 60 0 102 20 0 0 0 0 102 0 0 0 0 0 48 0 129 0
241 534039 Q 0 0 0 47 0 0 39 0 135 39 0 0 6 533579 139 0 0 0 0 0 55
242 518575 V 84 0 0 56 0 9 0 0 1 187 115 0 0 0 0 2 0 518121 0 0 0
243 509468 R 0 0 0 0 0 114 0 183 110 0 0 0 0 0 508899 61 44 0 0 0 57
244 490207 E 3 0 25 489809 0 114 0 0 88 0 0 0 0 22 1 0 0 17 0 0 128
245 477857 S 0 13 0 0 0 137 0 66 0 0 0 57 0 0 73 477491 20 0 0 0 0
246 460610 R 0 0 0 0 0 12 1 0 0 95 0 0 25 169 460209 0 0 0 99 0 0
247 441536 N 0 0 59 0 0 0 4 29 80 0 0 441266 0 0 0 73 10 0 0 15 0
248 424100 P 11 0 0 0 0 0 0 0 0 57 0 0 423817 94 8 40 73 0 0 0 0
249 406005 G 15 0 0 38 0 405692 0 0 0 0 0 0 0 0 81 0 0 77 0 0 102
250 392744 N 0 0 68 0 0 0 5 19 30 0 0 392554 0 0 0 45 9 0 0 14 0
251 378622 A 378230 0 106 0 1 17 0 0 0 0 0 0 19 0 0 133 72 44 0 0 0
252 363079 E 2 0 104 362735 0 52 0 0 41 0 0 0 0 24 0 0 0 32 0 0 89
253 347350 I 0 0 0 0 31 0 0 347167 0 7 26 29 0 0 0 3 38 49 0 0 0
254 328937 E 2 0 28 328690 0 36 0 0 67 0 0 0 0 12 0 0 2 22 0 0 78
255 308457 D 3 0 308278 14 0 34 16 0 0 0 0 28 0 0 0 0 0 19 0 65 0
256 290234 L 0 0 0 0 19 0 25 57 0 290054 0 0 68 0 5 0 0 6 0 0 0
257 274736 I 0 0 0 0 13 0 0 274594 0 6 17 28 0 0 0 4 32 42 0 0 0
258 256457 F 0 3 0 0 256340 0 0 16 0 49 0 0 2 0 0 36 0 2 0 9 0
259 244214 L 0 0 0 0 0 0 0 0 0 244041 83 0 33 23 5 0 0 29 0 0 0
260 228561 A 228260 0 0 98 0 17 0 0 0 0 0 0 14 0 0 41 58 73 0 0 0
261 213188 R 0 0 0 0 0 9 0 0 0 46 0 0 1 41 213046 0 0 0 45 0 0
262 198718 S 2 12 0 0 21 0 0 0 0 1 0 0 32 0 0 198575 16 0 0 59 0
263 179079 A 178865 0 0 66 0 17 0 0 0 0 0 0 9 0 0 37 38 47 0 0 0
264 162130 L 0 0 0 0 14 0 13 58 0 162011 0 0 27 0 1 0 0 6 0 0 0
265 142051 I 0 0 0 0 0 0 0 141963 9 12 25 0 0 0 0 0 24 18 0 0 0
266 125961 L 0 0 0 0 51 0 0 0 0 125865 9 0 0 0 0 25 0 1 1 0 9
267 114373 R 0 0 0 0 0 27 0 25 16 0 0 0 0 0 114279 6 10 0 0 0 10
268 102524 G 5 0 0 16 0 102435 0 0 0 0 0 0 0 0 20 0 0 20 28 0 0
269 88407 S 0 0 0 0 0 0 0 0 0 10 0 0 14 0 0 88339 12 0 0 0 32
270 71231 V 8 0 9 0 12 0 0 8 0 1 0 0 0 0 0 0 0 71193 0 0 0
271 56976 A 56912 0 17 0 0 1 0 0 0 0 0 0 3 0 0 20 15 8 0 0 0
272 48502 H 0 0 7 0 0 0 48458 0 0 7 0 11 0 11 5 0 0 0 0 3 0
273 39560 K 0 0 0 3 0 0 0 1 39551 0 0 2 0 0 2 0 0 0 0 0 1
274 28999 S 0 1 0 0 4 0 0 0 0 0 0 0 3 0 0 28985 1 0 0 5 0
275 25005 C 0 24980 0 0 7 1 0 0 0 0 0 0 0 0 4 0 0 0 1 6 6
276 18278 L 0 0 0 0 0 0 0 0 0 18270 5 0 0 3 0 0 0 0 0 0 0
277 14652 P 8 0 0 0 0 0 45 0 0 23 0 0 14535 0 13 25 3 0 0 0 0
278 12831 A 12684 0 50 0 0 13 0 0 0 0 0 0 9 0 0 17 48 10 0 0 0
279 10820 C 0 10747 0 0 2 0 0 0 0 0 0 0 0 0 62 1 0 0 1 1 6
280 14088 V 2 0 0 4 0 0 0 0 0 2 1 0 0 0 0 0 0 14079 0 0 0
281 18133 Y 0 2 0 0 1 0 4 0 0 0 0 1 0 0 0 0 0 0 0 18121 4
282 14085 G 2 0 0 11 0 14061 0 0 0 0 0 0 0 0 7 0 0 1 0 0 3
283 37179 P 5 0 0 0 0 0 27 0 0 22 0 0 37077 0 22 13 13 0 0 0 0
284 50735 A 50525 0 52 0 0 12 0 0 0 0 0 0 21 0 0 35 49 41 0 0 0
285 58605 V 9 0 0 5 0 0 0 18 0 37 0 0 0 0 0 0 0 58536 0 0 0
286 69566 A 69528 0 15 0 0 1 0 0 0 0 0 0 4 0 0 8 5 5 0 0 0
287 79194 S 0 8 0 0 0 19 0 11 0 0 0 9 0 0 21 79106 20 0 0 0 0
288 91991 G 0 18 11 0 0 91925 0 0 0 0 0 0 0 0 7 13 0 17 0 0 0
289 109816 Y 0 15 0 0 8 0 28 0 0 0 0 5 0 0 0 0 0 0 0 109733 27
290 128935 D 1 0 128815 33 0 23 7 0 0 0 0 28 0 0 0 0 0 7 0 21 0
291 146634 F 0 1 0 0 146524 0 0 5 0 68 0 0 0 0 0 21 0 2 0 13 0
292 162797 E 1 0 3 162656 0 32 0 0 46 0 0 0 0 9 0 0 0 14 0 0 36
293 174929 K 0 0 0 38 0 0 0 4 174836 0 0 9 0 3 31 0 4 0 0 0 4
294 192222 E 1 0 48 192027 0 49 0 0 26 0 0 0 0 10 0 0 0 15 0 0 46
295 210212 G 13 0 0 49 0 210026 0 1 0 0 0 0 0 0 42 0 0 43 0 0 38
296 230043 Y 0 32 0 0 16 0 37 0 0 0 0 19 0 0 0 3 0 0 0 229880 56
297 248820 S 1 14 0 0 13 0 0 0 0 0 0 0 33 0 0 248641 26 0 0 92 0
298 272512 L 0 0 0 0 19 0 0 6 0 272438 0 0 0 0 0 40 0 6 0 0 3
299 294043 V 38 0 0 35 0 2 0 0 0 102 31 0 0 0 0 0 0 293835 0 0 0
300 309478 G 14 0 0 72 0 309240 0 0 0 0 0 0 0 0 43 0 0 60 0 0 49
301 323096 I 0 0 0 0 0 0 0 322876 28 24 73 1 0 0 2 0 37 55 0 0 0
302 344040 D 2 0 343720 56 0 48 32 0 0 0 0 56 0 0 0 0 0 31 0 95 0
303 365659 P 11 0 0 0 0 0 108 0 0 19 0 0 365409 0 8 36 68 0 0 0 0
304 381500 F 0 0 0 0 381178 0 0 20 0 169 0 0 0 0 0 88 1 10 0 34 0
305 396135 K 0 0 0 73 1 0 0 26 395783 1 0 44 0 8 169 0 5 0 0 0 25
306 411195 L 0 0 0 0 0 0 0 0 0 410977 111 0 76 10 3 0 0 18 0 0 0
307 432279 L 0 0 0 0 32 0 17 119 0 432017 0 0 75 0 5 0 0 14 0 0 0
308 452981 Q 0 1 0 46 0 0 21 0 123 26 0 0 7 452627 72 0 0 0 0 0 58
309 469190 N 0 0 69 0 0 1 9 27 140 0 0 468780 0 0 0 72 80 0 0 12 0
310 488336 S 0 27 0 0 0 75 0 129 0 0 0 98 0 0 139 487843 25 0 0 0 0
311 503355 Q 0 0 0 28 0 1 20 0 136 40 0 0 13 502971 69 0 0 0 0 0 77
312 522897 V 65 0 0 45 0 5 0 92 0 165 0 0 0 0 0 0 0 522525 0 0 0
313 541531 Y 0 71 3 0 47 0 81 0 0 0 0 32 0 0 0 6 0 0 0 541105 186
314 560251 S 0 29 0 0 0 126 0 173 1 0 0 90 0 0 162 559645 25 0 0 0 0
315 574381 L 0 0 0 0 0 0 0 164 1 574002 0 0 136 48 7 0 0 23 0 0 0
316 590014 I 0 0 0 0 39 0 0 589720 1 7 37 50 0 0 0 0 88 72 0 0 0
317 599873 R 0 0 0 0 0 181 0 134 84 0 0 0 0 0 599371 40 46 0 1 0 16
318 610672 P 20 0 0 0 0 0 0 0 0 113 0 0 610171 179 19 80 89 1 0 0 0
319 622026 N 0 0 81 1 0 0 4 26 193 0 0 621550 0 0 0 125 10 0 0 36 0
320 632533 E 4 0 211 631846 0 104 0 0 125 0 0 0 0 24 0 0 0 49 0 1 169
321 636132 N 0 0 73 0 0 0 7 41 63 0 0 635828 0 0 0 77 15 0 0 28 0
322 640093 P 16 0 0 0 0 0 0 0 0 95 0 0 639574 142 29 56 180 0 0 0 1
323 643361 A 642705 0 0 226 0 25 0 0 0 0 0 0 20 0 0 169 108 108 0 0 0
324 649573 H 0 0 41 1 0 0 648874 0 0 92 0 190 10 186 97 0 0 0 0 82 0
325 649637 K 0 0 0 120 0 0 0 0 649066 0 50 221 0 8 124 0 22 0 0 1 25
326 650091 S 0 45 0 0 0 102 0 108 0 0 0 103 0 0 85 649623 25 0 0 0 0
327 646698 Q 0 0 0 32 0 0 229 0 162 40 0 0 15 645996 151 0 0 0 0 0 73
328 640598 L 0 0 0 0 0 0 0 1 0 640268 196 0 68 33 8 0 0 24 0 0 0
329 641170 V 77 0 0 47 0 16 0 0 0 105 66 0 0 0 0 0 0 640859 0 0 0
330 645381 W 0 175 0 0 1 16 0 0 0 169 0 0 0 0 107 32 0 0 644661 0 220
331 641466 M 0 0 0 0 0 0 0 319 52 72 640843 0 0 0 7 0 82 91 0 0 0
332 641767 A 641143 0 0 225 0 29 0 0 0 0 0 0 26 0 0 134 97 113 0 0 0
333 644105 C 0 643328 0 0 167 7 0 0 0 0 0 0 1 0 169 78 0 0 43 133 179
334 641642 N 0 0 108 0 1 1 151 33 39 0 0 641177 0 0 0 88 2 0 0 42 0
335 638219 S 1 41 0 0 60 0 0 0 0 0 0 0 60 0 0 637834 48 0 0 175 0
336 635098 A 634337 0 214 0 0 26 0 0 0 0 0 0 25 0 0 227 178 90 0 1 0
337 632283 A 631661 0 0 197 0 37 0 0 0 0 0 0 27 0 0 170 97 94 0 0 0
338 631839 F 0 7 0 0 631554 0 0 36 0 126 0 0 0 0 0 89 0 7 0 20 0
339 634675 E 5 0 67 634130 0 140 0 0 64 0 0 0 0 46 0 0 0 43 0 0 180
340 627986 D 4 0 627463 46 0 84 35 0 0 0 0 121 0 0 0 0 0 61 0 172 0
341 626448 L 0 0 0 0 0 0 0 177 0 626034 0 0 147 34 7 0 0 49 0 0 0
342 626833 R 0 0 0 0 0 94 0 187 72 0 0 0 0 0 626342 62 44 0 0 0 32
343 625749 V 93 0 0 42 0 6 0 67 0 187 0 0 0 0 0 0 0 625354 0 0 0
344 626208 L 0 0 0 0 84 0 0 46 0 625903 0 0 1 0 0 87 0 10 0 0 77
345 631035 S 0 18 0 0 0 93 0 165 0 0 0 79 0 0 234 630437 9 0 0 0 0
346 633258 F 0 6 0 0 632722 0 0 14 0 337 0 0 1 0 0 99 0 15 0 64 0
347 632613 I 0 0 0 0 61 0 0 632271 0 9 31 57 0 0 0 7 80 97 0 0 0
348 627955 R 0 0 0 0 0 139 0 174 87 0 0 0 0 0 627398 48 48 0 0 0 61
349 633353 G 19 0 0 80 0 632926 0 0 0 0 0 0 0 0 106 0 0 101 121 0 0
350 636075 T 134 0 0 0 0 0 0 81 3 0 0 65 8 0 0 98 635686 0 0 0 0
351 636048 K 0 0 0 67 0 0 0 26 635775 0 0 42 0 14 82 0 5 0 0 0 37
352 636924 V 98 0 0 40 0 3 0 85 0 72 0 0 0 0 0 0 0 636626 0 0 0
353 645863 S 7 27 0 0 45 0 0 0 0 0 0 0 537 0 0 645081 44 0 0 121 1
354 645269 P 17 0 0 0 0 0 0 0 0 87 0 0 644795 145 43 71 111 0 0 0 0
355 643709 R 0 0 0 0 0 79 0 0 123 5 213 0 0 0 643102 122 26 0 39 0 0
356 650235 G 20 0 0 81 0 649855 0 0 0 0 0 0 0 0 79 0 0 69 131 0 0
357 643269 K 0 0 0 120 0 2 0 54 642836 0 0 95 0 5 114 0 13 0 0 0 30
358 646588 L 0 0 0 0 70 0 25 52 0 646273 0 0 145 0 2 0 5 16 0 0 0
359 655835 S 8 43 0 0 64 0 0 0 0 1 0 0 148 0 0 655375 53 0 0 142 1
360 667207 T 99 0 0 0 0 0 0 56 0 0 0 227 7 0 0 83 666735 0 0 0 0
361 658951 R 0 0 0 0 0 117 0 210 89 0 0 0 0 0 658396 36 49 0 0 0 54
362 665736 G 23 0 0 61 0 665276 0 0 0 0 0 0 0 0 80 0 0 151 0 0 145
363 670430 V 138 0 0 51 0 2 0 97 0 178 0 0 0 0 0 0 0 669964 0 0 0
364 674159 Q 0 0 0 36 0 0 69 0 138 47 0 0 15 673667 96 0 0 0 0 0 91
365 678763 I 0 0 0 0 42 0 0 678511 0 7 7 40 0 0 0 9 74 73 0 0 0
366 685845 A 685285 0 179 0 0 24 0 0 0 0 0 0 14 0 0 172 111 60 0 0 0
367 685484 S 8 0 0 0 1 0 0 0 3 58 0 0 99 0 0 684977 96 0 0 0 242
368 679221 N 0 0 101 0 0 0 2 31 53 0 0 678926 0 0 0 65 4 0 0 39 0
369 683457 E 5 0 25 682941 0 106 0 1 133 0 0 0 0 44 0 0 0 29 0 0 173
370 680853 N 0 0 131 0 0 0 8 37 178 0 0 680248 0 0 0 91 145 0 0 15 0
371 682787 M 0 0 0 0 0 0 0 384 49 70 682085 0 0 0 12 0 94 93 0 0 0
372 684892 D 4 0 684361 107 0 137 24 0 0 0 0 103 0 0 0 0 0 42 0 114 0
373 685983 A 685300 0 206 0 0 43 0 0 0 0 0 0 21 0 0 196 153 64 0 0 0
374 687252 M 0 0 0 0 0 0 0 415 63 101 686491 1 0 0 11 0 83 87 0 0 0
375 683366 E 7 0 47 682847 0 121 0 0 83 0 0 0 0 38 0 0 0 70 0 0 153
376 681837 S 8 0 0 0 0 0 0 0 1 64 0 0 85 0 0 681445 46 0 0 0 188
377 675407 S 0 53 0 0 0 95 0 115 0 0 0 101 0 0 80 674949 14 0 0 0 0
378 669913 T 91 0 0 0 0 0 0 45 0 0 0 146 5 0 0 76 669550 0 0 0 0
379 668813 L 0 0 0 0 42 0 65 234 0 668257 0 0 138 0 15 0 0 62 0 0 0
380 661360 E 5 1 60 660828 0 87 0 0 114 0 0 0 0 40 0 0 0 61 0 0 164
381 658726 L 0 0 0 0 0 0 0 0 0 658357 167 0 145 23 15 0 0 19 0 0 0
382 655555 R 0 0 0 0 0 149 0 55 63 0 0 0 0 0 655167 53 19 0 0 0 49
383 654425 S 0 16 0 0 0 82 0 191 0 0 0 83 0 0 231 653798 24 0 0 0 0
384 651408 R 0 0 0 0 0 210 0 0 73 0 150 0 0 0 650799 102 19 0 55 0 0
385 647520 Y 0 100 15 0 42 0 126 0 0 0 0 65 0 0 0 4 0 0 0 646993 175
386 645585 W 0 128 0 0 0 10 0 0 0 172 0 0 0 0 148 32 0 0 644872 0 223
387 640974 A 640401 0 138 0 0 22 0 0 0 0 0 0 27 0 0 126 145 115 0 0 0
388 631983 I 0 0 0 0 0 0 0 631539 36 82 148 0 0 0 7 0 95 76 0 0 0
389 629185 R 1 0 1 0 0 105 0 174 74 0 0 0 0 0 628735 34 33 0 0 0 28
390 623816 T 101 0 0 0 0 0 0 60 0 0 0 90 6 0 0 83 623476 0 0 0 0
391 626932 R 0 0 0 0 0 141 0 100 73 1 0 0 0 0 626511 38 29 0 0 0 39
392 623873 S 0 23 0 0 0 77 0 159 0 1 0 66 0 0 58 623468 21 0 0 0 0
393 626387 G 30 0 0 67 0 625853 0 0 0 0 0 0 0 0 135 0 0 155 0 0 147
394 624445 G 33 0 0 72 0 623934 0 0 2 0 0 0 0 0 122 0 0 131 0 0 151
395 618618 N 0 0 128 0 0 0 4 44 188 0 0 618068 0 0 0 114 47 0 0 25 0
396 614831 T 88 0 0 0 0 0 0 51 1 0 0 195 7 0 3 100 614386 0 0 0 0
397 614192 N 0 0 85 0 0 0 6 21 69 0 0 613916 0 0 0 68 16 0 0 11 0
398 607728 Q 0 0 0 35 0 0 52 0 162 34 0 0 5 607268 108 0 1 0 0 0 63
399 602690 Q 0 0 0 20 0 0 218 0 200 44 0 0 9 602021 108 0 0 0 0 0 70
400 598651 R 0 0 0 0 0 176 0 0 108 0 75 0 0 0 598168 65 13 0 46 0 0
401 600839 A 600353 0 127 0 0 28 0 0 0 0 0 0 44 0 5 90 98 94 0 0 0
402 597804 S 7 32 0 0 48 0 1 0 0 0 0 0 137 0 1 597470 42 0 0 66 0
403 593470 A 592655 0 0 183 0 36 0 0 0 0 0 0 29 0 0 189 174 204 0 0 0
404 595851 G 31 178 87 0 0 595377 0 0 0 1 0 0 0 0 29 55 0 93 0 0 0
405 607375 Q 1 0 0 30 0 0 39 0 116 34 0 0 10 606958 111 0 0 0 0 0 76
406 603140 I 0 0 0 0 40 0 0 602848 0 9 19 40 0 0 0 8 100 76 0 0 0
407 611028 S 0 44 0 0 0 136 0 188 0 0 0 91 0 0 101 610445 23 0 0 0 0
408 612111 V 143 0 0 78 0 8 0 0 0 208 173 0 0 0 0 0 0 611501 0 0 0
409 613896 Q 0 0 0 36 0 0 82 0 140 35 0 0 7 613310 90 0 0 0 0 0 196
410 614269 P 18 0 0 0 1 0 181 0 0 45 0 0 613806 1 31 93 93 0 0 0 0
411 622537 A 621794 0 0 163 0 27 0 0 0 0 0 0 37 0 0 201 226 89 0 0 0
412 627743 F 0 9 0 0 627423 0 0 68 0 145 0 0 1 0 0 74 0 11 0 12 0
413 631154 S 4 28 0 0 65 0 0 0 0 0 0 0 96 0 0 630771 28 0 0 162 0
414 634490 V 143 0 0 93 1 13 0 1 0 199 176 0 0 0 0 0 0 633863 0 0 1
415 641905 Q 0 0 0 55 0 0 35 0 196 42 0 0 5 641364 99 0 0 0 0 0 109
416 643622 R 0 0 0 1 0 163 0 120 65 0 0 0 0 0 643184 31 34 0 0 0 24
417 649849 N 0 0 96 0 0 0 9 36 96 0 0 649401 0 0 0 79 96 0 0 36 0
418 655496 L 0 0 0 0 64 0 34 123 0 655087 0 0 157 0 7 0 0 24 0 0 0
419 658515 P 33 0 0 0 0 0 0 0 0 84 0 0 657956 178 37 89 138 0 0 0 0
420 659933 F 0 7 0 0 659549 0 0 61 0 148 0 0 0 0 0 112 0 23 0 33 0
421 668333 D 6 0 667524 193 2 149 50 0 1 1 1 154 0 0 0 1 0 76 0 175 0
422 670123 K 0 0 0 103 0 0 0 39 669684 0 0 142 0 10 103 0 23 0 0 0 19
423 669173 P 27 0 0 0 0 0 0 0 1 79 0 0 668700 168 20 66 111 0 0 0 1
424 670714 T 105 0 0 0 0 0 0 72 0 0 0 108 10 0 0 79 670339 0 0 1 0
425 673849 I 0 0 0 0 55 0 0 673437 0 4 54 54 0 0 0 5 134 106 0 0 0
426 668483 M 0 0 0 0 0 0 0 367 64 56 667775 0 0 0 24 0 100 97 0 0 0
427 668179 A 667412 0 0 197 0 59 0 0 2 0 0 0 32 0 1 145 146 185 0 0 0
428 659224 A 658491 0 0 212 0 19 0 0 0 0 0 0 37 0 0 196 175 94 0 0 0
429 651873 F 0 6 0 0 651343 0 0 31 0 307 0 0 1 0 0 98 0 13 0 74 0
430 642968 T 98 0 0 0 0 0 0 75 0 0 0 230 7 0 1 83 642474 0 0 0 0
431 630995 G 25 1 0 98 0 630426 0 0 0 0 0 0 0 0 170 0 0 117 158 0 0
432 620487 N 0 0 93 0 0 0 4 32 45 0 0 620165 0 0 0 98 7 0 0 43 0
433 612352 T 144 0 0 0 0 0 0 127 201 1 0 0 6 0 35 70 611768 0 0 0 0
434 599289 E 11 0 202 598573 0 136 0 0 78 0 1 0 0 47 0 0 0 42 0 0 199
435 585000 G 26 0 0 137 0 584479 0 0 0 0 0 0 0 0 107 0 0 143 0 0 108
436 570490 R 0 0 0 0 0 91 0 186 79 0 0 1 0 0 570039 34 25 1 0 0 34
437 551552 T 98 0 0 0 0 0 0 71 116 0 0 0 3 0 15 40 551204 0 0 0 5
438 537521 S 4 0 0 0 0 1 0 0 0 63 0 0 78 0 0 537110 43 0 0 0 222
439 525160 D 6 0 524551 173 0 82 33 0 0 39 0 87 0 0 0 0 0 43 0 146 0
440 509219 M 0 0 0 0 0 0 0 311 26 50 508677 0 0 0 14 0 64 76 0 1 0
441 494587 R 0 0 0 0 0 109 0 0 63 0 181 0 0 0 494100 89 15 0 30 0 0
442 478442 A 477962 0 0 126 0 28 0 0 1 0 0 0 23 0 0 102 119 81 0 0 0
443 465833 E 4 0 28 465522 0 55 0 0 56 0 0 0 0 26 0 0 0 16 0 0 126
444 451488 I 0 0 0 0 22 0 0 451324 0 7 4 25 0 0 0 3 54 49 0 0 0
445 433815 I 0 0 0 0 0 0 0 433555 35 40 86 0 0 0 2 0 39 58 0 0 0
446 416495 R 0 0 0 0 0 88 0 0 48 0 136 0 0 0 416051 131 16 0 25 0 0
447 401509 M 0 0 0 0 0 0 0 222 32 46 401099 0 0 0 5 0 40 65 0 0 0
448 385379 M 0 0 0 0 0 0 0 199 45 44 384951 0 0 0 6 0 49 85 0 0 0
449 365481 E 7 0 36 365152 0 96 0 0 53 0 0 0 0 24 0 0 0 31 0 0 82
450 349147 G 7 106 66 0 0 348822 0 1 0 0 0 1 0 0 17 62 0 65 0 0 0
451 329971 A 329404 0 0 139 1 19 0 0 3 0 0 0 15 0 0 115 166 107 0 2 0
452 308660 K 0 0 0 53 0 0 0 20 308447 0 0 73 0 5 41 0 5 1 0 0 15
453 288510 P 13 0 0 0 0 1 0 0 0 29 0 0 288326 71 6 21 43 0 0 0 0
454 272462 E 0 0 12 272212 0 43 0 0 56 0 0 0 0 20 0 0 0 12 0 0 107
455 246921 E 2 0 23 246705 0 41 0 0 20 0 0 0 0 18 0 0 0 25 0 0 87
456 225539 M 0 0 0 0 0 0 0 99 24 8 225346 0 0 0 4 0 30 28 0 0 0
457 211992 S 1 19 0 0 20 1 0 0 0 0 0 0 43 0 0 211838 18 0 0 52 0
458 199463 F 0 1 0 0 199264 0 0 10 0 115 0 0 0 0 0 40 0 4 0 29 0
459 188161 Q 0 0 0 19 0 0 69 0 82 22 0 0 9 187819 112 0 0 0 0 0 29
460 175526 G 10 0 0 37 0 175412 0 0 0 0 0 0 0 0 10 0 0 55 2 0 0
461 165750 R 0 0 0 0 0 15 0 0 0 98 0 0 16 85 165486 0 0 0 50 0 0
462 157307 G 9 0 0 28 0 157120 0 0 0 0 0 0 1 0 52 0 0 39 0 0 58
463 140792 V 15 0 6 0 32 2 0 23 0 6 0 0 0 0 0 0 0 140708 0 0 0
464 389669 F 0 4 0 0 389344 0 0 27 0 188 0 0 0 0 0 64 0 11 0 30 1
465 397119 E 3 0 153 396624 0 60 0 0 86 0 0 0 0 35 0 0 1 8 0 0 149
466 418933 L 0 0 0 0 37 1 9 96 0 418691 0 0 78 0 6 0 0 15 0 0 0
467 443596 S 2 0 0 0 0 0 0 0 0 107 0 0 72 0 0 443304 16 0 22 0 73
468 460077 D 2 0 459612 112 0 124 28 0 0 0 0 60 0 0 0 0 0 28 0 111 0
469 493176 E 3 0 40 492693 0 115 0 0 104 0 0 0 0 34 0 0 0 37 0 0 150
470 519199 R 0 0 0 0 0 89 0 0 269 0 186 0 0 0 518486 115 29 0 25 0 0
471 547788 A 547325 0 0 113 0 27 0 0 0 1 0 0 17 0 0 115 78 112 0 0 0
472 582913 A 582199 0 0 134 0 22 0 0 0 1 1 0 26 0 0 202 168 160 0 0 0
473 606134 N 0 0 86 0 0 0 10 35 100 0 0 605526 0 0 1 341 2 1 0 32 0
474 634141 P 21 0 0 0 0 0 0 0 0 131 0 1 633659 150 20 62 97 0 0 0 0
475 657341 I 0 0 0 0 51 0 0 656980 0 9 32 62 0 0 0 5 90 112 0 0 0
476 661114 V 166 0 0 37 0 8 0 0 0 186 192 0 0 0 0 0 0 660525 0 0 0
477 678183 P 31 0 0 0 0 0 88 0 0 66 0 0 677782 1 13 95 107 0 0 0 0
478 701655 S 2 23 0 0 58 0 0 0 0 0 0 0 102 0 0 701358 33 0 0 79 0
479 720265 F 0 5 0 0 720019 0 0 20 0 115 0 0 1 0 0 65 0 13 0 27 0
480 729173 D 15 1 728248 216 9 136 64 0 0 0 0 180 0 0 0 0 0 105 0 199 0
481 742594 M 0 0 0 0 0 0 0 416 30 63 741831 0 0 0 7 1 94 152 0 0 0
482 745861 S 0 78 0 0 0 113 0 236 0 0 0 109 0 0 94 745196 34 1 0 0 0
483 764336 N 0 0 96 0 0 0 5 44 77 0 0 764007 0 0 0 80 1 0 0 26 0
484 768203 E 4 0 59 767494 0 93 0 0 125 0 0 1 0 61 0 0 0 76 0 0 290
485 769494 G 39 0 0 66 1 768764 0 0 0 0 0 0 0 0 166 0 0 216 1 0 241
486 768303 S 6 24 0 0 62 0 0 0 0 0 0 0 95 0 0 767950 46 0 0 120 0
487 766788 Y 0 100 3 0 31 0 155 1 1 0 0 12 0 0 0 3 0 0 0 766431 51
488 762822 F 0 1 0 0 762307 0 0 47 0 340 0 0 0 0 0 82 0 4 0 41 0
489 763868 F 0 1 0 0 763332 0 0 34 0 336 0 0 0 0 0 98 0 8 0 59 0
490 761193 G 36 0 0 57 1 760464 0 0 0 1 0 0 0 0 267 0 0 163 0 0 204
491 761491 D 4 0 760628 173 0 215 39 0 0 0 0 106 0 0 0 0 0 106 0 220 0
492 759499 N 0 0 95 0 0 0 7 41 77 0 0 759147 0 0 0 85 8 0 0 39 0
493 758882 A 757635 0 0 207 0 47 0 0 0 1 0 0 42 0 0 285 470 195 0 0 0
494 758318 E 4 0 230 757496 0 141 0 0 92 0 0 0 0 78 0 1 0 49 0 0 227
495 755114 E 4 0 261 754321 0 157 0 0 119 0 0 0 0 40 0 0 0 37 0 0 175
496 727640 Y 0 161 8 0 65 0 88 0 0 0 0 50 0 0 0 4 0 0 0 727110 154
497 746309 D 11 0 745375 179 0 173 50 0 0 0 0 242 0 0 0 0 0 108 0 171 0
498 736540 N 0 0 94 0 0 2 9 68 77 0 1 736151 0 0 0 90 12 0 0 36 0
