site,abs_diffsel,positive_diffsel,negative_diffsel
50,10.4145609013,0.0208186820933,-10.3937422192
23,10.1157629959,0.385323828469,-9.7304391674
181,9.88959664431,1.28174783736,-8.60784880695
426,9.68056116347,1.71092644256,-7.96963472091
18,9.13361090859,1.68416104057,-7.44944986803
21,8.89141168843,0.19125533062,-8.70015635781
466,8.85909097159,0.658859843121,-8.20023112847
89,8.78100009134,1.16052243067,-7.62047766067
202,8.73746198466,1.11849612127,-7.61896586339
77,8.73444743401,0.221166865088,-8.51328056892
10,8.70032357135,0.393985895003,-8.30633767635
395,8.57015139667,2.25578543759,-6.31436595908
417,8.56296624969,4.15746821758,-4.40549803211
368,8.41792244155,2.91753585597,-5.50038658557
467,8.38395628754,3.32141110646,-5.06254518108
478,8.27641564599,5.4991961974,-2.77721944859
409,8.12668690755,2.34633260734,-5.78035430021
402,8.06672345467,2.42343707446,-5.64328638021
85,8.06346042343,1.59735394295,-6.46610648048
155,7.99497507323,0.58286496659,-7.41211010664
51,7.98644055536,0.377842184059,-7.6085983713
61,7.92558737501,0.999626528887,-6.92596084612
422,7.92087397985,2.11637450651,-5.80449947334
39,7.85275178563,1.57294937519,-6.27980241044
446,7.73121304985,3.46646750174,-4.26474554811
12,7.70604219895,1.70820994717,-5.99783225178
375,7.60979612249,1.62995027343,-5.97984584906
81,7.55016923735,0.725517251097,-6.82465198625
158,7.54507694758,0.130035882653,-7.41504106493
49,7.54473869026,0.2360938647,-7.30864482556
83,7.52409235698,0.793513969933,-6.73057838705
418,7.50743352336,2.4451423956,-5.06229112775
427,7.46095545883,2.94194737747,-4.51900808136
211,7.44676431429,2.03806192122,-5.40870239307
14,7.44377853224,1.2347335501,-6.20904498213
338,7.4435375824,0.872490570349,-6.57104701205
384,7.44245481606,0.00120954995485,-7.4412452661
52,7.4279096313,0.854417077156,-6.57349255414
373,7.42301302749,2.17137722356,-5.25163580394
86,7.36298159125,1.56838032655,-5.7946012647
41,7.17873902481,0.382385465407,-6.7963535594
186,7.15177864686,0.474899969956,-6.6768786769
60,7.13967972779,0.288038473694,-6.8516412541
122,7.1190384226,2.43788521182,-4.68115321079
309,7.11499153879,1.48553273506,-5.62945880372
64,7.11387037163,0.152689951437,-6.9611804202
82,7.11298659704,0.327473374219,-6.78551322282
385,7.06688745497,0.826800435622,-6.24008701934
112,7.04244137648,1.35010502389,-5.69233635259
440,7.03302677288,0.470010644812,-6.56301612807
451,6.99817147662,2.68003502731,-4.31813644931
164,6.98827529903,1.75123428035,-5.23704101868
189,6.94790337934,0.285108073411,-6.66279530593
452,6.93628480144,2.02314428842,-4.91314051301
59,6.90756090158,0.513259905727,-6.39430099586
311,6.89605528047,1.61872909969,-5.27732618078
434,6.85652008654,2.9510708903,-3.90544919624
485,6.85406028309,4.9216947861,-1.93236549699
423,6.80511696098,2.42227982186,-4.38283713912
424,6.7938158065,2.31472723615,-4.47908857035
359,6.78289917218,1.89742929803,-4.88546987415
105,6.78125307306,2.12540716318,-4.65584590988
431,6.77112266336,2.71193083478,-4.05919182858
22,6.75968573999,0.310639162798,-6.4490465772
193,6.75060319653,2.17038232429,-4.58022087224
57,6.70837904841,0.608099418626,-6.10027962978
68,6.68684721542,0.921477258558,-5.76536995686
342,6.68526027659,0.807552271669,-5.87770800492
432,6.66324013762,2.51760545328,-4.14563468434
396,6.61349420026,1.57997649184,-5.03351770842
237,6.61100548665,1.08354277552,-5.52746271113
217,6.58656523505,2.49524536909,-4.09131986596
127,6.58221817437,2.47414248567,-4.1080756887
319,6.57725990823,2.49942045002,-4.07783945821
243,6.57266869599,0.305449527468,-6.26721916852
98,6.51215907644,1.53155943914,-4.98059963731
55,6.50935740862,0.505089216924,-6.0042681917
367,6.48968412721,0.921405862314,-5.5682782649
310,6.46005531994,1.58242367392,-4.87763164602
178,6.43086338889,0.732835856953,-5.69802753194
283,6.42069105504,3.48947024841,-2.93122080663
125,6.41337034671,2.00941806499,-4.40395228172
25,6.40029520815,0.794393038524,-5.60590216963
372,6.38592593985,2.03968675633,-4.34623918352
460,6.38326503441,3.59566325555,-2.78760177886
114,6.33238734756,1.4264960966,-4.90589125096
62,6.33198540559,0.90879926307,-5.42318614252
56,6.27779016367,0.562078115009,-5.71571204867
399,6.26844583394,2.43353393741,-3.83491189653
157,6.23271700245,0.689603928317,-5.54311307414
161,6.2324373641,1.47835746592,-4.75407989819
214,6.22605576342,0.825708724653,-5.40034703876
250,6.16578032348,0.37310369777,-5.79267662571
201,6.11498076096,1.74025872326,-4.3747220377
101,6.11415860204,1.68398124745,-4.43017735459
469,6.11301720524,3.96263302917,-2.15038417608
28,6.1129449633,1.27056895003,-4.84237601327
108,6.10835684413,2.53943481735,-3.56892202678
453,6.09196648098,3.79612740249,-2.29583907848
131,6.07773336336,0.597321729081,-5.48041163428
84,6.04997962639,2.32071719299,-3.7292624334
497,6.03824271235,3.55031751481,-2.48792519754
102,6.00135251887,1.30279121911,-4.69856129976
371,5.98739456345,0.971141953868,-5.01625260958
160,5.95886700403,0.193403049654,-5.76546395437
377,5.87061150208,2.75726562061,-3.11334588146
479,5.83830832176,1.68759229038,-4.15071603138
90,5.83718479377,1.44860181387,-4.3885829799
109,5.8222465721,0.837574811985,-4.98467176011
80,5.81394435878,1.12602215619,-4.68792220258
473,5.78469386271,1.41622206302,-4.36847179969
24,5.78464617373,1.99056468341,-3.79408149032
438,5.74674025888,2.83796436435,-2.90877589453
403,5.74378868837,1.85602546238,-3.88776322599
15,5.73588790195,2.54122287237,-3.19466502957
124,5.70305339809,0.81920488583,-4.88384851226
333,5.68206945438,0.610067539509,-5.07200191487
437,5.66256582699,2.16710991272,-3.49545591426
99,5.65704398475,0.869514068097,-4.78752991666
433,5.6541051694,4.4997115741,-1.1543935953
415,5.63505975696,1.81641399352,-3.81864576344
54,5.63502371605,0.960968677737,-4.67405503831
231,5.62355004119,2.04362983247,-3.57992020872
406,5.60538913068,1.59755258671,-4.00783654397
3,5.60008450433,2.86913648316,-2.73094802118
100,5.58702381822,2.12113898093,-3.46588483728
194,5.57155939333,2.76283102883,-2.8087283645
129,5.57101473814,0.557312054244,-5.01370268389
65,5.55668379494,0.542720395088,-5.01396339985
480,5.53971680227,0.865022540859,-4.67469426141
103,5.51736135911,3.95106386042,-1.56629749869
88,5.50767738573,1.52474033398,-3.98293705175
74,5.49610515712,1.18340094649,-4.31270421063
205,5.48588343019,0.494344487935,-4.99153894226
447,5.48392715735,2.37962725107,-3.10429990627
401,5.47475494713,1.14791083362,-4.32684411351
421,5.47250059015,2.77456299071,-2.69793759944
173,5.46906272979,0.229799617449,-5.23926311234
484,5.46685171317,4.21864115469,-1.24821055848
322,5.45912144839,0.200937712977,-5.25818373541
162,5.4180542,0.452759113942,-4.96529508606
130,5.41762302332,2.0284660462,-3.38915697712
206,5.3975919761,0.958604833796,-4.4389871423
13,5.37350425167,0.548682129842,-4.82482212183
42,5.37051592268,0.871827196821,-4.49868872586
498,5.36984174405,2.23679118489,-3.13305055917
459,5.34580626365,1.43797205667,-3.90783420698
420,5.32756006757,1.62659213947,-3.7009679281
63,5.32626634012,0.32588472079,-5.00038161933
191,5.3196969524,0.929375564311,-4.39032138809
45,5.30148438836,2.00573204381,-3.29575234455
163,5.27882080173,1.11680784573,-4.162012956
121,5.26396720589,0.568813725623,-4.69515348026
126,5.23475330669,2.26452866321,-2.97022464348
117,5.22901327013,1.27968920308,-3.94932406705
46,5.22642512117,0.631787812808,-4.59463730836
444,5.21353567614,0.488389876469,-4.72514579967
34,5.21204056834,2.10602831854,-3.1060122498
428,5.18979328201,2.11474885623,-3.07504442578
169,5.17977317354,0.639391008146,-4.54038216539
495,5.1616063365,0.532841030172,-4.62876530633
334,5.15856829285,2.87431497178,-2.28425332108
71,5.13978274992,1.56335180492,-3.576430945
301,5.09798127863,0.773306214527,-4.3246750641
429,5.09207046403,0.610164860363,-4.48190560367
79,5.0764247754,0.577566640302,-4.4988581351
123,5.07281353413,0.144462530564,-4.92835100356
370,5.06654526151,1.2803598591,-3.78618540241
308,5.05065627557,1.11890244549,-3.93175383008
397,5.0496425272,0.871815605626,-4.17782692158
48,5.04409334011,0.415578023405,-4.6285153167
346,5.03081619356,0.598242927754,-4.4325732658
315,5.02870026094,0.2328123092,-4.79588795174
119,4.98690111548,1.94496681305,-3.04193430243
69,4.98670168514,0.855707371579,-4.13099431356
302,4.98109046248,1.57120346568,-3.4098869968
196,4.9774803903,1.48460065643,-3.49287973387
491,4.96581261659,0.0,-4.96581261659
87,4.95948456675,1.41565497378,-3.54382959298
190,4.94583012863,0.0,-4.94583012863
182,4.93888707878,1.65785170167,-3.28103537711
232,4.93850483006,2.06363547496,-2.87486935511
364,4.92144107651,2.43479822703,-2.48664284949
328,4.89945187947,1.00271140213,-3.89674047734
31,4.88959805185,1.52393533378,-3.36566271807
318,4.88213805574,1.68154618465,-3.20059187109
238,4.85576496747,0.9319684806,-3.92379648687
78,4.85239305895,1.85817060589,-2.99422245306
53,4.84951998921,0.587328633417,-4.2621913558
442,4.84761185334,1.98294716772,-2.86466468562
240,4.77700341048,0.972099673634,-3.80490373685
9,4.75891451934,1.27704097642,-3.48187354292
70,4.75353639411,0.696300000451,-4.05723639366
76,4.74781824022,0.296318981634,-4.45149925859
350,4.73978703083,0.196939707695,-4.54284732313
5,4.71301769995,0.424041704144,-4.28897599581
153,4.69486286818,0.27799910589,-4.41686376229
292,4.67869263377,2.24790249323,-2.43079014054
404,4.67419463751,0.932886052275,-3.74130858523
222,4.67154285431,3.04485191332,-1.626690941
213,4.66593742492,0.231620772529,-4.43431665239
481,4.65284577841,3.67523955884,-0.977606219567
398,4.65125079421,3.00479127383,-1.64645952038
445,4.6234986104,0.0838073678212,-4.53969124258
347,4.61039210998,0.263640988443,-4.34675112153
496,4.5976757231,0.494224082941,-4.10345164016
259,4.59383922669,0.345302191848,-4.24853703484
345,4.58640073723,1.45351315981,-3.13288757743
378,4.58072022102,0.503034279522,-4.0776859415
475,4.55857091652,0.43020148559,-4.12836943093
316,4.55088477114,0.365906361585,-4.18497840956
494,4.53840500244,0.546908380792,-3.99149662165
44,4.52273713738,1.22642055167,-3.2963165857
305,4.51555135499,0.341145286423,-4.17440606857
313,4.5083094865,0.000115882735433,-4.50819360377
11,4.49249828413,0.478685255083,-4.01381302904
335,4.4906474641,0.808771225078,-3.68187623902
456,4.45863659221,1.73881225098,-2.71982434123
380,4.45608735643,1.05613009027,-3.39995726616
73,4.44854459287,1.86892265997,-2.57962193291
183,4.44566941099,1.52474412241,-2.92092528858
379,4.41918404689,2.16642019264,-2.25276385425
111,4.41418674408,1.93855344909,-2.47563329499
455,4.40787833087,3.51631712489,-0.89156120598
29,4.40698899318,0.502340969251,-3.90464802393
492,4.40576793881,2.26712633474,-2.13864160407
430,4.39606210823,0.733216908166,-3.66284520006
156,4.38661448071,0.201543944289,-4.18507053642
136,4.37462960258,0.915682400144,-3.45894720244
168,4.37079106265,0.767953713811,-3.60283734884
412,4.34055507309,0.248990723317,-4.09156434978
256,4.33522127467,0.509683450349,-3.82553782432
43,4.33063072653,0.457788980134,-3.87284174639
236,4.30147337616,2.39722868965,-1.90424468651
321,4.29501473813,0.67442856439,-3.62058617374
27,4.27705857578,1.08392431885,-3.19313425693
200,4.27288671478,0.137792148662,-4.13509456612
248,4.27166882343,1.00913336838,-3.26253545505
425,4.22851837871,0.739797859051,-3.48872051966
410,4.19028855204,1.05116537347,-3.13912317857
400,4.18545154581,0.818450642976,-3.36700090284
36,4.169917745,0.537415940205,-3.6325018048
4,4.161417196,2.2631666347,-1.8982505613
184,4.15465332017,0.610175232303,-3.54447808787
233,4.14751248199,1.19670882967,-2.95080365232
257,4.13554963373,2.3918143489,-1.74373528483
30,4.13196712294,0.134149870289,-3.99781725266
17,4.1181435896,1.63901595554,-2.47912763406
16,4.11182204929,1.20969256614,-2.90212948315
215,4.07679722821,0.267097905408,-3.80969932281
391,4.06944131057,0.527531124713,-3.54191018586
134,4.06511833955,0.393528638817,-3.67158970074
116,4.05541239324,1.34118448818,-2.71422790506
58,3.97954660305,0.382174386424,-3.59737221663
369,3.96841572545,0.652250333271,-3.31616539218
219,3.95847246131,0.987280870939,-2.97119159037
47,3.93805899201,1.11324458883,-2.82481440319
376,3.91841707178,2.34382602462,-1.57459104717
133,3.91149452378,0.602618466006,-3.30887605778
128,3.90861220899,0.468566109938,-3.44004609905
454,3.88672247564,2.77626777425,-1.11045470139
247,3.87300283559,0.665197869592,-3.20780496599
239,3.86237596329,0.677869119321,-3.18450684397
144,3.83881789795,0.992619805344,-2.84619809261
388,3.79399207033,0.231140003433,-3.5628520669
360,3.79066995148,1.58133670326,-2.20933324823
419,3.7846094313,0.231930044907,-3.5526793864
212,3.7838747459,0.178588926039,-3.60528581986
483,3.76084607107,1.8780859901,-1.88276008096
458,3.7495980968,1.3076183589,-2.4419797379
138,3.7436880055,0.269332507397,-3.4743554981
106,3.73903572637,0.148091617187,-3.59094410918
192,3.72993442271,0.898655326136,-2.83127909657
474,3.71509944195,0.00506242393564,-3.71003701801
353,3.71039397766,1.98488261286,-1.72551136481
33,3.70862576618,0.485607476551,-3.22301828963
337,3.6694436186,0.642410185553,-3.02703343305
265,3.66832048585,1.01013596095,-2.65818452489
167,3.66538213722,0.596983194328,-3.06839894289
354,3.63118811848,0.331223051317,-3.29996506716
293,3.61385872147,2.52100819977,-1.0928505217
19,3.60820615419,0.679119987566,-2.92908616663
197,3.59145085705,1.37994467932,-2.21150617772
107,3.58792862584,1.87957205095,-1.70835657489
198,3.58782595127,0.84769826043,-2.74012769084
289,3.58265283499,1.43040275948,-2.15225007551
35,3.58257871307,0.784899489103,-2.79767922397
234,3.57661391788,0.469405617728,-3.10720830015
351,3.55329752779,0.323092942281,-3.23020458551
332,3.53923178888,0.0719994904887,-3.46723229839
209,3.51954166187,0.210516094985,-3.30902556688
330,3.51904872947,0.293008639562,-3.22604008991
312,3.51698598931,0.499177187747,-3.01780880157
118,3.51654375706,0.330790753864,-3.1857530032
476,3.51398537562,1.43161860226,-2.08236677336
314,3.47936757511,0.0917805814973,-3.38758699361
449,3.45409932105,0.459192237481,-2.99490708357
307,3.45364006478,0.661399081507,-2.79224098327
218,3.44218922993,1.58322994194,-1.85895928799
294,3.43174354376,1.88414160958,-1.54760193419
228,3.4107412915,1.33223490663,-2.07850638487
392,3.41051501649,0.650452561589,-2.7600624549
104,3.40691526287,0.898348363162,-2.50856689971
115,3.40611140124,0.100908154029,-3.30520324722
463,3.37558661377,0.623813895298,-2.75177271847
97,3.36236453866,0.545333696841,-2.81703084182
235,3.35848961958,0.638008237991,-2.72048138159
242,3.35180986361,0.0084836866052,-3.34332617701
323,3.32647786067,1.02963833744,-2.29683952323
199,3.325068696,0.523985607764,-2.80108308824
331,3.31380121797,0.732428445668,-2.5813727723
72,3.30286825964,1.06940535207,-2.23346290757
264,3.28925997895,0.155337427318,-3.13392255163
414,3.27040893895,0.0778443531814,-3.19256458577
165,3.25568912426,0.991535481161,-2.26415364309
220,3.23945218461,1.09339183548,-2.14606034914
363,3.15997839343,1.969265769,-1.19071262442
457,3.15995538678,0.914032449996,-2.24592293679
336,3.15461374697,0.576201846218,-2.57841190076
298,3.14172064806,0.647932270293,-2.49378837777
241,3.13278890984,1.09052619309,-2.04226271674
135,3.13123172878,0.00528403644209,-3.12594769233
172,3.12002620782,0.561128556944,-2.55889765088
152,3.11571536356,0.463683323701,-2.65203203986
146,3.11400960501,1.10352209863,-2.01048750638
113,3.09855798622,1.18888562145,-1.90967236477
95,3.09433734666,0.3115430801,-2.78279426656
174,3.08542156667,1.11629748346,-1.96912408321
304,3.08465797976,2.23966610223,-0.844991877532
154,3.07446968937,0.728083360312,-2.34638632906
341,3.0645176261,0.585628958014,-2.47888866809
374,3.04575689739,1.39322895359,-1.6525279438
120,3.03348192551,0.850096678422,-2.18338524709
159,3.03324658733,0.75658610329,-2.27666048404
381,3.00930776033,0.175134884547,-2.83417287578
92,3.00331980361,1.18196652704,-1.82135327657
383,2.99985642774,0.428381931602,-2.57147449614
253,2.9950621447,0.370327526096,-2.62473461861
166,2.99444905926,0.18252381714,-2.81192524212
358,2.99005214956,1.51230241232,-1.47774973724
244,2.98925007014,1.17913290953,-1.81011716061
132,2.98467905756,0.919476157987,-2.06520289958
185,2.98282790799,0.082016594088,-2.9008113139
306,2.97302973981,0.47509633081,-2.497933409
285,2.94469158901,0.517886615994,-2.42680497301
246,2.94131410482,0.33479373053,-2.60652037429
465,2.93850089571,0.568147746939,-2.37035314877
204,2.93443130142,1.1065871512,-1.82784415022
448,2.93058143667,0.325691681571,-2.6048897551
468,2.92806431138,0.441072438309,-2.48699187308
278,2.92186350826,0.645732805127,-2.27613070313
487,2.91199671814,0.372493297345,-2.53950342079
187,2.90933447867,0.147140380162,-2.76219409851
365,2.89973185485,0.818050074065,-2.08168178078
266,2.89480619642,0.619240791313,-2.27556540511
225,2.88330450451,0.478861683596,-2.40444282091
66,2.85119091933,1.08929092768,-1.76189999165
413,2.84106300914,0.599764056304,-2.24129895284
390,2.83369945869,0.758517438209,-2.07518202048
91,2.83058656292,0.430572017841,-2.40001454508
286,2.82865544752,0.699153903869,-2.12950154365
245,2.81686882567,1.29998610958,-1.51688271609
94,2.78462607352,0.761157319341,-2.02346875418
216,2.77688619708,0.0267331368204,-2.75015306026
40,2.76786066727,0.174919193594,-2.59294147367
470,2.76710039145,0.77903984479,-1.98806054666
450,2.76439452159,1.00328926847,-1.76110525312
386,2.75032274362,1.128983911,-1.62133883263
389,2.74857213468,0.61320669387,-2.13536544081
258,2.7462969911,0.630543953578,-2.11575303752
405,2.73791474212,0.346048220738,-2.39186652138
493,2.73669217799,0.749478673145,-1.98721350485
171,2.7253455765,0.842379191192,-1.88296638531
290,2.72157911054,0.699261313094,-2.02231779744
140,2.70623392438,1.1592658139,-1.54696811048
324,2.70138998739,1.39006348819,-1.3113264992
188,2.68296825825,1.30468218379,-1.37828607445
340,2.67938917712,0.200712095091,-2.47867708203
26,2.672264207,0.362580831348,-2.30968337565
147,2.66207157937,0.508844264088,-2.15322731528
208,2.63687328334,0.330729662198,-2.30614362114
443,2.6236528862,0.722349506045,-1.90130338016
439,2.62137059127,0.900377910834,-1.72099268043
67,2.61840210245,0.545247407372,-2.07315469508
348,2.61722497538,0.521032300213,-2.09619267517
464,2.60971583858,0.325953821239,-2.28376201734
349,2.5984115397,1.11321546212,-1.48519607757
96,2.59162778301,1.06819537986,-1.52343240315
32,2.59106156179,0.642764235565,-1.94829732623
142,2.58362165873,0.298814654746,-2.28480700398
267,2.57654278565,1.80146624669,-0.775076538952
339,2.55429392602,0.455311704251,-2.09898222177
224,2.53326585096,0.704394545369,-1.82887130559
462,2.51955728071,0.606779193046,-1.91277808766
268,2.51525262412,0.730613266696,-1.78463935742
139,2.50450241498,0.12878797978,-2.3757144352
226,2.50104682826,0.48980257978,-2.01124424848
366,2.49002339615,0.136131446563,-2.35389194959
441,2.47942903778,1.04592710456,-1.43350193321
143,2.4635216282,0.0115541394879,-2.45196748871
416,2.45811421027,0.628596276101,-1.82951793417
287,2.42791904925,1.31471584627,-1.11320320298
110,2.42094328027,1.45286703453,-0.968076245737
344,2.41484501128,1.11650023344,-1.29834477785
382,2.40300537767,0.200698602232,-2.20230677543
195,2.40178599597,0.368128582885,-2.03365741309
229,2.39478905254,0.978898880614,-1.41589017193
176,2.37005636097,0.288059960573,-2.0819964004
277,2.35548965449,0.72930875624,-1.62618089825
151,2.34778666684,0.383887367251,-1.96389929959
303,2.34385702864,0.155215296533,-2.18864173211
393,2.30132073032,0.545274800862,-1.75604592946
177,2.2994122233,0.455824746038,-1.84358747726
137,2.28972533136,0.184578428544,-2.10514690282
251,2.25654352773,0.815520903002,-1.44102262473
210,2.23648569215,0.0,-2.23648569215
411,2.22504998195,0.741725736436,-1.48332424552
20,2.22393803446,0.834678747292,-1.38925928716
149,2.20259377348,0.341587790294,-1.86100598319
203,2.20194193576,1.09586226925,-1.10607966651
329,2.18962634865,0.158518761878,-2.03110758677
279,2.18266074543,0.785902363212,-1.39675838222
320,2.17671029816,0.720380093698,-1.45633020447
249,2.17224737054,0.486491003443,-1.6857563671
284,2.15059834971,1.37490646288,-0.77569188683
408,2.1437544485,1.77670166038,-0.367052788119
75,2.13640721554,0.519239971536,-1.617167244
471,2.13305722928,0.258225784937,-1.87483144434
355,2.13171130013,1.28288630201,-0.848824998113
223,2.11601254692,0.89760952311,-1.21840302381
207,2.11485270981,0.73109638415,-1.38375632566
150,2.11339167271,0.378366440088,-1.73502523263
361,2.09296639957,0.487046120768,-1.6059202788
271,2.08126810227,0.755518795874,-1.3257493064
461,2.06793301423,0.503023413837,-1.5649096004
145,2.06476634499,0.204401403582,-1.86036494141
407,2.04955075248,0.734693462083,-1.3148572904
180,2.04070757727,0.950986743355,-1.08972083392
325,2.03654991029,1.00736468753,-1.02918522276
170,2.01727045374,0.506851582273,-1.51041887147
299,2.00604800356,0.189672750007,-1.81637525355
275,2.00316715526,0.108656967697,-1.89451018757
37,1.98766685739,0.402222808354,-1.58544404904
436,1.98420793422,0.623666751329,-1.36054118289
352,1.97708067684,0.373793193985,-1.60328748285
262,1.92991031446,0.696763572124,-1.23314674234
38,1.86421790967,0.425914885555,-1.43830302411
272,1.85445327256,0.596939897821,-1.25751337474
270,1.84435206193,0.728528517704,-1.11582354423
343,1.80907879803,0.664976988542,-1.14410180949
356,1.80785531027,0.138313554867,-1.66954175541
296,1.80783561916,0.253743801513,-1.55409181765
148,1.80610884969,0.0189466250762,-1.78716222461
291,1.78793947044,0.452436863826,-1.33550260662
269,1.76520569075,1.00531633134,-0.75988935941
221,1.75795570681,0.956276895661,-0.801678811145
175,1.7544985488,0.697104004206,-1.05739454459
230,1.7306114541,0.482990569413,-1.24762088469
317,1.72626777324,0.284108444348,-1.44215932889
387,1.67323243356,0.532902516236,-1.14032991732
357,1.61583516683,0.54681864574,-1.0690165211
489,1.59463822345,1.33789268772,-0.256745535724
179,1.59216623468,0.42790296055,-1.16426327413
327,1.58723826554,0.225111416111,-1.36212684943
297,1.55647954035,0.189653329266,-1.36682621108
482,1.54580654847,0.279624900943,-1.26618164753
141,1.52294050737,0.456112116605,-1.06682839077
260,1.51409982247,0.76933850675,-0.744761315722
300,1.48412118735,0.531469615841,-0.952651571507
261,1.48307305182,0.496511988586,-0.986561063236
282,1.48296838932,0.183531733414,-1.2994366559
435,1.47223022032,0.408413188861,-1.06381703146
7,1.44302924367,0.589557116263,-0.853472127408
326,1.41046830803,0.0399953707925,-1.37047293723
6,1.39784167842,0.575285425889,-0.822556252535
394,1.39761680565,0.0125596930889,-1.38505711256
254,1.37374103139,0.567573987808,-0.806167043583
263,1.28393193768,0.429498405343,-0.854433532341
93,1.2692530612,0.473183773835,-0.796069287365
255,1.19856149945,0.599088014308,-0.599473485146
274,1.16401930254,0.281150719318,-0.882868583227
273,1.11167062105,0.353984650768,-0.757685970281
486,1.09636999155,0.53171502671,-0.564654964843
477,1.08000281785,0.697408452603,-0.382594365243
227,1.06360589545,0.244748098612,-0.818857796835
490,1.06031908545,0.587402443743,-0.47291664171
280,1.05856047559,0.730591907362,-0.327968568225
252,1.01167270843,0.00925525900454,-1.00241744942
2,0.984515937869,0.313900987035,-0.670614950834
472,0.966332076038,0.474477164801,-0.491854911237
362,0.876598019816,0.292807871947,-0.58379014787
488,0.85465907514,0.166825513331,-0.687833561809
8,0.848187575862,0.270785461194,-0.577402114668
295,0.759398022867,0.680319850848,-0.0790781720189
1,0.670397160128,0.292750237077,-0.377646923051
288,0.623828298813,0.134946147197,-0.488882151616
281,0.561152036052,0.275745463139,-0.285406572913
276,0.360821822071,0.360821822071,0.0
