site,abs_diffsel,positive_diffsel,negative_diffsel
51,20.4310125304,0.117754585722,-20.3132579447
283,16.9188732808,0.426040405648,-16.4928328751
18,15.7332362079,1.65946027027,-14.0737759377
85,15.3954262404,2.80337035186,-12.5920558885
4,15.1225704449,0.403978247181,-14.7185921977
432,14.8074923294,2.62265776308,-12.1848345663
23,14.6986875122,2.0359346093,-12.6627529029
21,14.583729008,2.10347398171,-12.4802550263
433,14.446389126,0.46632349253,-13.9800656335
434,14.1102684667,1.78085090591,-12.3294175607
466,13.9188035501,2.28975752795,-11.6290460221
10,13.8780103432,4.05640573943,-9.82160460377
81,13.6270629458,2.1917966106,-11.4352663352
421,13.3366679856,7.14076690432,-6.19590108123
41,13.3085721405,5.57149506774,-7.73707707273
417,13.2966226511,1.47180085785,-11.8248217932
50,13.189621295,1.48357422578,-11.7060470692
127,12.9659463341,1.33376106634,-11.6321852678
452,12.8836872893,2.28739524295,-10.5962920463
399,12.8592915171,5.97231102413,-6.88698049296
82,12.6252948956,0.374222617628,-12.251072278
309,12.6079394411,0.491354935918,-12.1165845052
14,12.556814303,0.939953512806,-11.6168607902
467,12.5061543413,4.06299323094,-8.44316111033
12,12.4436687363,0.132718861184,-12.3109498751
426,12.3815075373,3.51999338045,-8.86151415681
396,12.158314947,2.76710385521,-9.39121109179
294,12.0781944503,1.15577990566,-10.9224145446
105,12.0407615301,1.55759225828,-10.4831692719
100,12.0200101228,3.8703758069,-8.14963431591
3,11.9456540788,2.01779966624,-9.92785441258
440,11.9104285302,5.42915371126,-6.48127481898
359,11.8344483774,2.77866471062,-9.0557836668
431,11.4814127354,2.540382379,-8.94103035638
397,11.4354114688,1.16869844745,-10.2667130214
84,11.2583366756,2.71908008887,-8.53925658672
427,11.2047442696,5.79979815362,-5.40494611594
73,11.0496266591,5.95969353525,-5.08993312383
202,11.0096138288,0.471637764615,-10.5379760642
430,10.9742168236,2.8312192633,-8.14299756029
415,10.8956207197,3.72793679694,-7.16768392275
128,10.8858772593,2.06145528031,-8.82442197903
497,10.8331640594,5.31143291249,-5.52173114688
83,10.7887931853,1.30331814895,-9.48547503631
398,10.763673737,3.92671898179,-6.83695475524
24,10.6125229619,0.789135776,-9.82338718588
459,10.5811511719,1.17168165951,-9.40946951239
80,10.5544569016,0.32314456496,-10.2313123367
89,10.5422557176,0.575437521228,-9.96681819636
114,10.4978115622,1.41943386631,-9.07837769593
424,10.3893452716,2.11043800974,-8.27890726184
39,10.2653336267,1.42122475905,-8.84410886763
442,10.1428069914,0.698955538108,-9.44385145332
498,10.1394802655,3.35723834961,-6.7822419159
402,10.1217426128,2.90608477308,-7.21565783972
364,10.0975572056,2.77738810712,-7.32016909846
155,10.0230189076,0.967777125147,-9.05524178247
420,10.0018193094,0.122434423692,-9.87938488566
323,9.96169576888,1.61165278734,-8.35004298154
243,9.93923108225,2.41326197967,-7.52596910259
350,9.88026763382,1.78542761319,-8.09484002062
90,9.71857871965,3.87299817821,-5.84558054144
28,9.69043392497,0.556830549702,-9.13360337527
86,9.41991437115,0.680210382099,-8.73970398906
378,9.33326720711,0.706877802684,-8.62638940442
233,9.30365901472,3.2610969252,-6.04256208952
422,9.25187910533,2.13277737459,-7.11910173074
129,9.25175051835,0.498494894698,-8.75325562365
122,9.14949441009,0.288280421642,-8.86121398844
111,9.12922544681,5.43916624701,-3.6900591998
308,9.12464324259,0.991815372067,-8.13282787052
451,9.10245785869,2.51547395435,-6.58698390434
453,9.08558675887,3.16847760755,-5.91710915132
401,9.05165633382,3.43630679568,-5.61534953813
335,9.01924578168,0.912437677087,-8.10680810459
181,9.0124859685,1.25692691329,-7.75555905521
68,9.0025566193,1.80676514956,-7.19579146973
321,8.96538359454,2.73373239994,-6.2316511946
214,8.93220706142,5.5978830362,-3.33432402523
45,8.90267358095,0.967525688796,-7.93514789215
457,8.83864858814,0.295445020768,-8.54320356738
131,8.81375664124,4.12201017338,-4.69174646787
346,8.80209128798,3.62433229333,-5.17775899465
450,8.79106076352,2.42701037133,-6.36405039219
479,8.78770356459,3.19807410962,-5.58962945497
232,8.78500372192,4.26371161308,-4.52129210884
409,8.76683504118,0.291761394371,-8.47507364681
173,8.72599354293,3.80737171555,-4.91862182738
480,8.71577681126,0.937771528884,-7.77800528237
428,8.68113346721,2.02698548878,-6.65414797843
368,8.67682601033,4.06285260127,-4.61397340906
206,8.64053698246,3.59053491953,-5.05000206293
117,8.6222261526,1.6995338633,-6.9226922893
447,8.6152771083,2.06884896514,-6.54642814316
34,8.57814536668,0.500836182623,-8.07730918406
211,8.53540552841,4.15145681733,-4.38394871109
495,8.52862112825,1.95150233594,-6.57711879231
22,8.52194032862,1.40428151728,-7.11765881134
43,8.38339995004,0.526537688725,-7.85686226131
460,8.32333884258,0.128829967394,-8.19450887519
322,8.32168387049,2.0515002409,-6.27018362959
338,8.31115958851,0.729420582098,-7.58173900641
77,8.30814534804,1.96654977497,-6.34159557307
164,8.3058517775,3.56255802599,-4.74329375151
231,8.27449034053,0.545111729379,-7.72937861115
64,8.22201328108,0.0,-8.22201328108
63,8.19793041083,0.444762315769,-7.75316809506
178,8.14365177087,2.29424167915,-5.84941009173
485,8.12780468041,3.87451102653,-4.25329365388
406,8.12051496569,4.42121228268,-3.69930268301
52,8.08527591437,1.38088503733,-6.70439087704
49,8.08133001939,0.0,-8.08133001939
454,8.0787803168,3.69838727215,-4.38039304464
109,8.06504988854,1.2945579239,-6.77049196464
60,8.06039826517,0.349240900893,-7.71115736428
474,8.05086885675,1.50625859396,-6.54461026279
98,8.04832940738,1.81924838279,-6.22908102459
121,8.01738035057,1.78071824267,-6.2366621079
373,8.00906144538,2.06589281617,-5.94316862921
186,8.00865192238,0.807407096595,-7.20124482578
384,8.00796107177,1.52902001241,-6.47894105936
56,7.98376663435,2.00480519184,-5.97896144251
102,7.92834081854,5.13438102948,-2.79395978906
62,7.90665309238,2.49643122263,-5.41022186975
119,7.90391227351,1.69573657704,-6.20817569646
61,7.83224445333,2.02278294712,-5.8094615062
158,7.82614403606,0.734824304795,-7.09131973127
385,7.82215193057,1.19337036799,-6.62878156259
342,7.81052078306,1.58478249481,-6.22573828826
189,7.805926293,0.284876254445,-7.52105003856
245,7.7816807574,4.19803759944,-3.58364315796
311,7.76400201054,2.30409894573,-5.45990306481
370,7.65947746429,1.95856772145,-5.70090974284
33,7.62361960689,1.55299736684,-6.07062224005
247,7.61122564138,0.175842054867,-7.43538358651
423,7.54122158545,3.06393557292,-4.47728601253
319,7.53258575617,3.25230920213,-4.28027655404
54,7.5165053706,3.32751628055,-4.18898909005
16,7.50142514223,1.18574901498,-6.31567612726
469,7.471078054,2.13086237336,-5.34021568064
310,7.46012114415,0.991243346587,-6.46887779756
125,7.39495016691,1.24101839576,-6.15393177115
126,7.38141593507,1.13663198573,-6.24478394935
395,7.34683223363,1.7824741126,-5.56435812103
217,7.34271529108,0.681396189818,-6.66131910126
418,7.33861286671,0.865786181368,-6.47282668534
237,7.32395543147,0.930550759441,-6.39340467203
101,7.20229461598,0.387680956506,-6.81461365948
438,7.11221846203,3.369816052,-3.74240241002
410,7.0950855866,0.726527393249,-6.36855819335
198,7.0614739735,4.25663304609,-2.80484092741
315,7.05528345807,1.59329518074,-5.46198827733
27,7.01751029105,0.186886460351,-6.8306238307
163,7.00528264934,3.59504207523,-3.41024057411
333,7.00382526146,3.32320245706,-3.6806228044
13,6.97411341022,0.583662756337,-6.39045065389
292,6.9676628443,1.18175111969,-5.78591172461
347,6.95567257656,0.549773516478,-6.40589906008
130,6.92387619177,0.528743009924,-6.39513318184
59,6.90699526816,1.33161064616,-5.575384622
475,6.86968033452,0.566652806384,-6.30302752813
334,6.85233357101,2.13962603875,-4.71270753226
377,6.81941597385,3.73312573281,-3.08629024104
250,6.81654340126,1.67014475821,-5.14639864305
30,6.78912098225,0.370467799906,-6.41865318234
55,6.78745927078,2.3673058929,-4.42015337788
53,6.77646556508,1.27334108675,-5.50312447833
318,6.77605608387,2.55173131646,-4.22432476741
103,6.67861183731,2.52310926563,-4.15550257169
161,6.65445725067,0.209113394681,-6.44534385599
404,6.64821334596,2.15978801704,-4.48842532892
25,6.63747437095,1.4094424984,-5.22803187256
205,6.60348719881,0.452566475261,-6.15092072355
196,6.58869475892,3.51093537564,-3.07775938328
15,6.5850371241,1.34713178043,-5.23790534367
222,6.54330477721,3.92684364554,-2.61646113167
65,6.51754990202,2.08955342081,-4.42799648121
112,6.5103411943,1.60637576684,-4.90396542746
136,6.47211263338,2.63147657135,-3.84063606203
157,6.44939855411,1.85510149457,-4.59429705953
154,6.43174291199,2.45107872798,-3.98066418401
375,6.37540204202,1.95820927577,-4.41719276624
246,6.3409053589,0.501960291586,-5.83894506731
314,6.33891628474,2.28829874765,-4.05061753709
456,6.3062032101,3.2042229047,-3.1019803054
46,6.25590998177,1.82146691556,-4.4344430662
455,6.25475475452,2.53065624704,-3.72409850748
191,6.18388250084,2.72013885234,-3.4637436485
446,6.16499867744,1.95755565823,-4.20744301922
76,6.1606571247,0.381540555487,-5.77911656922
190,6.15957089934,1.87660452711,-4.28296637222
70,6.13441430201,0.702451197996,-5.43196310401
57,6.11116095529,0.698648576105,-5.41251237918
478,6.05160211086,2.15617710678,-3.89542500408
437,6.04250140354,2.24455186773,-3.79794953581
212,6.04140962198,1.824792872,-4.21661674998
376,6.03583665285,2.4014509801,-3.63438567276
225,6.01995524169,3.16990197405,-2.85005326765
42,6.01555162243,0.0,-6.01555162243
491,6.01538864339,2.16800822585,-3.84738041754
367,6.00246465375,0.28480504472,-5.71765960903
312,5.98093664137,0.522776355484,-5.45816028589
88,5.90844302249,0.0304320989289,-5.87801092356
201,5.87435346849,1.00124193661,-4.87311153187
197,5.84778235597,3.21790809865,-2.62987425731
496,5.83329422592,3.23295360697,-2.60034061895
9,5.80489314081,2.27959272423,-3.52530041657
412,5.7893681233,1.47289672755,-4.31647139576
239,5.77019324114,0.433385718154,-5.33680752298
193,5.72858681416,2.30575886664,-3.42282794752
380,5.71481955004,0.608922001008,-5.10589754904
99,5.69377548279,1.01038940128,-4.68338608151
69,5.66994371849,0.495921229121,-5.17402248937
219,5.64260437778,1.6799495513,-3.96265482648
371,5.60478677037,0.484070472181,-5.12071629819
44,5.60241412784,0.684294162853,-4.91811996499
445,5.5919128648,1.05411120325,-4.53780166155
194,5.58743886059,3.15306494851,-2.43437391207
238,5.562227549,2.08782989068,-3.47439765832
313,5.5208537172,0.733507871273,-4.78734584593
305,5.51804063614,0.739835167244,-4.77820546889
236,5.48628859501,3.4631756046,-2.02311299041
316,5.47387262973,2.11726665727,-3.35660597246
192,5.47168397074,1.54106951043,-3.93061446031
481,5.45126409832,2.51330472,-2.93795937832
353,5.44890762649,0.793015377666,-4.65589224882
473,5.39715080832,0.0930768147299,-5.30407399359
36,5.38321806154,0.376741277661,-5.00647678388
363,5.37834496204,1.28939672521,-4.08894823683
301,5.36656434663,0.765908422897,-4.60065592373
165,5.36388623919,2.64410735609,-2.7197788831
330,5.35924440315,0.432539405331,-4.92670499782
340,5.3416183923,2.48797308904,-2.85364530326
429,5.33090890213,0.689558110541,-4.64135079159
144,5.32638859873,2.20061771184,-3.12577088689
386,5.30694703546,3.34578689606,-1.96116013939
183,5.30318442027,1.68957163032,-3.61361278995
403,5.2743424069,0.993157577236,-4.28118482966
240,5.2594073264,2.08189642766,-3.17751089874
213,5.25302452484,0.331320210621,-4.92170431422
383,5.25234418332,1.86978139591,-3.38256278742
215,5.24216589445,1.60329798436,-3.63886791008
329,5.23087040483,2.58692596176,-2.64394444306
388,5.22646098725,1.02910555902,-4.19735542823
419,5.18291284126,1.52719985733,-3.65571298393
124,5.17885514911,0.310414721246,-4.86844042786
133,5.17495651313,2.66184521641,-2.51311129672
492,5.17367222497,2.60641839282,-2.56725383216
372,5.16882675345,1.91237492733,-3.25645182612
5,5.16449030726,0.730229295483,-4.43426101178
159,5.13708887448,1.33019251753,-3.80689635695
391,5.12356350685,2.39538983709,-2.72817366977
414,5.09206838975,0.515650731311,-4.57641765844
234,5.06663792587,1.4503906177,-3.61624730817
167,5.05677536954,1.40593862261,-3.65083674692
166,5.05055838504,2.65324680276,-2.39731158228
123,5.04572265087,0.53832807532,-4.50739457555
257,4.99226630547,3.658120871,-1.33414543447
168,4.95075035084,1.64109668497,-3.30965366587
87,4.93425574996,1.1985441742,-3.73571157575
153,4.9327345436,1.70236208496,-3.23037245863
345,4.92249791381,1.52477460748,-3.39772330633
204,4.87285374654,1.24513269126,-3.62772105528
331,4.85598497771,1.43616748243,-3.41981749528
162,4.84174489473,0.460033067944,-4.38171182679
304,4.83382550256,3.73896646784,-1.09485903472
106,4.82451997548,1.76302383738,-3.06149613811
425,4.81039994996,1.6026946407,-3.20770530926
29,4.80485336674,0.67264038324,-4.1322129835
182,4.77536371918,0.776298925299,-3.99906479388
268,4.7667382021,2.42048119856,-2.34625700354
71,4.74644143888,1.55200369068,-3.1944377482
284,4.70187801381,1.50358582143,-3.19829219238
11,4.68017152273,0.770315149647,-3.90985637309
19,4.66318446123,0.170816680659,-4.49236778057
242,4.64410374382,0.74707583013,-3.89702791369
470,4.64014898921,1.60348619945,-3.03666278976
285,4.6147553471,0.581012117494,-4.0337432296
74,4.60277672142,0.718814015857,-3.88396270556
160,4.56152201711,0.925359500431,-3.63616251668
31,4.50474507186,0.343883070181,-4.16086200168
476,4.47191231942,0.866375392278,-3.60553692714
392,4.46867206575,0.662591281513,-3.80608078424
172,4.46582179756,1.82663307678,-2.63918872078
400,4.45924398355,0.899004429091,-3.56023955446
169,4.43907459071,1.0079852515,-3.43108933921
306,4.41165381375,1.19894260227,-3.21271121148
379,4.40824084463,1.71462965395,-2.69361119068
79,4.39884210398,1.55123174292,-2.84761036106
444,4.37946197476,2.66629515637,-1.71316681839
78,4.34297936088,1.1792419623,-3.16373739858
256,4.33681267319,2.14607905941,-2.19073361378
156,4.30797458863,1.391328398,-2.91664619062
494,4.30482623487,0.675691215405,-3.62913501946
195,4.28448061499,1.58379718831,-2.70068342668
116,4.27895407245,1.87472891541,-2.40422515704
463,4.278892719,1.72146406967,-2.55742864933
208,4.25621688779,1.87532924269,-2.3808876451
266,4.24172198168,1.17542731124,-3.06629467043
484,4.23696118424,0.411823882074,-3.82513730217
118,4.23614128046,0.714301730322,-3.52183955013
264,4.23508985212,0.38062783247,-3.85446201965
382,4.23196058286,1.66941386578,-2.56254671707
408,4.22190902955,0.879234838806,-3.34267419074
96,4.21544809089,1.39196040672,-2.82348768417
40,4.21354476341,1.23129512144,-2.98224964197
354,4.20491943961,0.818934384702,-3.38598505491
95,4.18262117456,0.428100906577,-3.75452026798
253,4.1752323052,0.856462822487,-3.31876948271
483,4.15405259278,1.51921391184,-2.63483868094
216,4.15310231769,0.352345200759,-3.80075711693
328,4.14763014853,0.979522509902,-3.16810763862
113,4.10370664989,0.986705933056,-3.11700071683
17,4.07841554618,0.572757338407,-3.50565820777
200,4.06850446717,0.949280613442,-3.11922385373
336,4.05715617855,0.487989977002,-3.56916620155
286,4.05092187934,1.64244258957,-2.40847928978
493,4.04991621151,2.28181212034,-1.76810409117
259,4.02731998969,0.902848679525,-3.12447131016
141,4.00636079151,1.93572733567,-2.07063345584
72,3.98931690111,0.750745471284,-3.23857142982
405,3.9888628082,0.36168394482,-3.62717886338
210,3.97804283998,2.21343714254,-1.76460569744
48,3.96536982572,0.292556834659,-3.67281299106
47,3.92926397459,1.04703769254,-2.88222628205
108,3.90796231008,0.35718644143,-3.55077586865
293,3.88866015801,1.39725574056,-2.49140441745
352,3.88302289301,1.79507842381,-2.0879444692
351,3.86597955634,0.65922521857,-3.20675433777
58,3.85857728346,1.8603011719,-1.99827611157
289,3.81419310092,1.41579198892,-2.39840111199
337,3.80466709828,0.340762623593,-3.46390447468
170,3.79071574684,1.80250582326,-1.98820992358
348,3.77801790856,2.42804989742,-1.34996801114
187,3.74955092358,0.656903703731,-3.09264721985
104,3.73990437286,0.388814405881,-3.35108996698
439,3.73718791871,1.09446952741,-2.6427183913
134,3.72243345428,0.565769043324,-3.15666441095
265,3.71518763241,1.6795465662,-2.03564106621
244,3.69353343675,0.854327013825,-2.83920642292
369,3.66882484624,0.865337803554,-2.80348704269
448,3.6366067504,0.859078395966,-2.77752835443
224,3.62879424003,0.179831482676,-3.44896275735
241,3.62754706806,0.847375355438,-2.78017171262
366,3.62699902801,0.332774217389,-3.29422481062
207,3.62688218674,1.56026320491,-2.06661898183
38,3.62561743385,0.344452446697,-3.28116498716
146,3.62468252139,1.55927403184,-2.06540848955
37,3.60810720481,1.29328357247,-2.31482363234
487,3.5956068003,0.685243358849,-2.91036344145
465,3.5857116789,0.506372698715,-3.07933898019
184,3.57127829741,0.296949306227,-3.27432899118
199,3.56821264856,0.56178654809,-3.00642610047
148,3.56348579736,1.11547614763,-2.44800964973
235,3.54729032274,0.561499300186,-2.98579102255
332,3.54589603674,0.864649734649,-2.6812463021
449,3.54224976078,0.125546668702,-3.41670309207
302,3.5311095391,0.738339947451,-2.79276959165
132,3.53066150242,1.0310126932,-2.49964880923
248,3.5243535573,0.0586598909804,-3.46569366631
464,3.50800651915,1.1756774474,-2.33232907175
147,3.46442783368,0.201705025695,-3.26272280799
360,3.44514267195,0.794655606564,-2.65048706539
462,3.42594865414,0.897032959687,-2.52891569446
115,3.42579800372,0.892837399218,-2.5329606045
110,3.4055105615,1.83131976846,-1.57419079303
91,3.36081378679,1.02638606035,-2.33442772644
416,3.34624361459,0.727627387593,-2.618616227
143,3.31464701342,0.691482688198,-2.62316432522
138,3.31444949479,0.477670888312,-2.83677860648
152,3.24891568668,0.563984793862,-2.68493089282
468,3.24148149538,1.37398185456,-1.86749964082
458,3.23739255182,0.974213195993,-2.26317935583
482,3.23157589874,0.737095096428,-2.49448080231
35,3.2292645357,0.322339409243,-2.90692512645
324,3.22087517373,0.232166064561,-2.98870910917
66,3.20234165967,0.534458675338,-2.66788298433
209,3.15768939124,0.728581231119,-2.42910816012
67,3.15417302574,0.495392950031,-2.65878007571
365,3.15144080553,1.95224871904,-1.19919208649
142,3.1338540618,0.268050091882,-2.86580396992
140,3.12875749279,0.892256398502,-2.23650109429
303,3.06162505448,0.8259810422,-2.23564401228
171,3.05722500944,0.329081946692,-2.72814306275
120,2.99630159966,0.459712668435,-2.53658893123
20,2.99395751014,0.52097656179,-2.47298094835
177,2.95235621733,1.27122755557,-1.68112866176
137,2.93299040278,0.254777712834,-2.67821268995
135,2.91687440811,0.358717127158,-2.55815728095
218,2.91383111412,0.944983302318,-1.9688478118
381,2.91262031876,0.717442230418,-2.19517808834
394,2.88026961661,1.4599526676,-1.42031694901
349,2.85940253038,0.689614336056,-2.16978819433
26,2.83961050195,0.511256479668,-2.32835402228
389,2.82337019158,0.464361876265,-2.35900831531
307,2.80501863697,1.24806616407,-1.5569524729
357,2.80004352191,0.767006623841,-2.03303689807
297,2.77578452334,1.37533178888,-1.40045273446
344,2.76818195976,0.992788499686,-1.77539346007
107,2.75304624483,0.487820815578,-2.26522542925
228,2.75199879418,0.482985926198,-2.26901286798
176,2.74193896768,1.63087037369,-1.11106859399
298,2.71886482426,0.713050481887,-2.00581434237
75,2.68101634582,1.4791381363,-1.20187820951
32,2.67699203186,0.940928261911,-1.73606376995
413,2.63778697603,1.75197948171,-0.885807494323
390,2.61136314905,0.115029990874,-2.49633315818
139,2.61066339134,0.608740567624,-2.00192282371
407,2.60324579711,1.14025665024,-1.46298914687
472,2.59893103555,1.60958215663,-0.989348878922
93,2.58404533363,1.62311959911,-0.960925734523
317,2.58067308739,1.05190981086,-1.52876327654
185,2.58029983861,0.141296901129,-2.43900293748
220,2.56452633692,0.507277195655,-2.05724914126
290,2.55592880382,0.225756888806,-2.33017191501
327,2.51409704389,1.76980397239,-0.744293071497
279,2.50925035296,0.365488240263,-2.1437621127
145,2.49132553449,0.85654696741,-1.63477856708
358,2.47332103599,1.35542713498,-1.11789390101
374,2.462682659,1.056363866,-1.406318793
149,2.44283255835,0.569784169192,-1.87304838916
92,2.40477515238,0.236745531931,-2.16802962045
249,2.40130519097,0.265956687128,-2.13534850385
341,2.39818711107,0.915224269176,-1.4829628419
267,2.38896331672,1.43298927317,-0.955974043554
223,2.37974999603,1.60743464465,-0.77231535138
94,2.36356841871,0.317565445535,-2.04600297318
175,2.36273334817,1.46442690106,-0.89830644711
97,2.35855398239,0.329787465042,-2.02876651735
339,2.35673245696,1.01924271583,-1.33748974113
271,2.34569905884,0.351597041359,-1.99410201748
270,2.32831315043,1.46816317861,-0.860149971819
226,2.29489977615,0.57830161509,-1.71659816106
151,2.28386406252,0.208143866397,-2.07572019612
435,2.21899619144,1.28082248197,-0.938173709475
263,2.21437657986,0.605517107011,-1.60885947285
282,2.21210778285,0.93698011665,-1.2751276662
8,2.21018541732,0.508695170895,-1.70149024642
278,2.20186380247,0.130223782507,-2.07164001996
299,2.19481748917,0.617679847887,-1.57713764129
441,2.18680581678,1.53130552845,-0.655500288329
356,2.18680246652,0.529501235415,-1.65730123111
343,2.17596306514,0.70767357018,-1.46828949496
275,2.14524355374,0.515131264318,-1.63011228942
179,2.13647629111,0.663996752275,-1.47247953883
436,2.13139957626,0.925086857042,-1.20631271922
287,2.11584991686,0.396548866383,-1.71930105047
174,2.11024643429,0.196492313286,-1.913754121
180,2.09694240303,0.546798674507,-1.55014372852
188,2.09589606211,0.622429657264,-1.47346640485
255,2.08442979012,0.848427370868,-1.23600241926
258,2.00070383882,0.425006003583,-1.57569783523
251,1.97834934553,0.139150808594,-1.83919853694
471,1.9319292791,0.279067352834,-1.65286192627
411,1.92060913472,0.302914239181,-1.61769489554
1,1.91128194213,0.304803384743,-1.60647855739
230,1.89921181552,0.0,-1.89921181552
387,1.88683165487,0.904415862107,-0.982415792758
291,1.8842735567,0.920137434421,-0.964136122277
443,1.88390848082,0.736574852544,-1.14733362828
262,1.87668442332,0.178450822982,-1.69823360034
269,1.8722807012,0.568231298984,-1.30404940222
227,1.85341567201,0.413809395408,-1.4396062766
326,1.81595009527,0.943782260086,-0.872167835186
325,1.74280553687,0.80029521827,-0.942510318596
272,1.73449960935,0.826025725201,-0.908473884145
320,1.7312529015,0.270578905,-1.4606739965
203,1.7290840869,0.378570781544,-1.35051330536
229,1.7216486135,0.286960447547,-1.43468816595
274,1.70130115515,0.566658600107,-1.13464255504
296,1.64205039917,1.16757763408,-0.474472765087
150,1.62285351813,0.338328108127,-1.28452541
277,1.60152471591,0.25882330084,-1.34270141507
461,1.59424920986,1.32072333583,-0.273525874029
273,1.5364364016,0.313190081558,-1.22324632004
280,1.4583943374,0.881053138498,-0.577341198898
393,1.44868335855,0.134681533266,-1.31400182528
221,1.38505510627,1.10027443664,-0.284780669625
288,1.37268776576,0.403134297279,-0.969553468484
260,1.36067126539,0.414150924367,-0.946520341026
295,1.27606522479,0.287931190527,-0.988134034263
355,1.27491996503,0.129532603149,-1.14538736188
489,1.26663035052,1.13102906553,-0.135601284994
486,1.2541807523,0.352557375929,-0.901623376368
252,1.23220932276,0.610829776418,-0.621379546344
300,1.22978663168,0.263828904459,-0.965957727219
361,1.22367478037,0.00225452349392,-1.22142025688
254,1.2220207078,0.782324016438,-0.439696691358
261,1.17352865132,0.359197494393,-0.814331156927
2,1.14481364003,0.140253292567,-1.00456034747
6,1.07493078135,0.361934177254,-0.7129966041
281,1.04569209764,0.275406690161,-0.770285407475
477,1.01578876172,0.9918125387,-0.0239762230181
7,0.917760108105,0.35146827648,-0.566291831625
362,0.913682879625,0.188103678391,-0.725579201234
490,0.860965169852,0.293213270709,-0.567751899143
276,0.815000285191,0.608862777667,-0.206137507524
488,0.766457836391,0.50860992101,-0.257847915381
