# nucleotide counts
# upper case indicates nucleotide called by both reads
# lower case indicates nucleotide called by one read with other ambiguous
# N indicates disagreement between reads, or both ambiguous
# POSITION WT COUNTS A T C G a t c g N
1 A 979002 974211 73 6 177 4200 13 2 4 316
2 T 979981 110 974631 164 7 2 4683 0 2 382
3 G 980792 174 141 29 975208 3 6 3 4896 332
4 G 981171 75 117 24 975808 0 4 3 4876 264
5 C 982112 216 355 975754 51 1 11 5354 1 369
6 G 983257 259 135 25 976539 2 2 2 5938 355
7 T 984246 119 974158 462 2368 2 6352 3 18 764
8 C 985175 302 328 977302 118 3 4 6922 2 194
9 C 986284 386 2437 975238 159 10 21 7401 6 626
10 C 987278 4216 3212 970930 796 30 24 7761 3 306
11 A 988592 975281 1847 1845 748 8431 16 17 5 402
12 A 989908 974200 4570 1067 567 9122 54 10 7 311
13 G 990533 194 208 129 980147 5 10 0 9315 525
14 G 991713 158 145 119 981146 0 10 5 9855 275
15 C 993174 232 149 981960 36 7 9 10497 5 279
16 A 994213 981795 73 8 207 11012 6 10 7 1095
17 C 995229 88 102 983435 27 4 3 11347 4 219
18 C 996875 222 94 983881 52 8 9 12134 0 475
19 A 998419 984675 47 15 111 13311 3 6 4 247
20 A 999753 985587 37 6 97 13663 6 4 2 351
21 A 1000841 986511 56 45 135 13502 15 2 6 569
22 C 1001990 164 243 987415 21 10 24 13745 2 366
23 G 1003139 175 171 36 988640 11 18 9 13818 261
24 G 1005056 183 111 24 990214 4 5 3 14285 227
25 T 1006658 136 988108 165 43 3 15090 8 6 3099
26 C 1008260 264 121 991520 69 2 10 15752 6 516
27 T 1009996 90 991951 365 375 5 16963 10 5 232
28 T 1011802 96 991280 885 57 1 18992 28 6 457
29 A 1014196 992383 133 65 176 21038 10 4 8 379
30 T 1016402 169 993182 412 24 9 22378 11 2 215
31 G 1017469 176 223 66 992981 6 34 8 23679 296
32 A 1019433 993483 96 8 185 25392 8 9 9 243
33 A 1021414 994023 96 17 204 26768 16 4 8 278
34 C 1023937 907 413 993148 644 30 19 28417 27 332
35 A 1026401 992834 440 885 749 30964 23 37 39 430
36 G 1027138 781 677 602 992318 32 31 38 32347 312
37 A 1029330 993280 73 11 148 35204 13 4 18 579
38 T 1031344 112 992539 120 16 10 38296 12 4 235
39 G 1033016 165 139 50 990825 12 35 5 41523 262
40 G 1034688 124 176 43 989238 10 22 7 44753 315
41 A 1036527 985260 67 9 212 50482 20 4 30 443
42 A 1038569 983844 77 22 314 53961 20 9 31 291
43 A 1039994 983952 92 71 182 55223 14 18 21 421
44 C 1041850 166 120 983980 56 30 16 57270 9 203
45 T 1044673 80 980916 230 81 10 63132 17 15 192
46 G 1045700 110 222 60 978246 10 44 16 66762 230
47 A 1046815 976795 84 11 233 69349 10 9 30 294
48 T 1048506 125 975309 115 43 26 72621 13 19 235
49 G 1049244 411 283 74 969575 69 70 14 78392 356
50 G 1049153 381 173 155 966025 47 67 27 81988 290
51 G 1048601 578 488 82 961375 46 88 15 85506 423
52 G 1048109 412 260 556 956626 60 31 42 89757 365
53 A 1048333 952669 274 656 274 93858 23 73 42 464
54 A 1046966 950316 123 529 539 94805 24 60 60 510
55 C 1046058 147 255 944153 25 44 64 101059 16 295
56 G 1043219 401 210 74 938016 52 38 30 104080 318
57 C 1042653 119 69 933318 31 38 24 108604 20 430
58 C 1046244 151 163 927996 41 72 38 117329 22 432
59 A 1048066 920071 88 1802 447 124817 46 240 86 469
60 G 1044490 135 223 55 917924 41 62 18 125786 246
61 A 1043074 910860 555 132 169 130522 108 32 45 651
62 A 1042436 899114 115 2047 477 139797 30 326 93 437
63 T 1042666 733 891415 559 1132 150 147649 108 228 692
64 G 1039354 765 187 2156 879380 139 75 388 156059 205
65 C 1037699 281 519 867950 2375 116 148 165476 446 388
66 A 1037017 854636 1964 427 563 178314 443 108 127 435
67 A 1033735 846182 587 158 341 185773 160 51 99 384
68 C 1032098 351 134 839477 184 168 60 191328 90 306
69 T 1031950 328 839070 820 266 123 190738 207 78 320
70 G 1026859 200 229 169 830861 77 125 63 194900 235
71 A 1023406 821707 91 60 233 200879 68 47 86 235
72 G 1018972 283 271 198 811966 125 110 78 205727 214
73 A 1014709 793355 55 28 139 220677 52 61 62 280
74 T 1009852 69 778551 93 7 61 230742 64 22 243
75 C 1006496 215 142 761080 41 329 84 243892 62 651
76 A 1003849 747270 86 347 300 255307 116 108 128 187
77 G 993803 107 177 47 734853 92 139 26 258131 231
78 A 986978 715901 23 284 179 270009 48 106 137 291
79 G 976304 275 159 69 701042 167 117 59 274122 294
80 C 967902 321 166 694754 107 237 98 271878 93 248
81 A 960276 677085 95 49 296 282274 61 57 153 206
82 T 952302 188 665388 273 98 132 285760 139 80 244
83 C 945153 292 60 656719 218 250 116 287223 117 158
84 C 949342 202 396 650583 112 436 202 297127 87 197
85 G 941772 264 125 12 644927 342 170 29 295692 211
86 T 931119 52 632207 74 8 128 297742 77 207 624
87 C 923271 186 708 622189 59 174 428 299103 188 236
88 G 902819 216 128 34 618225 236 207 107 283407 259
89 G 887366 84 113 38 606667 75 140 32 279995 222
90 G 341664 81 55 12 265757 45 38 19 75556 101
91 A 336391 264486 13 8 52 71607 29 5 35 156
92 A 330353 259032 22 1 53 71036 61 9 33 106
93 G 328799 48 67 22 259835 29 41 13 68672 72
94 A 327993 258980 17 2 49 68796 14 10 18 107
95 T 329267 19 260301 32 3 4 68798 16 8 86
96 G 330381 23 65 15 265867 22 54 17 64246 72
97 A 331440 267934 26 3 88 63254 12 13 24 86
98 T 332199 31 269586 30 5 13 62394 19 10 111
99 T 333582 34 273523 34 2 12 59849 24 7 97
100 G 334704 145 125 75 277798 44 90 23 56309 95
101 A 337646 280887 100 83 174 56201 28 26 52 95
102 T 340966 99 287159 69 298 37 53126 27 59 92
103 G 343269 47 57 17 289983 24 44 12 53009 76
104 G 347307 38 65 12 293823 13 31 11 53219 95
105 A 349621 296300 89 29 129 52907 18 18 26 105
106 A 352476 303152 13 2 50 49123 9 5 8 114
107 T 354715 18 307862 26 3 6 46664 17 5 114
108 T 359795 24 309927 45 7 15 49651 11 3 112
109 G 363503 42 73 22 315304 10 55 10 47869 118
110 G 366783 48 52 14 321275 8 22 12 45238 114
111 A 371018 325216 36 4 191 45348 21 5 33 164
112 C 376627 50 86 329338 11 16 34 46980 4 108
113 G 381604 90 64 16 333467 14 41 14 47790 108
114 A 385886 338339 34 18 42 47308 10 10 11 114
115 T 390006 61 340974 58 6 14 48754 13 6 120
116 T 392940 39 344084 35 67 16 48561 10 13 115
117 C 394971 109 57 347809 64 21 12 46780 8 111
118 T 400702 30 352186 158 2 9 48168 39 6 104
119 A 405408 356392 37 5 88 48672 30 11 15 158
120 C 410057 77 61 361003 18 15 15 48765 10 93
121 A 415236 363815 247 40 113 50804 38 21 21 137
122 T 419447 98 367575 265 80 25 51195 40 26 143
123 C 423848 155 74 372462 366 40 17 50553 58 123
124 C 429017 85 66 376587 21 24 23 52077 8 126
125 A 433962 380333 20 12 72 53342 26 12 15 130
126 A 437684 383986 9 7 47 53434 18 17 15 151
127 A 442736 389331 28 9 53 53137 9 10 18 141
128 T 447184 20 394899 39 6 8 52069 14 10 119
129 G 450222 86 70 48 399968 23 34 27 49847 119
130 T 454823 150 404505 98 48 27 49654 27 13 301
131 G 459082 66 168 112 409482 15 37 23 49056 123
132 C 463589 112 220 412023 143 22 39 50882 25 123
133 A 467468 417548 45 14 74 49534 22 10 30 191
134 C 470452 89 53 420818 23 18 13 49329 8 101
135 T 473347 54 423825 148 55 6 49077 32 11 139
136 G 474802 79 106 24 427374 16 37 17 47025 124
137 A 478766 430639 25 3 82 47809 12 10 16 170
138 A 482278 434145 35 15 128 47695 25 8 20 207
139 C 485754 78 37 438603 8 20 13 46851 8 136
140 T 490400 17 443191 56 3 8 46949 16 5 155
141 T 494882 50 446678 141 6 20 47758 21 5 203
142 A 497557 448808 32 4 110 48375 29 8 14 177
143 A 501908 452254 17 14 98 49334 12 7 20 152
144 A 505200 454117 23 44 69 50638 21 12 22 254
145 C 508643 91 56 457601 25 33 14 50692 11 120
146 T 512566 50 459917 81 16 7 52308 9 11 167
147 C 516269 187 214 462089 274 39 40 53253 36 137
148 A 520235 462685 1312 640 1387 53649 183 64 164 151
149 G 522743 203 52 2580 465447 38 16 323 53970 114
150 T 526572 424 468462 1077 2039 72 53685 121 280 412
151 G 530549 121 112 23 474360 27 55 13 55719 119
152 A 533273 478652 38 37 80 54254 13 13 16 170
153 T 535914 47 480375 88 47 14 55120 20 14 189
154 T 540658 910 482697 97 87 140 56509 29 22 167
155 A 544748 487177 184 895 125 56055 30 124 20 138
156 T 548030 108 491089 951 128 21 55428 129 23 153
157 G 550627 80 105 28 496310 19 42 17 53893 133
158 A 553664 499531 43 20 153 53641 61 6 20 189
159 G 555359 279 144 19 500711 44 47 2 53952 161
160 G 557044 130 153 105 503040 28 61 20 53320 187
161 G 558481 111 94 149 506013 20 33 28 51808 225
162 G 559734 295 161 125 508824 32 41 32 50046 178
163 C 563187 133 176 511109 53 30 70 51402 21 193
164 G 566698 162 142 27 510541 52 63 7 55548 156
165 A 569042 513206 105 46 107 55260 23 13 33 249
166 C 572049 82 344 515775 46 16 53 55582 14 137
167 T 576921 47 517672 169 11 21 58830 21 9 141
168 G 578631 156 180 98 518940 30 60 26 58991 150
169 A 581864 521691 108 280 125 59391 30 48 15 176
170 T 584552 68 525273 96 6 14 58862 22 20 191
171 C 588916 236 80 529953 71 65 26 58281 19 185
172 C 592176 124 78 531629 24 79 40 60010 14 178
173 A 594622 533894 43 22 122 60301 62 15 23 140
174 G 594810 219 142 25 533850 45 44 14 60301 170
175 A 600077 535710 58 13 79 63963 24 15 26 189
176 A 601837 535356 68 6 88 66020 25 8 32 234
177 C 603729 96 496 534447 15 37 102 68364 28 144
178 A 604990 536477 16 13 86 68182 33 14 18 151
179 G 604423 57 128 23 540015 8 51 36 63934 171
180 C 605588 109 52 540397 29 31 29 64743 23 175
181 T 610797 53 542335 482 570 29 66952 68 96 212
182 T 614809 77 548726 94 26 46 65583 45 5 207
183 A 617436 550524 754 48 197 65561 118 17 31 186
184 A 620078 553862 335 19 180 65375 48 18 31 210
185 C 622986 100 61 555934 60 81 15 66542 26 167
186 A 626857 557548 92 701 146 68060 34 76 28 172
187 A 626632 559452 59 40 80 66749 20 14 42 176
188 T 629038 51 562414 78 37 31 66189 44 10 184
189 A 631089 562260 173 232 166 67940 73 34 43 168
190 G 631677 62 172 52 565630 18 54 22 65484 183
191 A 633077 567195 28 19 118 65469 29 12 20 187
192 G 633415 555 132 37 569315 74 28 17 63107 150
193 A 635274 569298 50 60 87 65488 24 15 26 226
194 G 635369 81 118 21 569248 20 34 13 65635 199
195 A 635129 570539 34 26 137 64129 10 4 24 226
196 A 636853 573783 37 2 94 62719 13 3 16 186
197 T 638145 57 573903 48 1 12 63916 10 8 190
198 G 637551 104 127 27 573508 12 57 10 63484 222
199 G 639197 87 74 19 572101 24 17 12 66670 193
200 T 641828 76 572144 94 19 36 68567 21 51 820
201 G 646336 256 199 15 574716 49 40 11 70848 202
202 C 649287 140 73 576077 28 30 15 72719 19 186
203 T 652318 43 575830 91 15 33 76067 25 12 202
204 C 654906 184 139 578363 113 56 32 75792 37 190
205 T 655810 106 575733 136 44 61 79502 38 10 180
206 C 655249 92 41 573716 119 42 34 81032 31 142
207 T 656417 91 571306 284 128 71 84265 57 25 190
208 G 651593 265 177 24 567858 103 78 18 82937 133
209 C 652437 151 90 566047 29 49 55 85834 38 144
210 T 656569 41 566967 189 105 27 88948 58 33 201
211 T 657594 32 566701 74 21 31 90444 27 54 210
212 T 659324 26 566990 79 47 14 91921 32 11 204
213 T 659687 37 564071 116 41 21 95128 31 31 211
214 G 656216 96 131 35 562017 72 51 21 93628 165
215 A 652961 559545 47 11 132 92953 28 29 39 177
216 C 652683 101 367 557876 26 61 117 93885 67 183
217 G 652542 691 366 469 556829 150 98 133 93659 147
218 A 652985 558913 624 406 282 92266 135 64 70 225
219 A 652712 557436 622 465 243 93490 107 82 74 193
220 A 652205 558850 74 102 107 92736 68 24 47 197
221 G 649713 166 140 67 559733 78 61 34 89287 147
222 A 650614 561254 96 29 311 88563 42 17 66 236
223 A 649078 561492 47 38 112 87105 32 17 38 197
224 G 647678 76 114 28 561838 31 76 15 85311 189
225 G 644171 122 131 32 560516 46 43 9 83089 183
226 A 640766 557726 87 45 117 82542 34 11 26 178
227 A 641116 557085 111 14 134 83471 34 16 27 224
228 T 640262 116 557090 149 67 35 82534 40 25 206
229 A 639978 554971 48 884 244 83443 21 144 39 184
230 A 638514 554789 336 77 934 81947 87 17 153 174
231 A 634086 553323 219 572 280 79306 60 105 52 169
232 T 632836 54 552014 217 8 32 80251 47 12 201
233 A 632240 554754 34 13 75 77135 27 16 19 167
234 T 628627 56 555639 153 9 14 72510 30 24 192
235 C 627354 143 82 556608 17 43 26 70279 11 145
236 T 628570 85 551900 140 6 29 76173 27 13 197
237 G 624357 206 146 89 550214 32 92 21 73378 179
238 G 623936 249 324 57 548201 78 78 11 74738 200
239 A 623320 545668 183 205 216 76732 34 42 56 184
240 A 622574 544076 142 181 307 77490 64 32 83 199
241 G 620920 155 180 58 544370 68 57 27 75816 189
242 A 619317 543169 175 26 209 75442 54 13 28 201
243 A 620125 542928 120 115 186 76393 21 61 53 248
244 C 619666 582 1100 540802 78 102 185 76645 24 148
245 A 622186 541129 295 248 683 79443 71 55 104 158
246 T 621791 1055 538575 464 522 188 80584 87 83 233
247 C 622732 378 174 538977 450 95 47 82376 74 161
248 C 624004 247 116 539160 470 80 35 83609 81 206
249 C 627470 451 555 539567 144 146 119 86270 47 171
250 A 630716 540938 89 574 1274 87308 28 113 197 195
251 G 627338 621 1012 882 543368 116 168 145 80873 153
252 C 624763 480 802 542437 1125 80 141 79307 192 199
253 G 622770 421 307 436 541983 85 76 87 79208 167
254 C 621818 496 643 541815 232 84 187 78008 98 255
255 G 621731 621 563 926 542001 101 153 163 77044 159
256 G 620116 524 204 2020 538789 101 90 267 77939 182
257 G 619220 1971 488 226 539043 297 115 45 76871 164
258 G 617654 341 674 1610 538849 86 139 215 75558 182
259 A 618702 542191 40 5 198 75952 31 9 65 211
260 A 618603 545939 48 6 105 72066 208 8 38 185
261 G 617601 194 165 23 546653 46 65 7 70262 186
262 G 615717 2193 289 50 544517 314 208 10 67951 185
263 A 614516 546861 70 4 249 66895 176 8 55 198
264 T 613024 83 546957 960 22 26 64418 304 15 239
265 C 610661 128 367 546063 609 40 198 62942 87 227
266 C 613032 247 140 545029 213 83 143 66920 41 216
267 T 617249 653 546322 637 201 129 68915 192 40 160
268 A 616411 546719 36 295 825 68073 23 114 138 188
269 A 615471 547958 116 285 1028 65655 28 46 161 194
270 G 614313 187 307 173 550389 68 39 24 62916 210
271 A 613714 550976 20 117 67 62310 10 20 19 175
272 A 614107 549740 22 5 192 63867 28 3 37 213
273 A 612601 548105 14 11 159 64047 12 9 26 218
274 A 610610 547788 37 24 82 62314 15 27 16 307
275 C 610516 68 44 547577 11 45 17 62542 12 200
276 T 610895 82 544540 190 992 19 64710 36 116 210
277 G 609043 87 100 28 545639 16 80 9 62893 191
278 G 608837 70 42 25 546349 23 38 7 62106 177
279 A 611380 547715 42 16 228 63102 21 8 63 185
280 G 610555 55 68 14 547901 26 29 8 62259 195
281 G 609743 57 96 18 547537 21 41 14 61750 209
282 A 608549 546233 106 10 155 61356 16 42 43 588
283 C 608604 43 133 545743 222 21 31 62163 40 208
284 C 609536 117 57 545765 12 25 31 63359 11 159
285 C 609587 152 144 543248 55 63 54 65636 13 222
286 A 610590 542672 68 76 153 67372 28 14 20 187
287 T 608982 48 541900 84 8 20 66694 20 8 200
288 A 606458 539728 1292 30 145 64897 170 12 22 162
289 T 607052 45 540490 79 4 30 66128 28 11 237
290 A 605399 539085 114 15 80 65754 17 14 22 298
291 C 604697 101 118 539812 19 49 21 64344 13 220
292 A 605456 538252 58 60 133 66710 12 11 21 199
293 A 605529 537066 62 22 202 67883 40 9 34 211
294 G 605206 125 140 55 536811 33 37 26 67811 168
295 A 604047 534795 56 17 129 68784 38 8 27 193
296 G 600534 98 105 26 532552 22 44 9 67508 170
297 A 600110 532187 56 46 93 67436 13 18 25 236
298 G 599023 352 649 464 530784 52 92 74 66396 160
299 T 599966 757 530327 683 298 203 65931 112 114 1541
300 A 600361 531187 388 611 744 66979 72 86 115 179
301 G 599436 84 142 41 533301 30 53 22 65597 166
302 A 600068 533648 57 23 67 66056 11 7 16 183
303 T 600690 73 533213 89 58 35 66963 26 19 214
304 A 600420 531771 95 568 305 67341 23 90 43 184
305 G 598035 561 165 130 530724 106 28 19 66124 178
306 A 597632 529824 88 541 179 66679 28 77 35 181
307 A 598968 532072 69 91 225 66214 18 13 43 223
308 A 598516 533132 139 78 236 64690 18 19 35 169
309 G 599256 345 159 138 532420 41 27 38 65926 162
310 T 600447 50 530758 73 6 47 68525 29 81 878
311 G 600599 125 93 25 530294 31 72 19 69768 172
312 G 599668 67 145 33 529919 14 50 8 69224 208
313 A 599990 528723 159 110 328 70378 37 17 57 181
314 T 596718 167 527936 231 90 39 67963 32 16 244
315 G 597058 287 213 173 529271 56 45 29 66825 159
316 A 596639 525668 57 87 133 70377 57 20 42 198
317 G 591926 72 121 20 521083 17 70 17 70380 146
318 G 590276 205 45 25 520317 37 52 14 69358 223
319 G 587252 322 109 29 518976 50 43 11 67443 269
320 A 586852 517276 31 9 108 69139 16 12 19 242
321 A 585146 516683 39 29 115 67510 28 37 31 674
322 C 582572 186 87 516812 22 56 21 65231 14 143
323 T 583229 53 516091 288 17 22 66401 69 5 283
324 C 584862 175 239 516261 70 52 51 67845 21 148
325 G 583658 204 75 37 515726 81 23 25 67309 178
326 T 584207 51 514647 193 10 34 68927 49 21 275
327 C 584999 172 45 512526 35 45 27 71930 24 195
328 C 586299 138 42 512009 32 48 32 73787 12 199
329 T 587324 16 512178 94 9 33 74783 36 7 168
330 T 586645 33 511701 93 11 39 74529 37 8 194
331 T 584525 305 509778 249 65 65 73832 50 18 163
332 A 581789 506853 424 127 92 73969 101 47 24 152
333 T 579939 289 503453 389 36 79 75405 75 24 189
334 G 577253 186 122 94 501540 61 77 42 74964 167
335 A 576694 500748 75 32 159 75388 27 22 25 218
336 C 577673 135 176 499178 62 117 33 77705 23 244
337 A 580281 498737 17 5 75 81220 26 15 18 168
338 A 579071 496296 37 7 51 82420 17 10 23 210
339 A 580901 496521 29 7 143 83919 35 8 36 203
340 G 581307 101 147 140 499402 80 50 43 81171 173
341 A 582553 502034 157 41 83 79989 31 17 17 184
342 A 583666 504347 38 113 138 78755 15 22 49 189
343 G 581146 52 129 16 506546 57 49 13 74074 210
344 A 580901 504411 32 34 101 76052 21 14 30 206
345 A 579242 501989 32 33 86 76883 12 13 16 178
346 A 578876 502154 38 21 244 76150 25 9 49 186
347 T 578124 44 499213 57 4 43 78520 15 10 218
348 A 582237 501456 89 19 177 80263 25 15 32 161
349 A 583993 503082 45 152 137 80262 35 35 41 204
350 G 582308 134 215 33 504457 37 58 13 77182 179
351 G 580086 298 122 51 504451 47 44 24 74883 166
352 C 580090 144 105 505752 18 38 55 73742 32 204
353 G 579370 90 129 30 504505 49 46 24 74276 221
354 A 579737 505497 52 145 216 73560 20 30 43 174
355 A 579326 504361 188 8 138 74324 47 21 26 213
356 T 580179 39 505379 102 170 24 74187 29 41 208
357 C 579819 174 71 506388 21 64 27 72924 23 127
358 T 583202 38 506523 129 13 48 76173 34 26 218
359 G 582771 80 117 18 507446 41 48 17 74829 175
360 G 581345 61 79 14 507559 35 25 18 73365 189
361 C 583551 123 209 508087 95 44 70 74656 37 230
362 G 582389 226 165 71 508715 47 47 46 72877 195
363 C 581205 162 215 509745 108 27 37 70741 34 136
364 C 584568 152 183 509972 398 76 38 73367 72 310
365 A 584435 507026 533 109 182 76273 87 17 34 174
366 A 584098 505872 258 113 495 77000 41 31 97 191
367 G 582099 118 185 30 507528 30 55 18 73992 143
368 C 579134 110 89 508987 81 26 24 69601 31 185
369 C 578340 119 173 508894 51 50 51 68774 19 209
370 A 579590 509753 17 25 90 69436 13 14 15 227
371 A 582870 511617 49 14 68 70896 10 6 29 181
372 T 582871 81 512361 83 10 43 70074 23 5 191
373 A 584579 514939 241 74 174 68883 53 19 40 156
374 A 585879 515606 110 135 286 69449 24 34 54 181
375 T 588864 226 516950 133 95 52 71174 34 19 181
376 G 588243 123 191 180 515531 37 83 55 71873 170
377 G 587903 124 160 123 515565 34 29 42 71666 160
378 T 588253 228 515783 235 337 54 70400 50 115 1051
379 G 587879 289 456 353 518775 61 107 71 67632 135
380 A 587987 518869 808 539 352 66977 115 98 77 152
381 T 588395 602 519810 360 431 97 66783 50 84 178
382 G 589012 767 624 139 519850 145 120 32 67205 130
383 A 588282 521086 190 780 827 64949 46 133 111 160
384 T 588733 317 521625 385 614 53 65407 73 87 172
385 G 589518 366 190 20 523270 69 50 5 65380 168
386 C 589111 139 164 523565 232 46 51 64682 41 191
387 A 591753 525707 202 71 387 65046 50 20 64 206
388 A 593411 528817 49 125 126 63955 25 44 26 244
389 C 594201 433 168 529805 102 81 35 63382 25 170
390 A 595328 529542 107 60 321 65074 17 17 48 142
391 G 598071 314 222 519 532039 72 61 84 64612 148
392 C 597649 235 54 531524 246 47 22 65327 51 143
393 T 597832 50 530291 602 57 12 66524 81 20 195
394 G 597679 70 118 23 528872 34 47 12 68298 205
395 G 592685 65 79 35 526257 9 16 12 66041 171
396 T 591190 45 524731 137 14 24 65755 27 21 436
397 C 590956 208 81 522978 33 39 13 67444 13 147
398 T 590964 24 521696 151 27 29 68848 38 6 145
399 G 587514 253 203 39 520391 32 41 20 66393 142
400 A 585767 521030 103 2 120 64258 19 8 24 203
401 C 588187 109 52 521328 48 26 9 66439 24 152
402 T 589129 103 521490 252 42 18 66965 35 21 203
403 C 589528 139 57 521066 19 45 23 67999 14 166
404 A 590294 521853 70 14 100 67933 23 22 16 263
405 C 590761 127 97 524154 27 32 35 66127 10 152
406 A 593882 524767 154 169 200 68358 24 24 37 149
407 T 595464 50 526252 76 16 16 68852 26 6 170
408 G 594707 218 366 88 529602 27 98 21 64133 154
409 A 594373 531239 40 5 101 62796 7 10 22 153
410 T 594692 58 529769 80 5 18 64549 18 6 189
411 G 595097 86 117 33 530413 20 40 11 64233 144
412 A 596352 531676 54 7 81 64292 19 8 16 199
413 T 595258 33 532557 73 0 9 62361 15 14 196
414 C 595078 138 76 530705 33 36 18 63894 22 156
415 T 596814 49 530680 163 17 34 65655 27 9 180
416 G 593038 137 129 17 530272 30 61 13 62198 181
417 G 591246 115 81 22 531281 16 18 10 59528 175
418 C 591474 137 125 531222 39 32 25 59683 10 201
419 A 592384 531434 37 4 86 60588 13 4 20 198
420 T 593413 17 532154 80 31 4 60895 19 8 205
421 T 593683 31 533156 108 77 8 60054 21 16 212
422 C 593193 110 50 533433 33 27 11 59314 16 199
423 C 593124 100 92 532115 168 53 19 60351 28 198
424 A 594134 531548 37 11 100 62220 10 9 21 178
425 A 593378 531331 27 15 62 61697 17 4 18 207
426 T 592674 28 530544 93 13 10 61773 19 9 185
427 T 594551 45 531239 143 13 18 62844 31 3 215
428 T 595873 49 531191 103 5 13 64319 17 5 171
429 G 595790 117 156 41 531152 20 47 16 64099 142
430 A 596981 534094 66 5 115 62461 16 7 20 197
431 A 596485 533360 32 10 105 62733 12 6 24 203
432 T 596164 68 531221 84 5 16 64561 24 7 178
433 G 594602 74 125 35 531224 22 57 14 62901 150
434 A 593473 531953 43 1 63 61233 7 7 17 149
435 T 593259 47 530682 115 4 13 62202 22 4 170
436 A 593501 528413 187 8 592 63918 40 13 77 253
437 C 593583 120 77 527955 405 45 24 64729 73 155
438 A 596036 528635 179 440 129 66320 31 98 21 183
439 A 595173 529019 56 16 85 65708 15 12 27 235
440 C 594772 112 57 528571 27 49 53 65716 15 172
441 A 594247 527062 184 16 42 66681 34 11 57 160
442 T 591261 28 524050 72 2 13 66837 54 9 196
443 A 591172 523869 50 3 64 66469 19 71 25 602
444 C 592988 49 310 524668 13 29 73 67629 54 163
445 C 594245 138 82 524100 25 62 24 69579 74 161
446 A 598884 525857 50 9 158 72518 88 7 33 164
447 G 598986 118 117 32 527481 29 43 21 70999 146
448 A 600818 524535 19 427 95 75391 28 122 27 174
449 G 599376 91 117 20 523381 22 60 12 75485 188
450 G 597100 86 71 29 522872 84 21 13 73726 198
451 A 598308 523014 94 4 90 74733 26 14 20 313
452 C 598367 75 78 523761 18 43 38 74186 11 157
453 A 600006 523275 39 38 232 76122 26 18 56 200
454 A 597452 522360 55 247 119 74356 38 46 31 200
455 G 598567 76 59 19 523907 42 37 15 74197 215
456 A 597151 524704 15 5 172 72004 8 11 27 205
457 G 594538 85 113 37 525975 14 47 12 68096 159
458 C 595906 119 76 525384 30 39 12 70080 18 148
459 T 598582 42 526600 241 26 18 71422 28 10 195
460 C 598784 425 210 527458 207 99 49 70042 39 255
461 T 598709 46 529526 76 15 36 68780 26 16 188
462 T 601875 396 529390 207 131 87 71407 36 46 175
463 G 601284 159 149 63 528724 28 41 22 71938 160
464 T 600510 97 526386 159 75 31 73421 42 22 277
465 T 599675 227 524304 159 79 66 74510 99 20 211
466 C 598685 173 150 523808 25 65 66 74217 17 164
467 G 601281 188 102 34 526227 87 92 20 74332 199
468 C 603163 230 127 531621 213 47 49 70686 33 157
469 A 604799 530245 266 77 1102 71926 121 61 177 824
470 C 606073 102 905 529839 358 22 159 74389 128 171
471 C 608122 891 442 529037 342 160 127 76823 105 195
472 G 609592 255 172 35 529532 91 93 19 79212 183
473 G 608794 182 86 32 531363 72 47 15 76810 187
474 C 608939 358 265 530456 84 66 91 77450 16 153
475 A 606570 529429 186 38 128 76533 23 15 50 168
476 T 606259 28 528681 84 19 16 77232 21 16 162
477 G 604084 135 108 39 527610 40 63 15 75865 209
478 G 601592 65 107 19 529091 15 37 13 72054 191
479 A 602799 530487 26 12 102 71902 11 22 27 210
480 T 603278 55 531676 143 9 20 71106 41 20 208
481 C 602996 678 415 530327 314 98 61 70868 50 185
482 C 604716 127 93 532680 671 56 24 70732 91 242
483 C 605046 284 570 532069 122 82 107 71601 27 184
484 A 608489 535637 65 126 148 72223 28 28 45 189
485 G 608116 65 163 36 536658 23 59 15 70907 190
486 G 607354 156 205 30 537791 46 48 14 68889 175
487 A 606656 536431 164 12 127 69609 44 8 27 234
488 T 607861 30 537355 56 66 14 70093 14 30 203
489 G 607199 158 182 69 538389 41 42 25 68126 167
490 T 607684 148 538414 99 732 29 67706 28 126 402
491 G 606846 254 296 575 537501 51 68 81 67854 166
492 C 606922 389 213 536368 208 69 31 69396 54 194
493 T 610230 201 535592 90 130 53 73878 26 52 208
494 C 611588 151 71 534279 107 100 9 76593 32 246
495 T 613483 100 533794 186 28 66 79080 36 33 160
496 C 614212 244 80 533343 30 89 20 80240 27 139
497 T 615607 51 534319 142 14 75 80744 46 35 181
498 G 613048 149 266 81 535270 68 85 75 76908 146
499 A 612872 536664 180 22 82 75543 61 45 70 205
500 T 615799 46 539852 87 14 35 75543 42 4 176
501 G 617218 156 120 35 539274 71 28 40 77349 145
502 C 617987 140 129 541861 79 31 98 75459 44 146
503 A 617051 541600 47 74 195 74733 50 25 87 240
504 G 614741 200 178 32 541723 42 98 27 72312 129
505 G 611561 64 121 11 539895 24 61 31 71148 206
506 G 612956 64 88 36 540470 18 42 16 72009 213
507 T 613245 61 540714 95 458 34 71096 56 139 592
508 T 610849 53 542056 64 12 32 68404 37 9 182
509 C 611822 107 181 543432 28 53 112 67731 15 163
510 G 612544 344 144 22 543505 145 39 33 68151 161
511 A 612842 543692 129 9 118 68242 36 22 37 557
512 C 614890 110 56 547007 77 41 26 67393 24 156
513 T 616557 384 546140 226 20 77 69374 53 23 260
514 C 615242 191 188 545348 32 40 34 69234 13 162
515 T 615826 48 544407 144 5 66 70859 37 12 248
516 C 617426 285 158 544789 82 60 39 71805 20 188
517 C 620614 133 90 545771 44 82 19 74251 18 206
518 C 622867 189 63 547985 41 70 25 74300 21 173
519 T 623790 154 546630 354 127 52 76225 67 27 154
520 A 623154 543077 33 16 90 79685 34 20 29 170
521 G 622430 61 127 28 543281 14 46 37 78680 156
522 G 622822 119 73 28 544536 48 34 15 77784 185
523 A 622384 543396 43 35 85 78470 23 12 43 277
524 G 623536 263 112 17 544416 42 35 38 78453 160
525 G 623291 104 66 24 545546 18 52 19 77281 181
526 T 625830 43 546110 83 18 29 78784 68 66 629
527 C 626938 64 41 547927 11 31 19 78692 17 136
528 T 630323 45 552158 302 21 27 77538 58 11 163
529 G 631489 74 90 26 553318 37 96 15 77657 176
530 G 633559 61 53 21 556338 24 68 17 76796 181
531 A 634619 559112 67 23 176 74878 16 20 90 237
532 G 635829 208 159 192 560792 78 34 48 74155 163
533 C 638243 160 134 563553 147 28 32 73967 35 187
534 T 641758 192 567109 320 57 32 73739 58 22 229
535 G 642025 214 117 26 570165 41 31 16 71266 149
536 C 643256 126 106 568912 26 28 47 73840 13 158
537 A 644642 567996 96 37 762 75403 51 14 107 176
538 G 643856 49 68 27 570227 14 36 15 73230 190
539 G 642995 65 95 9 570029 20 24 13 72567 173
540 C 643027 159 206 568456 81 33 51 73820 17 204
541 G 645732 180 160 162 568523 42 48 40 76410 167
542 C 647553 200 53 569986 50 53 16 76990 23 182
543 T 650159 172 572314 308 176 32 76870 38 39 210
544 G 651686 212 155 309 571790 51 41 57 78897 174
545 C 654678 448 254 572349 54 78 59 81238 27 171
546 A 657844 573429 85 446 210 83347 40 83 42 162
547 G 659475 98 132 19 575098 34 36 14 83905 139
548 T 659999 67 575678 131 6 49 83719 76 32 241
549 C 662129 131 89 579193 46 49 100 82331 11 179
550 A 664090 579415 49 8 101 84141 20 99 22 235
551 A 667023 583194 57 10 92 83338 40 54 25 213
552 A 667764 586470 46 38 353 80525 29 33 61 209
553 G 669423 53 101 22 585394 27 61 23 83550 192
554 G 669018 66 114 21 584108 57 42 19 84415 176
555 A 670941 585946 48 19 115 84460 23 40 44 246
556 G 669699 187 115 19 588092 50 43 32 81009 152
557 T 669206 59 589549 105 20 24 78816 39 38 556
558 T 673892 112 595734 74 45 34 77627 33 29 204
559 G 674329 116 130 17 597680 29 93 26 76031 207
560 G 673981 120 109 116 599797 35 55 23 73518 208
561 G 674222 219 136 84 601264 46 51 25 72192 205
562 A 674919 600398 145 17 167 73804 36 18 48 286
563 C 676092 102 86 602040 25 31 34 73540 31 203
564 A 677088 602158 44 353 180 74028 14 38 48 225
565 A 677557 603693 266 89 233 72882 50 30 51 263
566 T 680575 127 607300 133 248 28 72480 27 48 184
567 G 680054 268 408 86 608660 58 103 31 70224 216
568 G 679014 214 156 20 609090 48 29 17 69240 200
569 T 679418 77 606644 336 312 37 70276 55 166 1515
570 G 679093 168 223 334 609636 43 76 71 68374 168
571 A 679067 609378 124 30 95 69134 22 27 14 243
572 T 679222 63 608911 102 63 17 69800 38 13 215
573 G 680474 82 122 75 610393 39 52 17 69518 176
574 G 679519 73 131 25 608329 21 39 23 70681 197
575 A 679860 606535 74 10 204 72714 15 7 67 234
576 G 680097 241 114 28 606726 44 50 13 72692 189
577 T 680578 100 609089 153 124 27 70463 35 37 550
578 T 682257 45 610060 152 86 18 71650 34 19 193
579 G 681331 110 317 57 611848 25 74 27 68722 151
580 A 682083 612850 63 33 434 68396 14 21 74 198
581 T 683675 17 612651 93 11 27 70632 24 13 207
582 A 685943 610444 51 52 369 74707 37 21 59 203
583 A 688283 611098 42 141 122 76592 43 30 29 186
584 G 689387 85 175 28 613634 24 83 30 75157 171
585 G 688044 140 141 46 612967 31 48 27 74483 161
586 A 688952 613560 54 159 140 74754 19 41 25 200
587 T 691578 218 615236 83 41 45 75647 21 23 264
588 G 690865 113 140 32 615932 28 53 20 74364 183
589 A 691189 616256 57 10 153 74453 12 13 30 205
590 T 691442 94 615984 168 10 25 74913 26 5 217
591 C 691561 177 78 614359 19 72 36 76597 21 202
592 A 694229 614941 11 4 114 78889 10 11 21 228
593 A 694041 615713 8 4 84 77974 6 3 23 226
594 A 692609 613073 17 43 133 79026 15 27 30 245
595 C 692487 190 107 612259 27 38 45 79619 15 187
596 G 691686 186 115 30 613822 21 34 33 77286 159
597 T 693702 156 615867 164 198 42 76764 57 52 402
598 G 693054 137 137 15 616256 48 88 18 76157 198
599 G 693751 77 144 22 616045 18 87 23 77106 229
600 G 694171 249 175 19 614615 42 44 20 78807 200
601 A 695366 616123 66 26 238 78608 20 23 36 226
602 T 695514 44 616184 159 5 21 78847 42 11 201
603 C 692089 163 99 611713 90 65 44 79676 21 218
604 A 691857 612129 120 108 185 79029 28 21 39 198
605 A 692994 611328 252 66 108 80926 73 22 21 198
606 T 694751 161 611647 111 43 34 82505 55 12 183
607 G 696282 78 137 35 614576 31 62 33 81184 146
608 A 695946 615926 46 3 98 79614 33 10 14 202
609 T 694172 55 614381 138 2 13 79316 25 14 228
610 C 695262 233 141 615555 17 60 72 78976 20 188
611 G 696899 178 135 27 616809 65 114 17 79336 218
612 G 694814 208 83 66 617087 51 45 33 77055 186
613 A 695780 616056 689 6 143 78464 114 15 24 269
614 A 697501 613417 52 5 817 82681 22 18 136 353
615 C 698054 50 98 611981 24 28 32 85631 22 188
616 T 698683 13 611246 146 17 18 86959 41 16 227
617 T 695583 28 609435 79 7 13 85774 26 5 216
618 C 694428 93 82 609737 38 28 32 84243 14 161
619 T 693892 65 605658 137 7 40 87718 47 5 215
620 G 692357 120 172 23 605835 20 116 18 85851 202
621 G 689620 94 152 28 605608 29 45 22 83447 195
622 A 689108 604311 45 46 176 84201 33 17 42 237
623 G 689297 62 136 42 604066 31 51 22 84709 178
624 A 688499 602809 40 46 271 84982 28 10 71 242
625 G 688051 95 118 25 605681 33 49 17 81830 203
626 G 686125 96 72 19 605771 32 25 16 79913 181
627 T 688987 84 604254 208 44 50 82354 69 156 1768
628 G 692458 73 122 22 609109 42 51 11 82843 185
629 A 692863 609462 60 6 107 82924 21 9 37 237
630 A 692717 610664 38 37 114 81586 15 10 34 219
631 A 692111 604677 1545 2361 2315 80078 215 349 333 238
632 A 692495 603779 3154 2690 1346 80258 492 390 197 189
633 T 693311 1892 606087 689 2889 297 80672 96 437 252
634 G 691137 151 129 28 612773 32 99 21 77691 213
635 G 691589 92 97 75 611060 39 29 26 79961 210
636 A 692072 609976 141 49 210 81333 21 31 52 259
637 C 694313 168 162 611152 18 64 65 82450 25 209
638 G 695714 154 124 22 610707 48 42 28 84387 202
639 A 695994 610614 75 9 464 84509 27 7 95 194
640 A 696827 610653 70 167 142 85526 12 28 17 212
641 A 695757 607394 51 41 252 87729 31 11 31 217
642 A 695196 606553 183 37 184 87901 45 18 38 237
643 A 692724 604147 43 136 798 87133 18 55 143 251
644 C 692937 75 59 605151 666 66 26 86589 133 172
645 A 694350 605584 591 192 300 87291 120 36 46 190
646 A 694186 604474 27 158 135 89068 44 29 41 210
647 G 691207 97 153 26 602161 29 71 27 88453 190
648 G 691028 305 68 18 602421 74 48 13 87887 194
649 A 690423 600632 205 77 210 88963 50 21 56 209
650 G 688057 225 374 202 599541 54 84 45 87353 179
651 T 687777 270 597290 237 149 97 88785 45 150 754
652 G 686621 305 149 10 597884 61 66 13 87968 165
653 C 683691 144 64 596091 27 47 39 87073 16 190
654 T 686863 30 597984 98 10 33 88453 19 19 217
655 T 690285 20 600873 110 11 52 88967 53 6 193
656 A 690471 601105 45 8 87 88944 24 23 22 213
657 C 690768 105 147 601656 29 38 118 88498 14 163
658 G 692587 111 133 20 604089 33 78 24 87904 195
659 A 691701 603498 58 0 100 87720 65 8 40 212
660 G 690703 55 158 13 605988 16 45 22 84252 154
661 A 691995 605934 46 9 105 85616 29 16 37 203
662 G 690303 140 116 34 605460 28 36 24 84285 180
663 A 686818 600492 31 8 158 85839 30 10 31 219
664 A 684835 597690 582 9 226 85966 108 15 44 195
665 T 682097 515 592840 120 161 95 88133 25 32 176
666 G 679854 232 95 571 591688 58 24 127 86884 175
667 T 677933 101 591292 125 7 35 85875 33 23 442
668 G 674986 146 129 23 588814 35 48 9 85611 171
669 C 671749 114 201 587478 36 49 44 83600 18 209
670 A 670927 586711 43 7 112 83816 24 10 23 181
671 A 671955 587772 72 9 83 83724 24 7 19 245
672 C 671425 100 69 588474 24 38 19 82521 12 168
673 A 672046 588089 57 256 114 83312 12 36 31 139
674 T 673252 39 590910 155 13 14 81872 33 11 205
675 T 673953 24 590086 137 50 17 83381 23 15 220
676 C 673639 134 40 590939 32 49 18 82223 13 191
677 T 672340 76 588379 111 10 51 83484 23 5 201
678 C 671084 140 101 587341 26 84 37 83058 19 278
679 A 672523 587582 25 5 107 84526 21 8 27 222
680 A 670885 586408 46 0 80 84056 32 12 25 226
681 A 667665 584006 28 13 151 83206 19 10 44 188
682 G 666849 69 99 24 582346 31 58 14 84043 165
683 G 665110 66 72 78 581063 46 38 28 83526 193
684 A 660188 579372 42 4 216 80267 15 17 58 197
685 A 657895 579076 25 3 111 78416 10 12 29 213
686 A 656964 577652 18 4 81 78988 7 14 11 189
687 A 652916 576084 56 5 93 76408 24 8 33 205
688 T 651347 45 575281 75 9 15 75681 23 8 210
689 T 650882 24 575628 87 4 12 74878 25 11 213
690 T 647318 59 573166 77 53 13 73671 34 18 227
691 C 643769 252 79 570977 68 186 33 71718 20 436
692 A 641328 570279 119 70 403 70123 44 17 52 221
693 A 637733 568281 39 137 194 68852 8 17 36 169
694 A 634990 565474 72 260 77 68762 26 49 24 246
695 C 632915 320 134 563618 115 66 32 68424 21 185
696 A 631199 561749 111 194 161 68738 26 31 28 161
697 G 629403 1281 234 270 559387 179 43 46 67821 142
698 C 627009 268 162 559070 55 46 34 67214 20 140
699 T 624286 153 557274 374 77 39 66042 64 18 245
700 G 621292 242 218 697 554066 29 45 91 65743 161
701 C 619056 194 111 553728 71 55 19 64665 23 190
702 A 616872 550476 773 129 216 64869 88 27 25 269
703 C 613829 116 76 547272 18 542 28 63773 20 1984
704 A 612625 546765 29 13 84 65537 10 10 13 164
705 A 608312 543369 39 6 234 64365 21 7 33 238
706 A 605944 542005 27 34 148 63396 20 13 48 253
707 G 602832 224 133 23 540407 38 47 9 61754 197
708 G 596399 163 79 21 536367 29 18 12 59495 215
709 G 593315 233 288 18 534350 30 42 13 58139 202
710 C 590910 128 199 533523 389 102 29 56064 55 421
711 A 588110 531418 186 199 219 55829 22 23 35 179
712 A 583744 527164 54 230 147 55905 16 39 30 159
713 T 579388 132 523100 74 66 20 55779 17 20 180
714 G 574279 182 293 89 519665 30 54 17 53830 119
715 A 569409 515373 62 20 277 53445 3 10 45 174
716 T 565394 47 512351 103 8 11 52604 17 21 232
717 G 562818 168 116 93 509919 22 46 18 52253 183
718 G 558875 161 134 12 506955 25 31 10 51386 161
719 A 552957 501658 40 39 185 50805 15 8 28 179
720 T 549031 104 497473 359 271 25 50547 48 36 168
721 C 544634 115 57 492604 38 72 16 51445 13 274
722 A 540381 485694 43 12 153 54280 12 9 25 153
723 A 534640 479296 30 9 119 54970 7 3 17 189
724 G 530665 120 108 16 475036 22 20 5 55222 116
725 T 525951 58 470111 142 27 55 55079 16 18 445
726 G 521910 117 188 91 466820 29 38 16 54476 135
727 A 517175 463678 110 142 129 52901 13 23 28 151
728 G 510071 425 162 44 459229 74 27 8 49964 138
729 A 506912 456495 135 77 585 49348 27 19 78 148
730 G 501259 77 79 15 451170 48 19 3 49628 220
731 A 495978 445979 24 1 94 49683 11 4 17 165
732 A 488595 439292 18 39 176 48869 13 7 26 155
733 A 483750 434488 38 173 356 48448 8 18 56 165
734 G 479115 50 49 221 430560 19 19 21 48040 136
735 T 476308 240 427363 84 151 45 47989 28 33 375
736 C 470493 147 90 421234 9 36 22 48794 17 144
737 G 463429 188 71 14 415461 50 17 8 47457 163
738 G 458639 110 150 20 412049 28 19 6 46053 204
739 A 454034 407912 91 26 91 45730 11 12 6 155
740 A 448740 399346 58 51 228 45599 6 217 30 3205
741 C 442416 67 247 396333 26 23 23 45530 9 158
742 C 435438 61 59 389611 10 23 12 45522 10 130
743 C 429668 98 57 383296 40 36 13 45957 16 155
744 A 425490 377779 35 42 134 47314 13 5 34 134
745 G 419152 44 66 14 372145 7 17 8 46715 136
746 G 412087 49 49 9 365500 26 8 2 46090 354
747 A 406236 361210 43 10 101 44701 12 6 17 136
748 A 402207 356541 34 19 101 45358 8 3 16 127
749 A 399002 352441 32 41 49 46292 6 12 12 117
750 T 395872 76 348791 66 9 17 46764 14 9 126
751 G 390202 72 94 15 343928 17 19 6 45956 95
752 C 384896 73 38 341710 7 38 9 42922 13 86
753 T 379438 14 336095 162 8 22 42989 26 10 112
754 G 375921 52 47 8 332319 36 13 2 43331 113
755 A 370100 327021 30 6 84 42808 16 7 15 113
756 G 364168 47 66 10 321894 22 25 6 42000 98
757 A 359130 319163 23 0 52 39760 11 5 4 112
758 T 353706 25 313501 33 5 3 40002 11 10 116
759 C 348506 157 105 307644 22 82 12 40376 17 91
760 G 342440 68 56 13 301481 72 22 3 40640 85
761 A 336652 297318 24 2 47 39150 4 4 15 88
762 A 333076 291463 22 4 93 41374 8 5 21 86
763 G 326539 25 39 14 283495 16 11 4 42843 92
764 A 320738 277839 14 4 28 42716 8 5 10 114
765 T 315118 23 273020 67 2 9 41893 18 3 83
766 C 309707 32 41 267586 10 21 9 41907 11 90
767 T 306828 28 261858 58 20 43 44687 15 4 115
768 C 301512 90 189 255313 12 56 32 45721 16 83
769 A 295188 249978 24 72 38 44845 9 17 9 196
770 T 291408 30 245916 40 30 8 45262 9 11 102
771 C 287698 72 66 241479 17 35 21 45714 10 284
772 T 283189 9 234149 31 0 58 48819 18 9 96
773 T 278034 6 228831 26 5 8 49050 6 7 95
774 T 272676 17 225457 41 3 11 47024 17 10 96
775 C 268691 64 45 221958 86 33 18 46393 27 67
776 T 264933 13 218917 42 16 51 45758 11 5 120
777 G 258021 46 129 19 214229 18 29 10 43466 75
778 G 250972 89 69 11 210425 14 29 7 40247 81
779 C 244557 65 49 204850 25 19 16 39443 18 72
780 A 239738 200135 15 26 61 39186 8 17 20 270
781 C 235338 62 68 195992 10 29 16 39061 9 91
782 G 230049 45 39 6 192045 19 21 8 37825 41
783 G 224035 65 16 25 186738 20 4 7 37097 63
784 T 220517 12 181885 34 19 18 38364 10 22 153
785 C 216188 46 25 178230 17 32 9 37762 5 62
786 T 211702 42 174166 110 14 25 37246 27 3 69
787 G 205005 377 52 4 168703 111 7 7 35691 53
788 C 199087 39 49 164032 122 21 13 34731 32 48
789 A 194041 157004 59 40 51 36186 17 14 21 649
790 C 189118 88 46 152784 20 32 12 36077 12 47
791 T 184915 36 147479 22 10 19 37292 6 4 47
792 C 180362 50 23 142613 51 33 11 37510 29 42
793 A 176417 135138 23 48 216 40830 11 21 85 45
794 T 170992 7 130520 46 5 10 40335 20 8 41
795 A 164385 124718 63 168 57 39165 24 72 29 89
796 T 159772 34 117653 44 15 18 41950 11 9 38
797 T 156615 6 113344 23 2 16 43151 9 6 58
798 G 153192 22 57 17 110937 18 34 9 42057 41
799 A 149421 107787 5 26 29 41500 4 14 16 40
800 G 146475 118 21 4 105002 49 15 6 41229 31
801 A 142297 100364 20 0 111 41614 9 5 49 125
802 G 136981 22 107 9 96762 27 54 12 39953 35
803 G 133085 19 29 85 93050 21 9 52 39788 32
804 G 126906 26 21 20 89036 16 16 10 37728 33
805 T 122265 26 85276 8 17 24 36759 16 43 96
806 C 117221 24 10 80642 19 40 8 36424 20 34
807 A 112118 76438 19 21 35 35519 6 17 23 40
808 G 106218 9 7 8 72093 12 10 13 34023 43
809 T 101245 6 65948 8 1 30 35200 12 11 29
810 T 98232 5 62076 6 3 27 36072 16 5 22
811 G 91998 7 14 2 57631 21 14 16 34272 21
812 C 88644 12 11 55612 9 16 7 32929 23 25
813 T 85710 3 49988 11 8 21 35614 14 7 44
814 C 82573 14 8 45836 1 26 13 36644 14 17
815 A 79906 43568 4 2 4 36281 7 3 16 21
816 C 76623 15 4 42387 1 67 6 33969 9 165
817 A 73504 39434 1 1 4 34022 11 1 13 17
818 A 70455 35757 3 0 3 34654 9 6 7 16
819 A 67376 34264 2 0 9 33015 34 8 7 37
820 T 64154 10 32390 2 0 19 31692 10 18 13
821 C 60719 10 1 28173 6 35 49 32340 9 96
822 T 57802 14 25361 11 0 22 32353 16 14 11
823 T 54174 0 24823 5 14 11 29284 11 13 13
824 G 50224 4 3 10 23181 16 30 13 26931 36
825 T 47329 13 22081 11 3 25 25128 28 10 30
826 C 44597 7 5 20255 0 34 24 24238 15 19
827 T 42758 1 18431 0 2 46 23937 72 55 214
828 G 39171 0 0 0 16407 15 10 553 21484 702
829 C 37636 10 36 16780 10 22 17 20743 10 8
830 C 37571 36 26 15999 10 31 11 21447 7 4
831 C 39995 48 42 15864 21 45 30 23916 19 10
832 G 40457 36 31 4 15507 78 25 84 24633 59
833 C 40056 41 23 14673 38 16 6 25241 14 4
834 C 41530 144 26 14101 40 35 363 26311 53 457
835 T 43600 0 14388 81 0 15 28996 21 53 46
836 G 42980 1 3 0 13367 15 39 2 29534 19
837 T 43525 4 13972 11 1 9 29401 11 51 65
838 G 45193 7 8 0 15172 10 70 4 29874 48
839 T 46651 5 16610 0 6 6 29967 8 29 20
840 G 48315 7 4 5 18045 22 151 17 29899 165
841 T 49252 1 19970 3 0 22 29231 8 4 13
842 A 49919 21423 5 0 4 28294 67 3 27 96
843 T 51730 3 22402 3 3 8 27035 10 1026 1240
844 G 54840 9 9 3 26799 8 57 11 27937 7
845 G 57486 9 9 45 29945 38 46 140 27021 233
846 A 59709 17824 43 10 73 17606 59 8453 53 15588
847 C 62638 81 173 36891 287 25 60 25023 92 6
848 C 67200 52 155 41100 227 74 36 25520 33 3
849 T 72243 97 45488 266 180 79 26005 73 39 16
850 G 75621 78 47 31 49804 24 23 12 25591 11
851 C 78701 51 100 52728 12 11 84 25702 3 10
852 C 83129 85 74 55537 16 23 34 27338 10 12
853 G 87381 31 49 18 57494 11 27 12 29728 11
854 T 92251 11 60783 16 24 5 31370 15 10 17
855 A 96885 63116 44 5 30 33648 16 1 9 16
856 G 103136 5 7 15 67753 10 24 16 35296 10
857 C 108159 20 9 70965 17 14 13 37090 13 18
858 C 112392 16 19 73838 17 18 13 38443 13 15
859 A 117046 76531 12 10 14 40412 18 12 13 24
860 G 121200 27 6 15 80421 13 19 34 40654 11
861 T 124806 11 83811 11 2 12 40918 12 5 24
862 G 128918 17 16 1 87962 10 31 12 40848 21
863 G 131686 9 12 5 92977 8 25 5 38620 25
864 C 136357 24 12 98529 6 14 9 37737 3 23
865 T 143475 67 103990 59 0 26 39275 31 4 23
866 A 148582 108923 66 1 27 39461 38 9 13 44
867 C 153546 39 95 115161 12 18 59 38124 13 25
868 G 160417 33 22 7 121586 20 39 18 38653 39
869 A 166116 127276 5 12 33 38678 19 16 18 59
870 C 172003 40 36 133131 16 16 27 38680 6 51
871 T 177834 4 137119 22 0 5 40604 23 9 48
872 T 180269 8 140876 29 3 13 39282 22 4 32
873 C 185475 32 56 146345 9 26 47 38897 10 53
874 G 191291 51 55 15 151089 33 38 28 39930 52
875 A 197281 153751 25 36 54 43301 14 23 37 40
876 A 203026 157943 12 27 82 44850 15 13 27 57
877 A 209398 162180 10 5 18 47106 14 4 12 49
878 A 215723 165316 14 15 28 50251 13 9 20 57
879 A 221172 170315 9 11 116 50593 36 8 39 45
880 G 226107 158 126 100 176920 46 73 36 48597 51
881 A 230790 180736 21 246 123 49479 25 76 31 53
882 G 233227 41 243 132 185066 15 99 40 47549 42
883 G 237771 21 22 8 192774 8 53 14 44820 51
884 G 242479 29 23 2 198937 8 32 12 43379 57
885 A 247289 205228 23 3 47 41881 6 3 10 88
886 T 252201 29 210637 32 3 7 41422 17 3 51
887 A 257419 214193 22 3 37 42756 50 66 19 273
888 C 264036 49 39 221049 7 15 8 42812 0 57
889 T 269003 21 226711 31 5 5 42147 16 6 61
890 C 275774 68 9 234472 15 10 26 41100 6 68
891 T 280722 23 240815 24 13 5 39740 25 7 70
892 T 284563 7 246616 53 1 4 37768 27 1 86
893 T 292134 6 254862 29 1 3 37138 12 1 82
894 A 297719 260734 22 2 52 36778 21 7 13 90
895 G 302881 24 55 8 265632 12 24 14 37054 58
896 T 309247 40 271271 32 3 7 37708 11 6 169
897 G 314135 36 55 52 275321 8 49 17 38514 83
898 G 319442 44 45 14 279434 7 41 2 39763 92
899 G 323900 61 48 13 282342 5 24 8 41321 78
900 A 326846 285992 21 29 97 40567 14 7 13 106
901 A 330927 290676 111 184 85 39710 16 24 24 97
902 T 336367 129 296195 117 167 26 39613 18 27 75
903 A 341446 301644 169 73 131 39259 50 11 29 80
904 G 346514 61 90 27 308779 14 38 10 37424 71
905 A 352389 315064 33 113 66 36735 24 38 21 295
906 C 358937 59 115 322194 25 16 20 36388 6 114
907 C 365087 55 28 327342 10 15 20 37528 3 86
908 C 370129 72 25 332974 18 14 3 36923 6 94
909 T 373302 24 336883 222 15 5 35982 38 8 125
910 T 377137 99 341039 101 39 16 35718 10 11 104
911 T 380687 47 346632 123 24 9 33702 17 5 128
912 C 384847 162 129 348664 91 20 29 35657 9 86
913 A 391809 353976 31 36 63 37526 20 16 17 124
914 A 397227 357230 48 14 96 39666 24 3 24 122
915 A 402708 361851 33 36 94 40498 21 9 16 150
916 C 409261 73 49 367354 43 23 9 41611 7 92
917 T 416286 43 373808 76 12 8 42187 30 1 121
918 G 422424 169 133 23 380454 17 39 8 41487 94
919 C 428416 65 71 385467 13 7 17 42650 21 105
920 T 434496 146 391291 72 20 25 42760 32 9 141
921 T 440384 112 396979 122 85 18 42867 29 18 154
922 C 445905 152 413 402894 125 29 68 42079 23 122
923 A 450671 407285 93 213 375 42454 28 53 44 126
924 A 455738 412452 167 301 172 42426 30 34 21 135
925 A 460946 417267 44 69 339 42994 13 14 44 162
926 A 466087 422008 112 236 348 43111 21 37 39 175
927 C 470337 147 113 427613 166 27 22 42126 13 110
928 A 476091 433582 316 11 199 41766 43 7 26 141
929 G 481133 237 121 347 439252 25 15 31 40964 141
930 C 484976 268 214 442536 92 32 20 41656 8 150
931 C 489531 221 162 446950 67 44 28 41918 8 133
932 A 495546 453459 84 111 185 41497 20 17 23 150
933 A 501185 458950 87 82 219 41648 14 15 26 144
934 G 505672 141 122 92 464792 14 28 23 40326 134
935 T 511342 44 470967 84 17 5 39923 12 5 285
936 A 516074 475857 59 70 180 39739 7 8 25 129
937 T 521997 43 482061 73 24 4 39637 10 8 137
938 A 527175 488354 69 21 99 38414 23 10 14 171
939 C 532682 110 564 492531 29 14 56 39226 6 146
940 A 538938 498067 360 17 168 40121 51 4 9 141
941 G 542052 66 148 36 501858 7 29 17 39778 113
942 C 546867 111 294 506661 17 7 35 39598 5 139
943 C 551752 134 461 511265 47 16 39 39653 5 132
944 T 556338 59 514353 126 23 11 41581 23 11 151
945 A 560911 518727 31 82 237 41602 17 11 29 175
946 A 566851 525995 63 51 105 40437 13 12 7 168
947 T 571305 38 530923 75 56 11 39992 9 12 189
948 C 575598 155 111 533690 53 26 32 41379 12 140
949 A 579400 534916 28 17 224 44009 27 9 27 143
950 G 584031 62 109 44 539814 8 19 12 43815 148
951 A 586252 541337 27 13 147 44374 8 17 25 304
952 C 591660 109 160 545398 132 27 25 45623 18 168
953 C 596570 248 194 548982 65 34 76 46786 8 177
954 G 601065 529 217 404 552412 63 59 48 47178 155
955 A 605811 557769 101 77 367 47231 17 14 48 187
956 A 609352 559898 94 136 394 48492 22 28 42 246
957 C 612832 215 451 562207 217 35 127 49408 27 145
958 G 616034 95 135 24 567937 15 49 11 47613 155
959 A 619933 571593 55 7 98 47926 29 11 29 185
960 G 622392 241 122 24 573072 42 30 27 48670 164
961 A 625326 573532 67 143 158 51160 22 36 17 191
962 A 628152 574496 91 61 255 52999 12 8 45 185
963 T 630719 199 576838 144 93 36 53158 27 20 204
964 C 633407 260 52 579201 145 33 24 53481 14 197
965 C 636963 133 102 580137 187 43 38 56080 31 212
966 A 638674 578452 161 82 373 59303 43 17 42 201
967 G 640593 164 247 119 580443 27 47 35 59314 197
968 C 644121 234 300 583819 223 36 40 59259 28 182
969 A 645476 585288 140 44 275 59359 23 13 41 293
970 C 647380 136 103 586915 12 25 18 59978 16 177
971 A 648742 587334 84 21 75 60891 17 18 16 286
972 C 649754 99 149 588067 31 49 38 61124 11 186
973 A 652082 588302 21 5 131 63375 8 11 22 207
974 A 654054 589946 36 20 129 63633 39 9 23 219
975 G 654948 82 121 14 589658 29 22 17 64824 181
976 A 654817 589773 47 2 84 64649 15 11 22 214
977 G 653681 78 65 21 590677 15 17 13 62602 193
978 T 652843 66 588236 157 4 29 63632 21 31 667
979 C 653720 125 83 587219 32 26 26 66037 10 162
980 A 654721 586432 38 15 185 67815 12 13 35 176
981 G 652244 113 175 25 584564 19 34 12 67147 155
982 C 652394 221 287 582511 35 58 39 69052 15 176
983 T 654213 40 582072 79 11 21 71761 15 14 200
984 G 652059 380 156 103 579015 63 61 25 72096 160
985 G 649826 82 76 38 578491 28 24 7 70894 186
986 T 649477 47 576928 68 14 37 71328 33 73 949
987 G 649650 208 178 80 578218 40 52 18 70701 155
988 T 652648 40 581120 56 13 31 70954 18 37 379
989 G 653123 114 136 20 581454 30 70 24 71098 177
990 G 653568 65 112 32 581365 19 54 25 71719 177
991 A 653627 577928 156 37 109 75137 24 21 19 196
992 T 654384 64 576122 72 11 28 77831 31 25 200
993 G 652555 153 127 38 576513 38 63 31 75348 244
994 G 652471 169 143 26 577983 28 42 14 73886 180
995 C 653068 146 127 579776 37 40 34 72695 17 196
996 A 653443 580044 73 46 161 72883 13 19 27 177
997 T 653494 67 579890 207 68 12 72986 30 18 216
998 G 652669 153 163 84 582507 32 31 16 69487 196
999 C 651775 130 396 581233 38 32 73 69647 17 209
1000 A 652540 578465 286 27 126 73302 59 16 24 235
1001 A 653401 577572 29 68 288 75157 23 16 42 206
1002 T 652686 33 575888 159 35 18 76270 36 11 236
1003 T 651739 42 574421 88 56 16 76852 24 26 214
1004 C 652128 161 55 573032 36 41 29 78580 23 171
1005 T 652496 94 570814 156 74 68 81054 32 20 184
1006 G 650343 265 297 16 568475 56 74 64 80941 155
1007 C 649822 153 219 569995 147 87 42 78975 39 165
1008 T 650758 102 566700 295 223 21 83087 97 39 194
1009 G 651663 126 176 25 566392 33 67 57 84610 177
1010 C 653039 133 83 567719 37 104 28 84745 24 166
1011 A 653694 568254 64 14 101 84966 26 36 58 175
1012 T 653516 49 567384 73 30 20 85692 36 27 205
1013 T 655435 44 567049 88 30 37 87905 41 12 229
1014 T 654868 48 566542 213 15 41 87738 46 16 209
1015 G 650240 72 138 46 566272 36 63 21 83404 188
1016 A 650905 566943 47 5 139 83505 21 5 41 199
1017 A 650543 567182 61 83 212 82710 40 20 61 174
1018 G 646905 112 131 16 564540 38 51 12 81848 157
1019 A 645517 562898 55 20 65 82228 10 20 23 198
1020 T 643024 41 561972 85 0 16 80692 14 7 197
1021 C 641630 115 53 560966 140 48 23 80060 39 186
1022 T 645413 46 562059 124 10 54 82899 32 5 184
1023 A 645063 561409 11 122 146 83110 14 21 29 201
1024 A 643767 561666 33 100 140 81527 36 33 38 194
1025 G 641519 149 111 77 560293 40 59 31 80610 149
1026 A 639898 561039 82 7 186 78307 29 10 42 196
1027 G 638033 181 96 237 561379 33 37 54 75845 171
1028 T 637735 46 558636 60 5 50 77591 36 66 1245
1029 A 636501 560204 126 22 197 75711 34 14 30 163
1030 T 637483 37 558549 108 15 14 78474 26 12 248
1031 T 638634 77 559697 62 14 24 78526 16 14 204
1032 A 642751 560214 49 28 202 81999 22 13 36 188
1033 A 644361 559052 116 8 170 84749 29 10 29 198
1034 G 646563 70 101 135 560485 20 51 36 85514 151
1035 C 647236 193 149 561819 111 66 29 84670 24 175
1036 T 647943 113 562606 173 55 27 84701 35 18 215
1037 T 648211 51 564269 100 34 26 83521 18 10 182
1038 C 646032 202 110 564538 68 61 26 80833 26 168
1039 A 645383 563598 73 5 110 81374 17 9 13 184
1040 T 643445 50 560457 63 22 34 82631 12 13 163
1041 C 644322 123 93 557691 31 84 38 86094 19 149
1042 A 645759 554707 47 15 143 90550 68 12 33 184
1043 G 643394 103 131 33 554618 34 69 16 88210 180
1044 A 644798 555734 42 4 217 88510 52 26 47 166
1045 G 644273 69 84 14 557352 40 66 12 86446 190
1046 G 640391 92 63 28 557516 25 68 9 82402 188
1047 G 643381 209 122 29 562291 42 45 22 80399 222
1048 A 643493 561358 303 24 449 80835 59 35 90 340
1049 C 645848 85 126 562722 330 44 24 82207 75 235
1050 C 649920 167 210 563228 297 108 42 85604 51 213
1051 A 654507 565877 63 38 61 88194 37 26 26 185
1052 A 654592 565278 48 7 97 88912 31 8 21 190
1053 A 653413 564256 49 40 254 88490 52 12 71 189
1054 G 650312 127 38 97 564170 58 55 30 85561 176
1055 T 650446 46 563387 82 12 74 86211 36 57 541
1056 A 649690 564454 76 55 80 84739 75 12 18 181
1057 T 651580 128 567948 423 1 55 82667 118 10 230
1058 C 653259 96 188 569343 35 44 57 83285 16 195
1059 C 655069 115 151 569321 34 75 39 85103 17 214
1060 C 658306 122 79 568666 66 58 27 89021 19 248
1061 C 661588 138 66 567264 71 135 30 93635 15 234
1062 A 664741 567792 40 55 92 96439 35 51 29 208
1063 A 663667 566912 45 15 93 96244 69 9 81 199
1064 G 663018 119 158 13 566821 59 100 20 95549 179
1065 G 662959 59 90 20 571422 34 83 78 90967 206
1066 G 660182 63 86 16 574523 105 62 18 85106 203
1067 G 657369 69 67 14 572415 117 54 12 84421 200
1068 G 656822 205 149 33 570648 77 137 17 85381 175
1069 A 656660 567691 33 21 130 88360 133 13 59 220
1070 A 658224 568843 35 4 92 88892 129 10 31 188
1071 A 658867 570387 43 44 103 87794 31 45 143 277
1072 C 659590 44 79 570024 7 63 149 89032 18 174
1073 T 660670 27 570670 124 4 129 89490 45 12 169
1074 T 662664 40 573162 80 30 13 88979 149 8 203
1075 T 663719 426 574330 308 194 80 88019 79 38 245
1076 C 663618 543 130 577267 164 113 52 85082 52 215
1077 C 664964 604 89 581348 398 149 32 82088 68 188
1078 A 663547 583383 80 11 126 79599 50 36 31 231
1079 C 663645 140 96 582365 18 43 33 80765 22 163
1080 T 665328 100 580118 110 17 37 84735 35 10 166
1081 A 667440 576958 44 226 72 89813 67 57 26 177
1082 G 667637 69 141 45 577261 23 77 20 89839 162
1083 A 667267 578395 27 19 86 88472 38 22 22 186
1084 G 668551 55 125 21 581705 25 77 22 86340 181
1085 G 667119 45 131 24 582455 23 44 20 84183 194
1086 A 667195 585526 61 39 202 81038 35 16 42 236
1087 G 666117 552 170 42 585783 99 50 27 79256 138
1088 T 667074 40 587973 118 4 82 77709 44 76 1028
1089 A 666368 588204 101 514 319 76834 30 78 73 215
1090 C 666816 1250 234 587770 43 188 70 77075 17 169
1091 A 669969 589735 1244 65 155 78293 203 10 37 227
1092 A 670400 591674 217 127 1170 76768 58 16 162 208
1093 A 669699 593771 41 11 86 75540 15 22 17 196
1094 T 668650 36 594559 75 5 12 73688 26 2 247
1095 T 669923 35 597880 97 13 14 71657 22 7 198
1096 G 669323 76 178 20 599736 23 49 19 69039 183
1097 C 669717 131 77 600235 26 30 20 69000 18 180
1098 T 671225 25 600622 139 9 9 70161 29 12 219
1099 T 671237 133 599500 143 199 26 70882 32 43 279
1100 C 673422 184 75 599807 140 74 25 72902 32 183
1101 A 675974 599445 163 151 201 75680 41 36 30 227
1102 A 674925 596777 84 134 119 77519 20 35 22 215
1103 A 673439 595447 128 432 114 77031 31 42 15 199
1104 T 672921 256 596274 282 132 55 75668 40 22 192
1105 G 671805 103 107 36 597542 34 39 21 73777 146
1106 A 671118 598934 45 8 88 71759 20 16 24 224
1107 A 670126 599086 12 3 127 70618 10 13 31 226
1108 A 671899 597432 49 152 228 73726 11 31 38 232
1109 A 671018 596367 152 143 141 73835 24 39 26 291
1110 C 671776 105 111 597526 199 51 23 73512 46 203
1111 A 674293 599029 189 32 166 74625 26 11 33 182
1112 T 675732 48 600546 73 119 15 74714 11 23 183
1113 G 675810 213 215 68 602319 49 93 16 72646 191
1114 G 673663 106 76 55 601858 22 32 26 71304 184
1115 A 673473 602547 46 10 144 70442 32 19 21 212
1116 T 674379 159 603907 113 28 30 69888 26 23 205
1117 G 674869 238 291 191 603312 46 46 55 70517 173
1118 C 674022 179 147 602300 146 38 50 70978 24 160
1119 T 675163 59 603529 428 116 23 70725 58 25 200
1120 A 676004 604994 80 33 88 70529 17 40 21 202
1121 T 675960 50 607039 86 11 14 68530 12 9 209
1122 G 675543 198 142 31 605665 43 73 56 69113 222
1123 G 673510 84 136 22 604417 61 44 7 68544 195
1124 A 672989 603431 66 22 159 68994 23 3 60 231
1125 A 673699 603958 43 14 166 69217 42 8 34 217
1126 T 672519 40 603191 77 319 9 68607 26 57 193
1127 C 674063 150 235 603892 222 44 43 69281 37 159
1128 A 675471 602320 208 62 498 72057 31 21 58 216
1129 A 673750 599931 175 41 336 72970 55 14 43 185
1130 G 670196 112 228 214 597874 16 39 43 71508 162
1131 T 670302 152 597967 253 272 38 71229 30 36 325
1132 A 671557 599139 84 30 132 71420 37 26 40 649
1133 C 669579 96 71 597524 66 29 15 71578 20 180
1134 T 671002 96 598201 137 53 29 72213 38 18 217
1135 C 671701 177 66 598395 147 55 19 72656 25 161
1136 T 672203 59 596690 143 28 47 74997 35 12 192
1137 T 672434 162 594925 251 196 33 76557 45 35 230
1138 G 669796 108 135 25 592661 40 42 21 76581 183
1139 A 670315 590965 67 21 93 78882 27 6 28 226
1140 A 669528 588923 58 37 193 79974 28 19 39 257
1141 C 669436 119 55 590009 17 46 23 78998 13 156
1142 T 670833 30 590881 132 18 13 79544 44 8 163
1143 G 671986 169 176 49 592293 35 68 25 78986 185
1144 A 672204 589274 47 65 175 82391 40 17 33 162
1145 G 670824 93 33 22 587162 33 32 12 83271 166
1146 A 670617 586099 54 85 1456 82451 18 22 227 205
1147 A 670975 588761 151 16 207 81569 30 6 39 196
1148 G 669482 105 172 235 588553 29 37 49 80129 173
1149 C 667666 257 340 588715 177 71 83 77813 34 176
1150 A 668567 587774 72 474 268 79660 35 55 56 173
1151 G 665937 210 115 33 587207 48 46 18 78062 198
1152 G 665484 230 133 104 587442 55 41 36 77250 193
1153 T 665958 87 585853 107 27 57 78904 42 50 831
1154 A 665937 587668 53 23 89 77780 26 14 20 264
1155 C 665038 104 294 587367 21 27 49 76984 20 172
1156 T 667511 44 588473 135 14 21 78580 23 17 204
1157 G 667495 119 124 19 589218 44 65 19 77690 197
1158 G 664726 98 74 26 586873 41 45 15 77334 220
1159 G 662965 120 105 31 586581 27 39 25 75828 209
1160 C 662523 104 117 583828 53 33 54 78080 15 239
1161 C 661753 168 110 582117 92 74 38 78888 36 230
1162 A 661504 579757 64 9 79 81345 31 11 25 183
1163 T 660807 29 576903 64 4 46 83575 23 9 154
1164 A 659919 575497 13 13 170 83961 36 10 28 191
1165 A 663791 579227 37 7 94 84092 66 12 62 194
1166 G 662163 102 112 19 575499 56 45 49 86126 155
1167 A 662534 574137 40 2 143 87923 22 24 33 210
1168 A 663702 574864 41 7 90 88275 52 30 27 316
1169 C 664212 52 59 574550 13 37 19 89255 19 208
1170 C 667552 144 87 575810 24 93 28 91155 27 184
1171 A 669284 578286 44 120 155 90405 28 29 52 165
1172 G 667583 85 71 19 576938 64 73 13 90169 151
1173 A 666754 576317 40 52 178 89841 18 15 78 215
1174 A 667559 576434 90 8 94 90593 97 10 29 204
1175 G 668449 64 94 73 578422 21 65 17 89559 134
1176 T 670112 55 579484 79 55 50 89447 104 67 771
1177 G 670635 93 121 43 582300 87 114 19 87648 210
1178 G 668446 48 131 30 582603 24 75 33 85311 191
1179 A 668486 582022 59 16 300 85687 42 7 136 217
1180 G 666867 76 113 19 582221 24 145 12 84080 177
1181 G 664272 75 117 24 581918 40 105 12 81795 186
1182 A 662748 580076 59 7 121 82066 35 29 119 236
1183 A 662317 579079 39 240 135 82398 81 115 31 199
1184 A 661353 578127 45 64 352 82307 21 21 125 291
1185 C 660537 169 184 577482 221 149 32 82064 39 197
1186 A 657906 573341 408 1284 590 81420 187 219 89 368
1187 C 657508 423 727 566105 7112 112 251 81510 1111 157
1188 T 657627 756 565177 936 6524 153 82769 157 968 187
1189 A 656674 573629 192 206 133 82031 71 44 162 206
1190 A 656310 571811 254 84 355 83455 64 27 74 186
1191 T 654414 749 572343 96 264 136 80336 210 55 225
1192 C 653868 2822 78 564689 123 508 18 85420 47 163
1193 A 655508 562611 96 63 2887 88919 214 28 510 180
1194 A 653465 562754 409 155 2147 87090 90 44 494 282
1195 C 655579 2426 346 561136 387 481 86 90465 89 163
1196 A 660188 551052 388 512 11147 94852 111 102 1837 187
1197 G 658856 526 2285 2600 557775 104 400 456 94541 169
1198 A 659307 563111 57 37 200 95563 69 26 47 197
1199 G 657456 142 76 10 562488 44 55 27 94419 195
1200 G 654474 135 59 26 561342 59 37 21 92559 236
1201 G 651985 2203 184 16190 542160 419 54 2753 87799 223
1202 C 653008 698 120 544098 17704 193 44 86924 2982 245
1203 C 655023 1626 15539 544997 869 318 2666 88638 194 176
1204 T 658822 754 561076 1670 151 227 94371 293 54 226
1205 C 657693 869 146 558121 1382 257 42 96455 236 185
1206 T 658021 434 556622 1309 825 127 98097 223 167 217
1207 G 654812 772 168 197 558522 130 40 57 94740 186
1208 C 654057 346 370 559116 285 81 217 93416 53 173
1209 A 654184 557623 197 220 493 95176 171 42 88 174
1210 G 651722 127 388 12 558186 32 108 17 92678 174
1211 G 648722 91 86 545 562022 138 28 94 85525 193
1212 T 645328 111 559348 488 461 34 83902 83 105 796
1213 C 645778 84 80 561504 25 40 143 83695 15 192
1214 A 648179 562359 28 9 74 85454 29 17 16 193
1215 A 649667 563753 27 6 94 85404 24 13 112 234
1216 A 651602 562520 66 69 71 88514 102 26 27 207
1217 T 652318 44 562900 194 64 27 88769 46 90 184
1218 C 654034 184 86 567745 70 71 81 85600 32 165
1219 A 654885 568687 375 26 287 85186 103 9 42 170
1220 G 653483 91 109 184 570780 28 58 43 82035 155
1221 T 652904 90 572319 208 18 43 79684 40 41 461
1222 G 649997 125 156 16 570065 28 39 22 79362 184
1223 T 649722 77 571449 166 20 34 77468 29 34 445
1224 G 650874 353 150 23 575043 46 50 17 74998 194
1225 C 651173 528 548 572153 234 102 103 77275 47 183
1226 A 652232 569453 190 494 334 81366 33 96 54 212
1227 A 654115 569364 443 392 423 82867 79 100 66 381
1228 C 656134 71 98 571379 390 29 40 83820 76 231
1229 C 658717 142 78 574576 27 70 26 83572 31 195
1230 T 661650 176 575156 452 291 45 85201 86 52 191
1231 G 662446 662 344 46 576373 109 75 20 84661 156
1232 C 665442 124 167 578875 303 52 37 85690 59 135
1233 A 668838 580210 221 273 140 87627 57 48 38 224
1234 T 670340 110 582471 141 19 27 87274 38 44 216
1235 T 672977 16 582455 73 8 37 90156 24 6 202
1236 T 675025 37 583313 149 122 20 91107 32 48 197
1237 T 677710 214 585395 71 9 44 91682 28 43 224
1238 C 678075 128 50 586551 199 46 36 90862 41 162
1239 T 678680 46 585956 316 20 24 92028 97 16 177
1240 G 675350 287 153 255 586514 42 69 87 87772 171
1241 T 674528 79 590935 202 26 21 82847 55 34 329
1242 G 674224 250 146 90 592926 66 52 51 80469 174
1243 C 676147 1405 1449 591112 835 227 231 80560 164 164
1244 A 679264 592223 691 1631 2161 81637 116 221 350 234
1245 A 680803 594496 2790 373 1148 81121 399 77 171 228
1246 A 682407 597458 39 99 171 84303 90 27 40 180
1247 G 680949 54 77 34 596962 47 42 24 83544 165
1248 A 679539 598828 95 23 236 80030 35 9 62 221
1249 A 679733 598449 138 1440 586 78543 42 188 96 251
1250 A 678157 597972 882 200 1007 76785 162 83 152 914
1251 C 677963 732 332 599832 963 151 53 75563 130 207
1252 C 680315 317 271 602162 310 70 89 76839 41 216
1253 T 682061 46 604780 174 221 14 76422 57 59 288
1254 C 681284 178 77 605303 446 45 31 74931 68 205
1255 C 682889 106 79 605118 103 82 15 77132 31 223
1256 C 683207 127 102 605795 37 70 31 76800 45 200
1257 A 682916 605656 86 19 124 76724 26 19 50 212
1258 T 680941 119 605571 174 856 32 73816 27 103 243
1259 T 680255 87 607679 739 30 18 71346 92 12 252
1260 T 679823 518 607788 349 517 77 70198 51 95 230
1261 G 677117 3755 2588 842 604193 444 356 116 64612 211
1262 A 675856 601349 4773 1690 2195 64613 582 206 249 199
1263 C 676555 1458 1377 603036 4369 196 182 65221 545 171
1264 A 679947 610241 283 348 717 67933 56 50 85 234
1265 A 679665 609943 300 117 975 67905 66 23 103 233
1266 A 679093 609972 344 355 981 66921 73 39 111 297
1267 C 678161 1111 169 607355 1548 149 49 67353 211 216
1268 C 676801 703 112 599025 9305 113 24 66216 1094 209
1269 A 674241 598019 1181 1201 6331 66291 157 145 710 206
1270 A 671851 604993 261 270 401 65342 32 64 81 407
1271 C 669275 361 844 603818 265 81 85 63599 39 183
1272 C 669421 280 282 605242 227 77 46 63068 45 154
1273 A 669575 605973 136 11 579 62592 19 29 60 176
1274 T 667084 93 604447 178 95 43 61940 18 18 252
1275 C 665872 224 449 605120 282 62 56 59488 38 153
1276 A 666333 604337 101 155 323 61167 19 24 34 173
1277 T 662922 87 601680 401 22 20 60418 44 8 242
1278 G 659229 245 716 141 598837 31 112 23 58948 176
1279 G 657707 920 1655 705 596294 91 172 81 57595 194
1280 C 656038 793 940 594923 1700 94 90 57146 198 154
1281 A 651925 591427 1845 852 564 56733 170 87 62 185
1282 G 646263 1282 419 50 588851 124 68 20 55281 168
1283 C 642936 363 137 586857 778 45 19 54465 100 172
1284 A 639079 585005 573 587 175 52405 68 59 24 183
1285 T 636185 30 582350 116 11 8 53450 13 5 202
1286 T 633775 1925 577923 92 47 207 53342 13 8 218
1287 C 630714 186 1034 575877 54 39 117 53208 16 183
1288 A 629429 572771 363 422 945 54446 61 47 105 269
1289 C 625011 193 195 567624 1671 46 37 54901 173 171
1290 T 622918 478 564357 380 1205 63 56075 46 119 195
1291 G 618638 234 590 212 561458 29 81 25 55823 186
1292 G 612631 277 583 158 556425 53 74 31 54832 198
1293 G 609551 206 671 255 553117 46 87 25 54963 181
1294 A 605723 548504 650 943 276 54872 71 93 44 270
1295 A 602684 546412 310 767 535 54251 34 91 72 212
1296 T 598565 535 543232 293 836 70 53295 31 94 179
1297 A 594981 541044 249 347 452 52497 43 55 119 175
1298 C 592782 296 812 538520 266 70 105 52523 42 148
1299 A 589327 536632 223 195 589 51327 112 23 77 149
1300 G 581615 139 245 104 529554 22 43 25 51345 138
1301 A 580260 526761 337 150 190 52481 58 95 23 165
1302 G 576607 303 114 110 524018 37 40 77 51762 146
1303 G 572131 70 87 26 520575 74 28 5 51101 165
1304 G 566982 114 111 21 515984 30 58 11 50509 144
1305 A 562744 509879 169 53 497 51836 24 7 98 181
1306 A 556662 503754 41 186 106 52349 12 29 15 170
1307 G 552675 78 101 21 499352 29 51 6 52913 124
1308 A 549936 495219 142 12 212 54136 21 10 46 138
1309 A 546787 489804 86 17 138 56495 19 13 25 190
1310 C 542225 120 68 484335 31 45 18 57440 16 152
1311 A 537502 479042 115 32 72 58060 15 9 27 130
1312 T 533627 1074 470615 276 2623 161 58315 34 356 173
1313 C 529183 1286 88 466806 2469 203 15 57873 330 113
1314 A 524349 463805 495 1244 1721 56484 72 160 238 130
1315 G 517630 53 97 28 462489 23 21 7 54790 122
1316 A 513795 459277 34 1 98 54206 11 5 13 150
1317 C 508736 85 47 454041 21 37 15 54350 18 122
1318 A 504269 446763 2411 16 169 54458 293 9 31 119
1319 T 499365 2363 442295 97 112 300 54000 21 28 149
1320 G 492332 95 421 2082 437730 19 64 243 51559 119
1321 A 485866 435108 33 72 112 50353 9 7 25 147
1322 G 481110 53 132 20 430403 9 36 7 50318 132
1323 G 476215 72 86 12 426541 27 37 9 49299 132
1324 G 471016 1489 735 37 420042 159 72 16 48315 151
1325 C 467053 166 527 417761 158 47 87 48157 23 127
1326 A 461238 411503 334 167 1024 47876 67 25 115 127
1327 G 457218 61 71 17 408658 28 14 6 48270 93
1328 A 454136 405438 16 9 61 48421 3 10 33 145
1329 A 450238 401973 38 7 92 47937 17 8 18 148
1330 A 446612 397572 24 5 150 48679 32 5 32 113
1331 T 443114 25 393626 70 17 13 49192 15 14 142
1332 T 438000 21 388880 173 106 24 48621 20 26 129
1333 A 432783 383787 32 4 90 48719 21 4 27 99
1334 T 428309 27 378351 91 16 25 49667 24 4 104
1335 A 423151 372986 52 14 113 49849 7 7 24 99
1336 A 419679 366278 131 223 630 52159 21 42 93 102
1337 G 414302 560 183 358 360196 100 41 38 52734 92
1338 G 409266 389 457 234 355959 80 73 26 51946 102
1339 A 404613 351918 127 224 185 51919 28 47 56 109
1340 T 400297 144 347968 186 259 41 51497 32 52 118
1341 G 395177 248 240 79 343544 46 55 16 50843 106
1342 A 389030 338499 194 4 91 50071 42 2 16 111
1343 T 382643 37 333378 66 6 12 49011 10 4 119
1344 G 377950 84 55 21 328178 16 16 7 49493 80
1345 G 371585 45 72 22 321957 22 36 7 49331 93
1346 A 363975 315163 32 10 97 48506 29 5 17 116
1347 A 359346 310351 26 14 62 48745 9 24 27 88
1348 G 354220 388 146 26 304531 64 45 8 48938 74
1349 G 350702 96 174 248 300485 21 59 43 49498 78
1350 T 346193 99 295428 139 337 73 49268 48 177 624
1351 G 340390 464 2981 423 287391 96 513 116 48343 63
1352 C 334042 2358 1181 281051 806 453 211 47751 160 71
1353 A 326971 273995 359 2849 926 48016 74 525 151 76
1354 A 321291 271590 42 40 121 49347 17 11 35 88
1355 A 315913 265354 91 41 74 50215 26 14 23 75
1356 A 309192 259388 18 47 132 49368 11 35 40 153
1357 C 305113 258 772 255840 566 81 168 47199 145 84
1358 C 298928 146 280 248686 1174 93 70 48159 254 66
1359 A 293324 240417 155 208 1096 51014 34 58 283 59
1360 G 289006 106 926 979 235929 54 215 198 50550 49
1361 A 285570 232977 1433 685 545 49246 283 183 155 63
1362 A 280781 226834 349 666 469 51976 84 181 156 66
1363 G 274581 641 390 265 220752 201 94 74 52100 64
1364 A 268578 213691 713 149 616 52961 192 51 149 56
1365 A 264083 205590 571 256 352 56893 146 91 122 62
1366 A 260030 198881 513 781 297 59045 126 227 103 57
1367 T 255897 215 192670 397 948 91 61074 121 309 72
1368 G 250669 578 187 102 188231 215 70 24 61216 46
1369 T 244889 85 184409 73 157 53 59943 36 71 62
1370 C 240531 98 27 180629 167 56 14 59433 61 46
1371 C 236106 206 359 176284 34 136 151 58858 38 40
1372 T 233887 10 172267 37 1 63 61433 12 8 56
1373 T 228864 25 169402 30 14 31 59281 24 8 49
1374 C 223173 59 16 166308 23 45 10 56646 21 45
1375 C 218615 1457 88 162012 178 434 53 54281 55 57
1376 A 212981 156389 78 101 2755 52894 32 19 676 37
1377 G 206458 74 409 57 155497 33 101 10 50232 45
1378 G 201276 164 62 200 152493 113 37 82 48097 28
1379 G 195424 67 38 173 148764 32 26 34 46246 44
1380 G 188870 199 211 34 144762 46 71 35 43483 29
1381 C 183597 57 46 141952 11 20 34 41373 51 53
1382 G 180336 71 59 8 140362 32 34 34 39703 33
1383 G 175565 49 88 26 137693 22 46 10 37591 40
1384 G 175712 44 26 8 137367 15 52 8 38128 64
1385 G 172613 31 29 15 135865 43 11 4 36579 36
1386 A 175877 133061 39 10 67 34446 20 13 3885 4336
1387 G 176297 36 33 4 137049 32 43 7 39045 48
1388 T 525810 8 317523 42 15 131 179272 101 8275 20443
1389 C 537171 177 50 352306 145 166 111 183738 218 260
1390 T 545607 46 373902 97 7 66 171093 143 26 227
1391 T 549109 31 372251 74 1 54 176476 84 25 113
1392 C 557045 87 106 376936 24 109 477 178787 35 484
1393 G 566162 67 81 26 385674 112 255 180 179334 433
1394 A 570679 390075 14 1 81 179900 63 33 149 363
1395 G 577214 50 119 5 393839 52 118 99 182690 242
1396 C 585883 514 621 405919 201 285 374 177479 169 321
1397 T 597465 1018 426609 289 193 446 168095 280 107 428
1398 C 604747 244 822 428094 540 202 401 174019 230 195
1399 T 612461 234 434276 67 101 122 177214 129 63 255
1400 C 619125 154 130 436108 130 136 222 182045 103 97
1401 G 624042 118 189 82 443715 100 305 209 179038 286
1402 G 626726 75 81 26 450782 38 149 49 175284 242
1403 A 631067 455812 26 9 126 171609 38 21 805 2621
1404 C 637540 59 120 471420 18 114 213 165397 20 179
1405 G 643779 181 157 66 479661 114 111 56 163319 114
1406 A 648930 485045 176 38 110 163005 77 32 135 312
1407 A 654110 493204 43 92 207 160204 55 49 110 146
1408 A 657128 504133 22 18 92 152584 106 15 41 117
1409 G 656820 142 161 13 509637 832 126 28 144012 1869
1410 G 656287 86 88 19 520308 38 70 15 135549 114
1411 G 656483 72 90 17 529828 64 55 16 126111 230
1412 C 659159 87 153 540561 27 44 85 116827 394 981
1413 A 663634 548666 52 27 313 114206 30 28 96 216
1414 G 662559 480 164 46 557167 103 86 62 104082 369
1415 C 664736 115 226 565481 22 59 146 98266 64 357
1416 G 670686 129 175 123 572745 43 83 48 96969 371
1417 A 673729 577923 137 238 83 94760 34 45 104 405
1418 A 675549 583933 53 50 375 90508 43 62 67 458
1419 C 676958 98 240 590773 155 168 42 84573 48 861
1420 C 679833 100 74 599018 675 58 35 79553 103 217
1421 C 682154 128 127 605506 280 58 73 75795 46 141
1422 G 682683 429 276 24 610204 94 99 187 70343 1027
1423 A 684141 614323 39 7 113 68728 34 46 68 783
1424 T 684298 54 615355 68 8 87 68383 22 9 312
1425 C 685130 107 92 615910 28 48 45 68729 18 153
1426 G 685237 268 139 164 616785 69 43 43 67462 264
1427 T 686366 53 619229 589 101 37 64768 79 183 1327
1428 G 687613 246 187 110 626604 37 64 46 60035 284
1429 C 688481 91 87 627797 19 16 26 60209 45 191
1430 C 689320 79 59 631090 21 20 22 57852 20 157
1431 C 690256 63 163 637859 14 38 17 51956 4 142
1432 T 690409 46 640235 159 27 13 47904 340 20 1665
1433 C 690379 93 144 644278 45 37 36 45613 7 126
1434 T 689810 50 645207 869 127 25 43249 84 20 179
1435 T 689355 95 649732 164 54 9 39127 34 8 132
1436 T 688435 95 651869 113 193 12 35872 24 29 228
1437 T 687657 158 653403 202 121 24 33564 24 13 148
1438 G 686336 199 577 417 650271 18 665 38 29800 4351
1439 A 685236 654798 125 482 384 28988 47 47 27 338
1440 C 684079 262 309 656625 28 22 25 26414 20 374
1441 A 683660 658606 63 7 175 24526 12 10 12 249
1442 T 682929 47 660573 120 156 15 21749 2 16 251
1443 G 682334 210 215 48 662836 19 20 2 18799 185
1444 A 681347 664183 62 2 125 16561 7 1 19 387
1445 G 680560 136 142 66 665680 4 9 3 14434 86
1446 T 679711 75 657257 125 3 24 12356 3 415 9453
1447 A 678748 667196 36 30 91 11245 0 0 7 143
1448 A 677577 667588 45 7 50 9573 3 5 1 305
1449 T 676419 256 667001 260 22 24 8476 4 1 375
1450 G 676028 179 193 69 667545 13 14 7 7872 136
1451 A 675127 666953 241 167 80 7230 3 3 11 439
1452 A 674519 667010 161 45 245 6730 1 0 8 319
1453 G 673951 296 225 441 666527 92 5 9 6073 283
1454 G 673432 81 222 44 666705 6 4 0 6246 124
1455 A 672677 665076 325 45 308 6006 5 4 24 884
1456 T 671993 43 665558 86 4 11 5826 2 5 458
1457 C 671614 58 39 665351 14 5 3 5895 2 247
1458 T 671214 39 664973 105 18 19 5891 2 3 164
1459 T 670638 10 664585 147 1 9 5636 5 0 245
1460 A 669969 664078 37 1 65 5347 45 1 1 394
1461 T 669422 47 663923 73 9 2 5096 3 0 269
1462 T 668955 56 663691 91 1 2 4938 0 2 174
1463 T 668509 54 663343 74 2 4 4881 3 1 147
1464 C 667689 114 50 660109 35 4 189 4209 2 2977
1465 T 667367 22 662639 123 8 12 4380 2 1 180
1466 T 666721 39 662254 69 3 10 4059 1 2 284
1467 C 665980 126 74 661333 13 15 33 3628 2 756
1468 G 665586 158 151 34 661283 17 7 3 3575 358
1469 G 665016 52 148 34 661279 2 3 1 3398 99
1470 A 664580 659403 53 6 167 3239 5 0 51 1656
1471 G 664120 72 164 32 660419 2 1 2 3179 249
1472 A 663742 660054 74 9 188 2997 2 2 14 402
1473 C 663484 87 86 660115 37 2 2 2976 7 172
1474 A 663166 659848 37 94 107 2933 1 6 1 139
1475 A 662684 659315 36 12 235 2816 2 1 1 266
1476 T 662178 98 658120 115 45 29 2604 1 0 1166
1477 G 661863 355 189 44 658216 3 3 1 2604 448
1478 C 661395 149 202 658141 70 3 1 2553 1 275
1479 A 661006 657782 149 65 236 2429 6 0 2 337
1480 G 660647 124 154 51 657888 1 0 0 2337 92
1481 A 660179 657444 42 20 180 2252 1 0 2 238
1482 G 659746 328 167 33 656813 0 2 0 2232 171
1483 G 659326 141 137 48 656485 1 0 0 2154 360
1484 A 658724 654859 66 24 203 1984 0 1 25 1562
1485 G 658077 115 278 75 655549 1 0 0 1909 150
1486 T 657658 78 623702 116 36 6 1661 0 152 31907
1487 A 657303 654781 263 17 212 1793 1 0 0 236
1488 C 656398 136 402 653693 32 3 1 1730 0 401
1489 G 653541 2485 598 131 648382 8 1 0 1647 289
1490 A 649093 639996 3424 2187 1546 1531 6 9 1 393
1491 C 647754 1149 916 642257 1577 5 4 1525 8 313
1492 A 644551 640208 455 1080 1145 1481 1 8 4 169
1493 A 641003 630853 795 1213 6606 1354 1 4 19 158
1494 T 637779 5640 625734 2004 2447 14 1298 7 5 630