# amino-acid counts among definitively called codons
# POSITION TOTAL_COUNTS WT N_A N_C N_D N_E N_F N_G N_H N_I N_K N_L N_M N_N N_P N_Q N_R N_S N_T N_V N_W N_Y N_STOP
1 973733 M 0 0 0 0 0 0 0 344 110 79 972852 0 0 0 7 0 164 177 0 0 0
2 975284 A 974447 0 0 215 0 51 1 0 0 0 0 0 23 0 0 117 75 355 0 0 0
3 976245 S 2366 97 0 0 175 0 52 23 4 129 0 7 220 86 5 972829 84 0 16 140 12
4 978424 Q 192 327 1 141 251 49 128 428 276 686 66 2561 42 969568 209 1038 719 413 15 1153 161
5 980107 G 82 203 157 0 1 979195 0 0 0 1 0 0 12 0 116 177 21 142 0 0 0
6 981374 T 207 0 0 0 0 0 0 102 2 0 0 85 8 0 0 100 980870 0 0 0 0
7 983905 K 0 0 0 111 0 0 0 37 983491 0 0 101 0 15 97 0 6 0 0 0 47
8 987335 R 0 0 0 0 0 21 0 0 0 169 0 0 36 175 986691 0 0 0 243 0 0
9 986511 S 43 69 0 0 99 0 1 9 0 9 4 31 156 0 0 985771 91 0 0 228 0
10 990074 Y 3 159 9 0 66 12 834 18 0 16 0 61 23 6 5 22 17 33 0 988638 152
11 990594 E 7 0 88 989759 0 184 0 4 170 0 0 0 0 66 0 2 0 92 0 3 219
12 990493 Q 550 7 28 30 3 1 493 22 290 368 14 51 30 987375 617 325 94 31 2 3 159
13 986974 M 0 0 0 1 0 1 0 347 107 77 986158 0 1 1 15 0 118 145 0 0 3
14 979122 E 7 4 84 978425 0 205 0 2 120 1 0 0 0 42 0 2 0 63 1 0 166
15 975765 T 170 34 0 0 0 0 15 88 0 16 5 145 38 0 0 78 975164 11 0 1 0
16 970589 D 11 1 969710 165 0 230 58 0 0 0 0 110 0 0 1 0 0 82 0 221 0
17 957611 G 32 0 0 131 0 956522 1 0 2 1 0 239 22 6 188 86 17 169 195 0 0
18 946614 E 188 20 141 944682 8 248 36 66 249 53 0 1 323 140 4 51 90 145 0 1 168
19 928099 R 3 252 0 0 0 22 386 0 7 207 0 0 70 0 927022 129 0 0 0 1 0
20 910072 Q 1 0 0 39 0 0 258 0 150 87 0 0 1775 907162 440 0 0 1 0 0 159
21 886367 N 22 94 117 0 0 6 7 66 202 30 0 883391 31 14 58 710 1551 18 0 43 7
22 853480 A 849772 0 0 145 0 64 2 4 130 4 0 0 105 0 2168 256 324 497 7 0 2
23 832735 T 220 25 4 4 0 88 82 90 2 23 4 226 12 29 44 564 831300 17 0 1 0
24 802600 E 11 5 397 801414 0 148 1 15 139 13 0 2 0 86 73 17 29 59 0 0 191
25 752471 I 0 0 0 0 50 1 1 752087 2 8 34 64 16 1 1 6 73 127 0 0 0
26 708463 R 0 0 0 0 0 285 0 170 103 1 0 0 0 0 707749 30 45 0 0 0 80
27 666300 A 665466 0 0 167 0 49 4 7 128 1 2 0 19 9 53 149 96 150 0 0 0
28 641357 S 18 28 0 0 45 73 55 0 22 11 1 99 93 4 112 640633 53 0 0 110 0
29 615721 V 71 0 48 0 110 6 1 242 0 21 0 1 0 0 2 0 0 615219 0 0 0
30 255913 G 12 0 0 35 0 255655 0 0 0 1 0 0 1 0 98 0 0 54 57 0 0
31 252199 K 0 0 0 50 0 0 4 0 251984 0 22 73 0 1 46 5 1 0 0 0 13
32 251483 M 0 1 0 0 0 0 0 95 17 17 251272 0 0 0 1 1 29 49 0 0 1
33 261752 I 0 2 0 0 23 1 0 261574 0 3 2 29 0 0 0 1 30 86 0 0 1
34 272885 D 20 3 272171 214 0 111 21 28 1 40 0 55 0 1 52 34 31 28 0 73 2
35 286479 G 11 0 0 33 0 286254 2 0 0 0 0 3 0 0 57 0 0 64 0 0 55
36 299766 I 1 0 0 0 13 1 0 299653 0 2 5 18 0 0 0 2 24 47 0 0 0
37 312267 G 11 0 0 45 0 312027 0 0 1 2 0 0 0 0 59 0 2 50 0 0 70
38 326948 R 2 1 0 0 0 9 1 1 0 60 0 1 12 85 326690 0 2 0 0 1 83
39 339316 F 3 61 0 0 338953 1 0 21 1 164 36 0 0 0 4 31 1 2 0 25 13
40 350996 Y 0 78 2 0 36 0 153 1 0 0 0 28 0 0 4 4 1 0 5 350597 87
41 362395 I 9 0 2 26 29 25 0 361662 0 209 9 46 0 5 7 66 231 50 1 11 7
42 375185 Q 0 0 1 18 2 2 12 0 79 18 0 0 9 374908 69 0 3 0 0 0 64
43 387437 M 0 0 0 0 0 0 0 166 18 36 387121 0 0 0 4 2 38 52 0 0 0
44 402863 C 5 402266 0 0 94 20 1 16 2 33 1 0 2 0 75 69 82 23 15 62 97
45 415223 T 58 2 4 0 0 1 2 41 1 3 0 76 4 0 7 50 414964 9 0 1 0
46 424890 E 3 1 46 424560 0 60 2 0 70 2 5 0 0 20 3 0 0 17 0 0 101
47 436041 L 1 0 0 0 37 0 16 69 0 435853 2 0 49 0 3 0 5 6 0 0 0
48 446150 K 0 0 3 69 0 37 0 17 445866 0 0 53 1 3 55 9 9 0 0 0 28
49 453404 L 3 2 10 0 33 1 19 79 1 453137 0 4 73 6 9 3 3 11 0 0 10
50 461167 S 384 81 19 18 0 947 29 44 39 2 1 45 534 42 151 458404 413 5 0 0 9
51 470711 D 14 0 470276 58 0 75 20 1 4 1 0 96 3 0 0 8 15 34 1 105 0
52 480980 Y 40 73 4 0 91 37 74 12 0 4 66 9 2 4 13 20 816 6 2 479650 57
53 491425 E 11 0 145 490870 0 145 0 0 67 0 0 0 1 26 1 7 7 43 0 1 101
54 498854 G 88 0 2 102 0 498203 2 2 0 17 0 0 0 2 188 40 21 75 112 0 0
55 504652 R 7 0 0 0 0 46 14 1 1 140 0 0 17 143 504108 0 3 0 0 1 171
56 510752 L 1 0 0 0 0 0 2 19 0 510426 38 1 143 42 10 3 21 45 0 1 0
57 518165 I 3 0 2 0 54 5 0 517497 0 320 15 63 11 1 0 1 79 114 0 0 0
58 526688 Q 1 0 0 21 1 0 147 0 112 41 0 8 20 526142 118 0 1 1 0 0 75
59 529182 N 1 0 71 0 14 5 7 49 99 4 0 528805 1 1 0 77 4 1 0 39 4
60 530065 S 0 11 0 0 0 80 0 125 0 0 0 51 1 2 129 529640 21 1 1 0 3
61 537408 L 0 20 0 4 89 0 5 50 0 536515 0 0 3 1 1 89 0 559 0 9 63
62 547926 T 176 8 0 0 1 2 2 55 82 4 0 11 9 1 17 345 547208 0 0 0 5
63 554533 I 0 19 9 0 0 13 0 554079 40 78 154 0 1 0 5 0 76 58 0 1 0
64 559933 E 3 0 139 559379 0 107 0 0 45 2 1 3 11 36 2 13 1 25 0 2 164
65 560589 R 0 0 0 0 0 85 0 118 78 0 0 0 3 0 560208 34 16 0 0 0 47
66 563410 M 0 0 0 0 0 0 0 250 56 39 562924 1 0 0 1 0 47 92 0 0 0
67 562241 V 89 0 0 71 0 17 0 2 0 85 81 0 4 0 0 2 0 561888 0 0 2
68 566090 L 0 0 0 0 71 3 43 138 0 565710 0 0 89 0 11 0 1 24 0 0 0
69 563077 S 8 31 0 1 33 35 0 0 0 6 0 0 132 0 1 562686 54 0 0 87 3
70 556490 A 555787 1 141 0 0 19 0 0 0 0 0 1 23 0 0 171 251 90 1 0 5
71 555683 F 5 3 3 0 555388 2 0 26 0 109 0 0 0 0 0 78 0 11 35 23 0
72 549704 D 10 0 549140 122 3 130 31 0 1 0 0 94 0 0 0 0 1 44 0 127 1
73 547743 E 38 10 40 545886 19 197 44 88 214 416 0 96 0 28 66 104 253 86 0 31 127
74 551345 R 1 0 0 0 0 105 8 120 156 18 0 0 4 0 550781 72 33 1 0 0 46
75 550110 R 0 0 0 0 0 111 1 7 70 0 102 3 3 0 549595 148 24 0 40 0 6
76 547803 N 7 4 89 2 0 1 1 56 65 38 0 547335 0 11 7 91 6 15 27 47 1
77 542897 K 14 7 1 91 0 74 42 113 541362 160 0 60 0 5 746 115 37 55 0 1 14
78 543046 Y 4 70 2 0 31 1 211 2 0 1 0 47 0 0 2 5 3 0 1 542612 54
79 541903 L 0 0 0 0 0 0 0 7 0 541523 128 1 140 76 4 0 0 17 0 6 1
80 539011 E 11 40 93 538063 17 148 14 83 63 6 0 27 0 42 1 151 54 76 0 10 112
81 534636 E 9 1 72 533842 6 188 10 20 66 1 0 56 3 43 5 10 3 143 5 14 139
82 530335 H 52 117 13 1 176 3 527360 15 121 73 18 149 5 831 409 189 100 8 37 652 6
83 530504 P 153 35 0 24 2 260 139 13 0 77 19 55 529265 6 53 200 173 4 0 19 7
84 537130 S 742 44 0 4 1 481 33 612 4 329 20 429 88 127 174 533975 29 27 0 5 6
85 533798 A 531794 0 0 127 5 188 180 57 8 24 2 7 179 27 23 169 323 542 2 136 5
86 532172 G 89 14 6 100 60 529202 1496 6 221 291 39 77 49 28 195 50 64 84 96 5 0
87 534124 K 0 0 0 196 0 2 0 0 533546 0 47 182 0 5 101 0 6 0 0 1 38
88 536280 D 3 146 533594 68 4 79 44 1 0 15 0 2143 1 1 3 4 0 48 2 113 11
89 537474 P 504 45 0 6 89 75 154 2 0 36 0 1 536167 3 36 110 113 9 29 46 49
90 541595 K 33 8 0 91 0 662 109 4 539878 53 42 77 1 33 302 30 239 15 2 7 9
91 542018 K 0 0 2 63 0 0 0 21 541693 1 0 19 1 5 191 0 4 0 0 0 18
92 537139 T 80 0 0 0 3 0 0 39 0 0 1 67 24 0 0 45 536880 0 0 0 0
93 536875 G 20 0 0 62 0 536541 0 0 2 0 0 0 2 3 105 2 0 40 0 0 98
94 537607 G 17 0 0 55 0 537309 0 0 0 0 0 0 1 0 64 0 0 94 0 0 67
95 535371 P 209 0 0 9 0 0 102 2 0 55 0 2 534810 1 12 131 38 0 0 0 0
96 533037 I 1 0 0 0 0 0 0 532555 44 137 56 0 0 0 8 1 82 149 0 0 4
97 529345 Y 0 75 1 2 110 0 75 0 0 0 0 45 0 0 2 15 0 1 0 528903 116
98 528664 K 0 0 0 125 0 1 15 2 528024 5 54 160 2 6 197 4 15 1 0 9 44
99 524256 R 4 0 0 0 0 91 1 68 79 2 0 1 0 0 523853 49 21 32 0 0 55
100 521532 V 133 65 0 508 111 147 83 131 1 287 0 15 206 35 79 134 198 519310 0 88 1
101 523999 D 12 0 523495 115 0 62 32 2 1 0 0 73 9 0 0 2 2 53 0 139 2
102 520601 R 49 1 0 0 16 248 451 82 75 62 0 7 31 0 519471 41 35 0 0 8 24
103 524530 K 23 22 0 92 0 19 0 0 523843 26 22 108 1 4 192 6 48 87 0 0 37
104 523420 W 0 160 0 0 4 6 8 0 0 87 0 0 0 2 107 26 0 0 522847 0 173
105 519111 M 94 0 0 14 56 69 3 333 138 170 517921 1 2 4 20 22 113 149 0 2 0
106 511450 R 0 0 0 0 0 125 1 0 69 0 113 1 0 0 511002 66 17 3 52 0 1
107 507985 E 6 0 55 507341 0 100 1 0 310 0 0 2 1 26 1 6 0 30 1 0 105
108 508504 L 5 2 0 0 70 1 48 63 0 507980 22 1 185 2 12 6 91 16 0 0 0
109 506138 V 170 0 40 0 69 5 0 193 0 19 1 0 11 6 2 2 8 505609 0 1 2
110 502350 L 0 0 0 0 42 0 14 121 2 502037 0 0 80 0 9 0 13 32 0 0 0
111 500235 Y 2 88 4 0 118 0 172 203 0 39 0 8 0 61 0 41 84 55 1 499293 66
112 489547 D 12 6 488776 158 1 138 70 1 0 2 0 176 15 2 7 4 1 69 3 102 4
113 486607 K 0 0 0 74 0 0 1 36 486385 0 0 34 0 3 51 0 6 0 0 0 17
114 491264 E 13 0 33 490733 12 80 0 1 68 115 1 30 0 29 0 27 0 23 0 1 98
115 493742 E 2 0 28 493399 0 95 0 0 42 0 0 4 1 14 1 31 0 31 0 0 94
116 491995 I 1 0 0 0 2 0 0 491459 42 53 136 0 0 1 4 0 56 241 0 0 0
117 495111 R 8 0 0 0 0 104 1 32 78 20 139 0 0 54 494509 85 23 18 40 0 0
118 496137 R 0 14 0 0 0 18 1 0 2 126 0 0 28 84 495775 0 1 0 0 0 88
119 495550 I 24 168 0 1 16 0 0 495091 0 8 18 37 0 0 0 1 76 110 0 0 0
120 496996 W 0 86 0 0 0 13 0 0 0 113 0 0 0 0 162 16 0 0 496470 0 136
121 499281 R 18 165 0 0 7 38 202 0 10 122 0 0 39 6 498521 114 2 34 1 1 1
122 500565 Q 25 63 1 26 0 31 154 5 90 214 2 2 7 499415 80 29 50 306 0 0 65
123 497081 A 496500 1 108 0 0 60 0 4 0 1 1 0 23 0 5 176 110 82 1 0 9
124 501787 N 2 1 86 1 0 0 8 47 67 0 0 501474 3 10 3 63 7 1 0 9 5
125 509597 N 6 41 84 32 10 49 19 28 33 56 12 508862 3 2 74 144 66 1 26 43 6
126 506735 G 71 145 61 9 0 506059 10 5 9 105 0 2 4 28 39 127 10 47 1 2 1
127 509156 D 181 12 506890 224 2 173 80 40 0 138 0 136 3 23 138 306 61 609 0 139 1
128 510326 D 294 72 507703 172 34 562 60 0 4 55 1 468 22 7 152 330 130 95 0 157 8
129 517361 A 516481 0 1 115 2 42 2 1 1 1 2 6 13 0 38 321 166 156 0 0 13
130 520160 T 90 2 0 0 0 0 16 67 394 64 2 5 26 6 78 54 519314 33 0 7 2
131 523727 A 522485 0 136 0 0 18 75 0 0 0 0 15 431 1 0 440 71 53 0 1 1
132 517426 G 32 111 57 0 0 517058 0 0 0 0 0 8 0 0 20 62 0 78 0 0 0
133 513218 L 0 8 0 0 0 0 0 78 0 512786 122 1 149 23 16 2 0 33 0 0 0
134 510052 T 108 1 1 0 0 0 0 44 6 0 0 101 2 0 1 134 509642 6 0 0 6
135 512771 H 0 0 17 0 0 2 512240 1 0 67 0 135 11 147 95 3 0 0 0 53 0
136 519394 M 0 1 0 2 4 2 0 446 48 308 518302 0 1 0 7 3 72 192 0 0 6
137 522849 M 0 0 0 1 0 0 0 226 50 45 522341 5 0 0 4 1 80 96 0 0 0
138 520412 I 0 0 1 0 46 0 0 520152 0 14 21 29 0 0 0 0 72 77 0 0 0
139 522777 W 0 101 0 0 0 16 0 0 0 126 0 0 0 0 209 17 0 1 522064 0 243
140 523185 H 0 0 36 0 0 2 522721 1 0 36 0 134 4 43 83 1 0 0 0 121 3
141 525956 S 73 31 3 0 48 0 0 0 0 0 0 0 105 0 2 525556 31 0 0 107 0
142 521411 N 9 0 90 0 0 0 11 27 23 0 0 521159 0 0 0 56 4 0 0 26 6
143 522070 L 1 0 0 3 165 4 3 0 4 521708 37 3 1 1 0 98 1 5 1 0 35
144 525451 N 0 4 101 0 0 0 5 18 53 0 0 525087 0 0 0 100 9 14 0 54 6
145 520819 D 1 0 520437 50 0 61 35 0 0 0 0 73 0 0 0 0 0 39 0 123 0
146 519219 T 581 0 0 0 0 0 0 73 118 0 0 0 8 0 21 563 517854 1 0 0 0
147 519112 T 79 0 0 0 0 3 0 56 110 0 1 0 14 0 18 61 518770 0 0 0 0
148 515417 Y 0 63 2 0 49 0 71 0 0 0 0 27 0 0 0 3 0 0 0 515141 61
149 518134 Q 0 0 0 22 0 3 144 0 134 47 0 0 8 517562 132 1 0 0 19 1 61
150 514568 R 1 0 0 0 0 92 0 0 89 0 113 2 1 0 514147 86 18 1 18 0 0
151 513653 T 87 0 0 0 0 0 0 78 74 0 0 0 4 0 17 94 513299 0 0 0 0
152 514341 R 0 0 0 0 0 118 0 57 74 0 1 0 1 0 514004 15 16 0 0 0 55
153 516354 A 515939 2 109 0 0 15 3 0 1 17 0 2 17 0 12 106 69 59 0 0 3
154 520180 L 2 6 0 0 40 1 34 419 1 519386 0 0 71 6 8 2 0 199 0 1 4
155 519238 V 117 0 60 0 109 15 2 86 15 24 9 15 0 0 45 40 8 518685 1 0 7
156 519074 R 0 142 1 0 0 24 181 3 0 97 0 0 26 1 518461 132 4 0 0 0 2
157 519729 T 373 56 0 2 5 28 4 160 2 43 1 70 8 21 1 461 517814 678 0 2 0
158 518457 G 21 131 140 0 0 517769 1 1 0 9 0 4 0 4 25 238 9 76 0 4 25
159 516492 M 0 0 4 0 0 2 2 234 20 213 515799 0 2 0 17 4 76 119 0 0 0
160 521736 D 6 6 521378 53 1 91 17 1 0 0 0 57 2 0 0 0 4 22 1 96 1
161 521630 P 213 9 0 0 0 72 94 0 1 70 0 2 520044 27 46 913 118 21 0 0 0
162 525957 R 0 0 0 0 5 136 1 9 53 22 109 1 0 4 525406 151 21 12 20 0 7
163 526975 M 1 60 0 1 53 1 1 284 26 55 526312 0 0 0 3 0 54 123 0 0 1
164 527601 C 523 526138 0 0 128 38 2 1 3 1 1 41 1 8 86 109 16 158 16 166 165
165 523885 S 110 27 10 0 52 7 0 0 2 0 17 41 87 0 0 523380 58 0 0 90 4
166 524581 L 0 0 3 0 0 4 0 40 0 524142 173 0 116 45 8 1 24 22 0 0 3
167 530678 M 0 0 0 0 1 1 1 296 44 191 529965 0 0 0 6 0 87 79 0 0 7
168 532942 Q 58 0 0 18 0 0 156 0 122 46 0 0 11 532213 176 18 1 1 0 0 122
169 528573 G 35 112 55 0 0 528207 1 0 1 2 0 0 0 0 8 64 0 84 0 0 4
170 533637 S 3 0 3 0 2 4 0 0 0 172 0 0 59 1 1 533216 53 2 23 0 98
171 534676 T 112 62 0 0 0 4 0 50 1 2 0 100 3 4 0 74 534262 1 0 0 1
172 535200 L 4 0 0 0 16 0 48 187 0 534774 0 0 128 0 5 9 1 28 0 0 0
173 535391 P 38 3 2 2 1 1 154 0 1 60 0 0 534867 18 30 79 128 0 2 0 5
174 535579 R 0 0 0 0 0 87 0 4 56 1 121 0 1 1 535162 86 27 0 31 0 2
175 534331 R 0 0 0 0 0 83 0 0 256 1 108 0 5 0 533755 68 12 0 43 0 0
176 539841 S 17 10 1 0 40 0 0 0 0 0 0 0 82 0 0 539586 42 0 0 63 0
177 546485 G 21 0 0 59 0 546166 0 0 1 0 0 0 0 0 97 0 0 52 0 0 89
178 553658 A 552865 0 144 0 0 21 0 19 4 39 0 8 108 1 73 208 93 75 0 0 0
179 559943 A 559336 0 1 125 0 25 0 0 0 0 0 0 26 0 0 114 212 103 0 0 1
180 559524 G 8 68 64 0 0 559215 0 0 0 0 0 0 0 0 27 49 0 93 0 0 0
181 559221 A 558601 2 50 14 0 24 22 0 0 13 0 0 19 110 2 135 173 37 8 1 10
182 564076 A 562995 0 0 138 0 30 288 1 1 1 0 16 15 0 0 131 188 249 23 0 0
183 566165 V 112 0 63 3 125 4 0 86 0 19 0 0 0 0 1 4 12 565736 0 0 0
184 571823 K 0 1 0 101 0 0 1 47 571443 0 9 75 0 3 89 1 8 0 0 0 45
185 576363 G 20 4 1 64 0 575990 0 0 0 0 0 0 0 0 72 3 0 113 0 0 96
186 581399 V 72 0 45 0 98 14 0 146 0 10 14 2 2 8 1 7 23 580950 0 0 7
187 588205 G 114 1 2 109 0 587616 0 0 2 3 0 0 0 4 125 0 0 104 125 0 0
188 590587 T 156 0 0 11 1 0 0 83 85 1 0 3 15 0 21 143 590067 0 0 0 1
189 597753 M 32 157 1 0 0 75 2 378 44 101 596650 4 0 31 7 20 86 121 0 42 2
190 598215 V 288 62 2 73 0 124 0 0 0 88 71 0 1 0 0 144 21 597341 0 0 0
191 599318 M 0 44 0 1 0 2 3 215 48 93 598697 0 0 9 14 0 102 88 0 1 1
192 600134 E 3 1 132 599502 0 202 0 0 71 4 0 1 3 22 0 4 0 68 0 0 121
193 599433 L 30 36 2 0 163 41 0 1 0 598865 78 5 1 0 0 107 11 51 5 1 36
194 602612 I 4 3 0 0 0 0 0 601888 17 87 95 0 1 0 8 1 86 422 0 0 0
195 601676 R 5 0 0 0 0 112 4 4 78 1 166 1 1 0 601100 139 22 2 40 1 0
196 603442 M 7 0 0 0 0 38 0 251 59 51 602712 4 4 145 3 3 67 94 0 1 3
197 605193 I 33 0 0 0 57 5 0 604727 0 9 18 91 0 0 1 4 134 114 0 0 0
198 603674 K 0 0 0 112 0 2 0 8 603397 0 0 58 1 3 80 0 2 0 0 0 11
199 602703 R 1 96 0 0 0 24 167 0 2 114 0 0 19 0 602154 105 10 1 2 8 0
200 609218 G 16 1 0 74 0 608701 0 0 1 3 0 1 0 1 145 0 4 139 130 0 2
201 602768 I 2 0 1 4 57 2 1 602234 0 21 27 32 3 0 0 5 150 223 0 0 6
202 599950 N 1 0 157 4 2 7 7 114 59 119 1 599253 8 1 0 131 23 10 1 52 0
203 601340 D 2 0 600900 56 0 97 32 0 0 0 0 76 1 0 0 0 0 43 0 133 0
204 603783 R 0 0 0 0 0 17 0 4 0 129 0 0 24 176 603291 1 3 0 138 0 0
205 605581 N 0 649 122 0 2 7 5 35 55 0 2 604512 0 0 1 148 4 13 2 23 1
206 599785 F 2 2 0 0 599382 3 1 11 0 266 0 1 0 0 2 77 0 12 0 26 0
207 593782 W 0 135 0 0 38 7 0 0 0 131 0 3 0 0 194 23 0 0 593049 0 202
208 592431 R 0 0 0 1 2 174 0 130 60 0 0 0 2 0 591940 43 37 0 0 0 42
209 594908 G 19 113 87 1 0 594497 0 0 0 0 0 1 0 0 24 93 0 70 0 0 3
210 598748 E 5 0 68 598296 0 105 2 0 71 0 0 0 0 20 0 1 0 60 0 0 120
211 599745 N 1913 1044 143 1 40 3 70 734 35 2112 3 592215 3 145 9 458 453 214 78 72 0
212 602524 G 62 1 0 90 0 601977 1 0 0 1 0 0 0 0 171 11 1 95 0 0 114
213 601296 R 0 0 1 0 0 17 0 0 1 120 0 0 12 149 600830 1 8 0 0 0 157
214 597067 K 24 0 0 115 3 0 135 46 596373 0 0 23 1 20 248 0 15 0 0 41 23
215 594761 T 140 0 0 0 3 642 0 50 73 1 0 0 132 0 11 41 593663 5 0 0 0
216 592384 R 1 0 0 0 0 129 0 0 94 6 146 1 0 0 591876 82 23 0 26 0 0
217 589293 S 19 61 2 1 9 109 0 138 3 134 7 170 18 45 78 588266 155 75 0 0 3
218 585341 A 584654 0 139 0 0 27 0 0 0 0 0 0 10 0 0 148 301 62 0 0 0
219 590087 Y 0 82 11 0 41 0 104 0 0 3 0 17 0 0 0 5 2 0 0 589693 129
220 591956 E 0 0 167 591379 0 98 0 0 110 0 0 0 0 19 0 0 0 55 0 0 128
221 593487 R 0 0 0 1 0 101 0 113 138 0 0 1 0 0 593023 30 34 0 0 0 46
222 584221 M 3 0 1 0 58 125 1 209 54 60 583021 6 0 2 2 46 105 90 0 438 0
223 577245 C 1 576589 0 0 124 6 0 0 0 1 0 0 0 0 120 120 0 0 32 141 111
224 576536 N 2 1 103 4 0 0 7 69 113 0 2 576106 0 0 0 82 6 0 0 41 0
225 578637 I 0 0 1 0 41 0 0 578027 0 252 1 24 0 0 0 15 152 110 0 11 3
226 578486 L 0 0 0 0 39 0 75 133 0 578087 0 0 109 1 10 0 0 32 0 0 0
227 577568 K 0 0 0 98 0 0 0 38 577274 0 0 41 0 5 80 0 0 7 0 0 25
228 571244 G 68 1 0 66 0 570851 0 0 0 0 0 0 5 0 83 1 1 72 0 0 96
229 566349 K 0 0 0 109 0 0 0 16 566055 2 0 57 0 1 80 0 4 0 0 0 25
230 566349 F 0 4 0 0 566017 0 0 42 0 167 0 0 5 5 0 81 1 8 0 19 0
231 559788 Q 10 1 0 42 3 12 22 7 142 103 4 0 18 558934 380 1 41 1 0 0 67
232 554441 T 77 37 0 0 0 0 136 126 121 7 0 2 40 55 65 48 553727 0 0 0 0
233 551859 A 549870 39 134 0 1 12 70 0 0 67 0 62 184 0 2 131 1198 89 0 0 0
234 545324 A 543839 15 67 127 0 41 0 1 0 2 0 0 684 0 0 215 226 107 0 0 0
235 537245 Q 1 0 1 15 0 0 43 0 113 29 0 1 11 536874 83 0 0 0 0 0 74
236 531295 R 0 0 0 0 0 145 0 1 222 2 130 0 0 0 530649 96 23 0 26 0 1
237 526351 A 525236 0 0 115 0 344 0 1 1 27 40 8 17 0 16 272 144 125 3 2 0
238 515739 M 0 3 0 0 0 52 1 260 36 181 514934 8 0 85 8 11 66 93 0 0 1
239 506392 M 9 1 0 5 1 0 0 261 39 66 505646 0 0 2 6 8 86 262 0 0 0
240 494458 D 4 0 493665 315 0 132 12 0 0 0 0 108 0 0 0 84 0 39 0 99 0
241 478460 Q 0 0 2 34 0 0 36 1 110 40 0 0 11 478016 152 0 1 1 0 1 55
242 464765 V 135 14 0 51 0 8 0 10 0 92 104 1 1 0 3 6 0 464336 0 0 4
243 455872 R 11 4 0 0 24 93 3 95 416 17 0 0 1 0 455040 52 28 23 0 0 65
244 438334 E 0 0 50 438002 0 92 0 0 69 0 0 5 0 14 0 0 1 24 0 0 77
245 426835 S 7 13 0 0 0 343 0 48 0 0 0 50 167 0 48 426138 19 1 0 0 1
246 411297 R 0 1 0 0 0 8 0 1 28 69 0 0 14 156 410932 0 0 0 88 0 0
247 392840 N 9 1 68 0 3 4 2 26 64 17 6 392336 0 0 7 244 3 6 1 43 0
248 377300 P 7 9 0 0 0 0 0 0 0 54 0 0 377012 96 12 32 58 2 18 0 0
249 360507 G 9 0 0 47 0 360284 0 0 0 0 0 0 0 0 56 0 0 49 0 0 62
250 348498 N 17 2 70 0 1 1 5 17 27 2 0 348251 0 12 1 59 7 12 3 11 0
251 335987 A 335695 0 73 0 1 7 0 0 0 0 0 0 15 0 0 89 70 37 0 0 0
252 321654 E 6 0 76 321361 0 82 0 0 49 0 0 0 0 8 0 0 0 30 0 0 42
253 307610 I 0 2 0 0 18 0 0 307455 0 1 22 25 0 0 2 1 33 51 0 0 0
254 291350 E 2 0 26 291123 0 46 0 0 63 0 0 0 0 12 1 0 0 24 0 0 53
255 272872 D 3 0 272733 24 0 27 11 0 0 0 0 24 1 0 1 0 0 14 0 34 0
256 255373 L 0 14 0 0 23 0 26 31 0 255206 0 0 55 2 6 0 0 10 0 0 0
257 241321 I 0 0 0 0 7 0 1 241092 0 77 12 23 0 0 0 29 39 36 0 5 0
258 225315 F 0 4 0 0 225223 0 0 9 0 47 0 0 0 0 1 26 0 0 0 5 0
259 214218 L 0 1 0 0 0 4 0 0 0 214010 60 0 41 12 7 2 0 79 1 0 1
260 200070 A 199774 0 0 62 0 23 1 0 0 0 0 0 9 0 0 65 86 49 0 0 1
261 186695 R 0 0 0 0 0 9 0 0 0 34 0 0 6 44 186536 0 0 0 65 0 1
262 174120 S 18 14 0 0 23 1 1 0 0 1 0 0 30 0 1 173976 11 0 0 43 1
263 157044 A 156488 5 0 36 0 70 0 0 0 0 0 2 2 1 0 87 305 48 0 0 0
264 142637 L 4 1 0 4 37 6 23 44 0 142456 32 3 17 4 1 0 0 5 0 0 0
265 124912 I 19 5 0 0 0 0 0 124576 7 60 38 0 0 0 0 1 26 180 0 0 0
266 110916 L 0 0 0 0 27 0 0 25 0 110815 6 0 0 0 0 23 0 13 2 1 4
267 100398 R 0 0 0 0 0 28 1 20 110 0 0 1 0 0 100225 4 4 0 0 0 5
268 89008 G 1 0 0 16 0 88836 0 0 0 0 0 0 4 0 14 80 5 27 24 0 1
269 76380 S 13 0 0 0 0 3 0 0 0 10 0 0 6 0 0 76298 17 0 0 0 33
270 61992 V 6 0 5 0 5 1 0 6 0 7 0 0 0 0 0 0 1 61961 0 0 0
271 49932 A 49881 0 11 0 0 9 0 0 0 0 0 0 2 0 0 13 6 10 0 0 0
272 42363 H 0 0 0 0 0 0 42317 0 1 3 0 13 2 14 4 0 0 1 0 8 0
273 34220 K 0 0 0 4 0 0 0 3 34208 0 0 2 0 0 3 0 0 0 0 0 0
274 25118 S 0 0 0 0 1 0 0 0 0 0 0 0 2 0 0 25102 4 0 0 9 0
275 21683 C 10 21654 0 1 3 1 0 0 0 0 0 0 0 0 4 0 0 0 2 3 5
276 15961 L 0 0 0 0 0 0 0 0 0 15952 7 0 0 1 1 0 0 0 0 0 0
277 13357 P 9 0 0 0 0 1 35 0 0 26 0 0 13239 0 9 33 5 0 0 0 0
278 12507 A 12354 4 36 0 0 32 0 1 0 3 2 3 2 0 2 22 30 16 0 0 0
279 11251 C 0 11167 0 0 3 0 0 0 0 0 0 0 0 0 77 0 0 0 1 1 2
280 14866 V 0 4 0 5 0 2 0 2 0 4 5 0 0 0 0 0 0 14844 0 0 0
281 19101 Y 0 3 0 0 5 0 3 0 0 0 0 0 0 0 1 0 0 0 0 19084 5
282 14620 G 36 0 0 8 0 14559 0 0 0 0 0 0 0 0 8 1 0 3 0 0 5
283 37404 P 75 7 0 0 48 184 25 1 18 59 14 1 36765 4 27 103 43 28 0 1 1
284 49914 A 49611 0 46 0 0 11 5 0 0 0 6 0 26 0 0 47 70 92 0 0 0
285 57545 V 13 19 0 4 0 4 7 29 0 39 0 0 0 0 0 1 2 57427 0 0 0
286 67729 A 67670 0 13 0 0 10 3 0 1 0 0 0 5 0 7 7 4 9 0 0 0
287 76527 S 0 12 0 0 0 14 0 5 0 0 0 25 0 0 21 76435 15 0 0 0 0
288 87941 G 4 16 9 0 0 87883 0 0 0 0 0 0 0 0 1 17 0 11 0 0 0
289 104033 Y 0 13 0 0 7 0 47 51 5 0 6 5 0 0 12 1 0 0 0 103867 19
290 121534 D 1 0 121409 32 0 25 2 0 0 0 0 21 4 0 1 5 7 5 0 22 0
291 137045 F 0 3 0 0 136942 0 0 4 0 59 0 0 0 1 0 29 0 0 0 7 0
292 151104 E 11 0 5 150901 1 45 1 2 41 1 0 0 3 4 8 15 7 21 0 0 38
293 162072 K 0 0 0 14 0 1 0 9 161979 2 0 14 0 1 27 1 14 3 0 0 7
294 177180 E 98 5 48 176575 9 64 41 0 19 1 0 64 0 17 52 76 65 11 0 0 35
295 192682 G 2 0 0 28 0 192578 0 0 1 0 0 0 0 0 28 0 0 23 0 0 22
296 210365 Y 0 35 2 0 17 1 30 0 0 2 0 28 0 0 0 4 0 0 0 210196 50
297 226608 S 1 10 0 0 9 4 0 0 0 0 0 0 31 0 0 226465 21 0 0 67 0
298 246495 L 0 0 0 0 18 0 0 7 0 246434 0 0 3 0 0 26 0 1 0 0 6
299 265446 V 31 0 0 35 0 3 0 0 4 62 20 0 1 0 0 0 0 265290 0 0 0
300 279324 G 12 0 0 58 0 279105 0 0 0 1 0 0 0 2 55 0 0 46 0 0 45
301 290865 I 20 0 1 0 13 3 63 290235 26 40 111 1 5 1 145 55 50 61 0 35 0
302 308535 D 86 4 308142 51 1 47 14 0 1 1 0 57 2 5 6 26 0 31 5 56 0
303 327179 P 10 0 0 0 0 0 71 1 1 24 0 0 326977 0 14 24 53 0 1 0 3
304 341043 F 7 21 0 2 340517 3 0 84 0 222 3 0 12 3 0 88 12 27 0 40 2
305 353803 K 7 4 1 45 1 3 0 30 353541 7 3 28 0 9 89 3 4 7 0 1 20
306 367280 L 9 6 0 0 0 0 0 0 0 367049 68 0 61 41 5 0 5 34 0 0 2
307 385272 L 0 10 0 2 46 1 17 64 0 384915 1 0 72 120 9 0 0 10 0 5 0
308 403248 Q 83 251 0 22 0 13 40 18 92 55 13 4 10 402372 102 104 19 7 1 0 42
309 417278 N 106 1 53 3 5 146 11 53 107 20 1 416403 5 9 43 164 106 31 2 8 1
310 433595 S 69 59 0 0 0 97 2 84 3 3 0 88 2 1 111 432743 158 33 0 142 0
311 446807 Q 13 0 0 20 0 1 18 1 98 49 0 45 10 446176 151 111 3 33 0 1 77
312 464076 V 48 6 0 40 0 6 4 72 0 199 34 0 0 0 5 0 35 463627 0 0 0
313 480890 Y 4 90 3 0 42 3 67 6 0 5 0 36 0 0 1 16 0 14 0 480475 128
314 497230 S 1 351 0 1 1 145 0 124 0 2 0 64 2 0 124 496368 26 20 0 0 1
315 510093 L 4 0 7 0 1 4 0 113 1 509740 2 0 120 47 16 3 1 31 0 0 3
316 523815 I 0 16 0 0 41 32 0 523465 0 53 17 36 0 0 0 4 75 72 0 0 4
317 532866 R 10 1 0 0 0 212 0 109 61 0 0 0 0 0 532385 30 32 0 0 0 26
318 543419 P 100 16 1 0 3 13 88 10 18 161 0 3 542620 136 35 136 62 17 0 0 0
319 553703 N 40 12 79 0 2 232 22 29 123 47 3 552818 0 6 45 123 70 12 0 36 4
320 562782 E 6 0 139 562234 0 97 0 0 93 0 0 0 0 23 0 0 0 55 0 0 135
321 566683 N 12 0 87 0 0 2 3 33 189 0 0 565966 0 1 141 134 21 55 1 37 1
322 570413 P 85 3 0 0 0 57 7 0 6 101 0 19 569735 96 26 144 134 0 0 0 0
323 573873 A 572814 2 2 146 3 116 37 2 0 22 0 15 22 12 60 169 120 270 0 9 52
324 579179 H 2 1 10 0 0 0 578649 0 0 81 0 135 15 114 73 3 0 0 0 95 1
325 579749 K 0 0 0 131 0 0 1 0 579280 0 36 130 0 4 128 0 19 0 0 0 20
326 579285 S 1 46 0 0 0 81 1 63 0 0 0 74 0 0 69 578930 20 0 0 0 0
327 576458 Q 0 0 0 32 0 0 189 0 124 35 0 0 12 575804 179 3 0 0 2 0 78
328 571021 L 1 0 0 0 0 0 0 66 2 570648 145 0 78 33 10 0 0 34 0 0 4
329 570003 V 61 0 0 42 1 14 0 28 3 105 49 0 5 1 0 1 0 569692 0 0 1
330 573416 W 0 140 0 0 0 12 0 0 0 130 4 0 0 0 91 20 0 1 572844 0 174
331 570010 M 2 0 1 0 0 3 1 280 53 175 569309 0 0 8 7 4 65 101 1 0 0
332 569281 A 568660 0 0 138 0 27 0 1 5 0 0 0 26 0 0 133 159 123 0 0 9
333 569847 C 40 569048 0 0 140 10 0 0 0 3 0 9 0 1 198 85 8 17 30 138 120
334 566913 N 2 154 101 0 3 21 27 21 27 4 1 566313 0 0 0 157 15 0 0 66 1
335 562971 S 47 32 5 1 50 2 0 1 0 0 1 0 85 3 0 562559 36 0 0 149 0
336 560378 A 559464 0 149 0 1 118 0 0 0 140 0 2 16 0 0 180 232 76 0 0 0
337 558125 A 557559 4 3 128 0 31 0 0 0 2 0 0 25 0 0 168 125 79 0 0 1
338 557314 F 0 4 1 0 557009 26 7 44 0 96 0 5 10 0 0 78 0 3 0 28 3
339 558239 E 5 0 140 557662 0 134 0 0 72 0 0 0 0 44 0 0 0 45 0 0 137
340 551720 D 3 0 551316 36 0 64 16 0 1 3 0 107 0 0 0 16 0 51 0 107 0
341 549783 L 0 1 0 0 0 3 0 111 2 549361 0 0 119 44 6 0 0 136 0 0 0
342 548811 R 38 0 0 0 0 98 2 105 85 1 2 0 0 59 548308 43 36 1 0 0 33
343 547245 V 58 0 0 37 0 5 0 163 0 327 4 9 1 0 0 0 1 546640 0 0 0
344 548056 L 0 0 0 0 46 6 0 33 1 547816 2 0 1 0 0 62 0 8 0 0 81
345 551874 S 52 55 10 0 0 107 0 100 0 0 0 58 0 0 160 551298 27 0 6 0 1
346 552479 F 0 18 0 0 551837 2 3 67 1 313 32 0 0 1 1 106 1 51 0 46 0
347 550194 I 0 21 0 0 46 1 0 549876 0 4 28 49 0 0 0 6 55 108 0 0 0
348 546142 R 0 0 0 0 0 136 0 123 98 3 0 0 0 0 545659 45 32 3 0 0 43
349 549938 G 28 0 0 91 0 549591 0 0 0 0 0 0 0 0 83 0 0 61 84 0 0
350 551714 T 215 57 0 0 1 225 0 83 17 6 33 45 5 10 8 243 550748 1 6 0 11
351 551727 K 1 0 0 59 7 0 0 27 551415 12 0 48 0 4 95 1 5 0 0 0 53
352 551593 V 76 0 0 39 0 4 0 112 0 124 0 0 0 2 0 8 5 551218 0 5 0
353 558915 S 0 15 1 0 90 0 0 89 0 7 0 0 403 0 6 558161 37 0 14 92 0
354 558770 P 49 4 0 3 0 13 0 0 1 65 0 6 558278 110 53 62 114 0 1 1 10
355 557406 R 0 0 0 0 0 88 0 0 115 0 154 0 0 0 556886 106 13 0 44 0 0
356 561742 G 13 0 1 68 0 561433 0 0 0 0 0 0 0 0 79 0 0 65 83 0 0
357 555852 K 0 0 0 126 0 0 6 29 555483 5 0 73 0 4 90 0 4 0 0 0 32
358 558710 L 0 0 0 0 53 0 24 39 0 558463 0 0 116 0 4 0 4 7 0 0 0
359 566270 S 168 48 0 7 64 9 0 3 328 47 0 0 125 72 96 565100 76 8 0 118 1
360 574788 T 76 6 1 0 0 1 2 48 1 0 0 133 9 0 0 82 574383 46 0 0 0
361 568311 R 1 0 0 0 0 69 0 117 68 23 0 0 3 0 567919 30 40 0 0 0 41
362 573887 G 23 0 0 44 0 573493 0 0 0 0 0 0 0 0 75 0 0 129 0 0 123
363 576416 V 111 0 0 38 1 3 0 535 0 206 4 0 1 0 1 0 4 575512 0 0 0
364 580059 Q 4 83 1 11 54 4 55 71 80 49 1027 40 9 578368 68 33 19 22 0 0 61
365 583966 I 0 0 0 0 37 0 1 583714 0 12 5 34 0 0 1 3 74 85 0 0 0
366 590263 A 589771 0 128 0 0 18 0 0 0 0 0 0 19 0 0 181 68 77 1 0 0
367 591219 S 132 0 0 0 0 63 54 0 1 72 0 12 84 1 1 590556 87 2 2 0 152
368 586581 N 19 1 63 0 0 35 4 28 54 89 7 585723 5 30 6 102 365 1 0 49 0
369 589635 E 5 0 13 589247 0 86 0 0 95 0 0 0 0 36 0 1 3 45 0 0 104
370 587889 N 0 12 161 54 0 11 45 70 109 78 1 587049 23 3 22 96 119 0 0 36 0
371 590676 M 1 108 0 0 0 0 1 352 46 110 589815 0 0 0 8 0 70 165 0 0 0
372 593587 D 4 0 593007 175 3 131 51 0 0 6 0 92 4 0 0 13 0 37 0 62 2
373 595316 A 594326 87 150 0 12 24 0 24 14 4 0 5 168 0 23 181 181 107 5 1 4
374 596947 M 0 4 0 0 0 0 0 342 50 106 596267 0 1 0 7 0 83 87 0 0 0
375 594619 E 10 1 45 594114 0 155 0 2 73 3 0 0 0 19 0 7 6 59 0 0 125
376 594769 S 68 139 16 0 0 55 0 0 0 56 0 5 76 0 0 594002 31 175 0 0 146
377 589750 S 66 56 0 1 33 189 8 77 0 24 16 101 0 0 85 588956 61 74 3 0 0
378 586292 T 122 0 0 0 0 2 0 44 0 20 0 91 4 3 10 133 585856 7 0 0 0
379 587224 L 0 13 0 0 42 2 49 143 0 586649 20 0 136 1 11 0 6 142 2 6 2
380 582233 E 5 0 48 581767 0 87 0 0 100 4 0 0 0 23 0 16 3 62 0 0 118
381 581220 L 3 0 4 0 0 0 2 11 0 580917 106 0 126 23 16 0 0 10 0 0 2
382 579679 R 0 0 1 0 0 172 0 31 68 0 1 23 5 0 579261 57 15 0 0 0 45
383 579339 S 88 62 0 0 0 85 9 141 0 0 0 91 0 2 179 578598 54 30 0 0 0
384 577679 R 5 1 0 1 0 258 0 8 195 6 99 0 0 5 576982 51 14 0 52 0 2
385 575854 Y 14 71 6 2 47 5 98 4 0 1 0 72 0 1 11 4 5 0 0 575419 94
386 575857 W 2 93 0 0 0 12 0 0 0 118 0 1 0 2 170 16 0 0 575236 0 207
387 572904 A 572388 0 96 4 1 52 0 0 0 0 0 0 31 0 0 103 115 114 0 0 0
388 566852 I 0 0 0 0 0 2 0 566448 28 70 163 0 0 0 2 0 62 76 0 1 0
389 566401 R 0 0 0 1 0 88 0 112 99 0 0 0 0 0 566005 41 18 0 5 0 32
390 563590 T 77 0 0 0 0 0 0 45 0 1 0 46 5 2 1 50 563350 11 0 0 2
391 567973 R 0 0 0 0 0 154 0 71 78 0 0 5 0 0 567565 38 19 0 0 0 43
392 566815 S 1 21 0 0 0 91 1 92 0 1 0 62 0 0 62 566481 3 0 0 0 0
393 570375 G 29 0 0 46 0 569924 0 0 0 0 0 0 0 0 133 0 0 125 0 0 118
394 569435 G 24 0 0 72 0 569024 0 0 0 0 0 0 0 0 92 0 0 114 1 0 108
395 565819 N 15 0 109 0 1 10 23 43 175 0 0 564998 0 37 203 130 41 0 1 32 1
396 562620 T 387 71 0 1 75 14 120 96 64 363 2 126 67 93 6743 238 553973 174 2 11 0
397 562169 N 4 3 88 0 92 35 13 98 540 56 0 560836 10 1 228 89 31 3 28 12 2
398 557145 Q 32 1 0 37 0 18 76 8 540 54 0 2 24 553414 2831 5 3 33 1 13 53
399 553463 Q 119 3 0 36 182 181 247 32 226 117 7 0 300 541020 10795 61 25 49 1 1 61
400 549822 R 1 0 0 1 0 193 0 1 138 14 58 0 0 0 549297 69 8 0 42 0 0
401 551870 A 533354 9 90 0 0 48 193 1 396 1 5 0 49 3 17250 192 166 110 0 3 0
402 549808 S 49 38 0 0 51 8 353 0 263 0 1 0 165 192 1232 547241 82 90 0 43 0
403 546353 A 544724 3 0 122 0 37 2 0 19 1 1 155 35 43 235 160 457 356 2 1 0
404 547026 G 324 174 88 0 0 546013 0 0 1 0 0 0 0 1 20 320 0 84 1 0 0
405 556376 Q 1 0 0 24 0 0 33 0 81 28 0 0 8 556050 73 0 0 0 0 0 78
406 553167 I 3 1 0 0 29 0 0 552752 0 8 11 39 0 3 58 39 156 68 0 0 0
407 558966 S 134 335 0 0 0 144 0 104 0 0 0 66 0 13 81 558052 24 2 0 11 0
408 560062 V 162 14 0 75 0 6 0 1 0 153 118 0 0 0 0 0 2 559531 0 0 0
409 561788 Q 106 79 0 35 0 8 208 67 91 32 8 13 3 560167 85 133 295 80 110 39 229
410 561365 P 361 6 0 0 0 4 140 0 0 41 19 0 560619 0 17 89 52 17 0 0 0
411 568344 A 566995 6 0 124 0 30 0 0 0 1 0 0 28 0 17 575 406 162 0 0 0
412 573554 F 0 5 0 7 573102 0 0 75 1 234 34 0 1 0 0 72 0 12 0 8 3
413 577089 S 1 14 1 0 49 1 1 0 2 0 0 0 66 0 2 576809 30 0 0 113 0
414 579604 V 137 12 0 78 0 13 0 1 0 362 244 0 0 0 0 27 36 578694 0 0 0
415 585606 Q 173 2 1 44 29 220 43 13 163 200 56 0 22 580869 882 2284 121 381 18 1 84
416 586703 R 0 0 0 0 0 163 0 72 52 1 0 0 0 0 586302 47 32 0 2 0 32
417 590546 N 36 2 102 0 3 359 316 216 142 562 0 587827 64 74 530 98 96 83 3 30 3
418 595156 L 1 204 0 2 59 7 43 151 0 594052 162 0 171 0 7 0 0 297 0 0 0
419 597371 P 73 10 0 0 0 0 1 0 0 70 0 0 596872 124 24 65 104 28 0 0 0
420 597140 F 369 10 0 0 595382 2 5 75 0 364 15 0 0 0 2 363 10 462 0 81 0
421 602230 D 838 2 591987 127 7 141 380 656 65 1764 231 860 0 87 233 2509 105 2055 0 183 0
422 602103 K 42 0 4 113 72 539 198 42 600193 106 62 126 0 55 373 102 19 8 0 23 26
423 598562 P 127 12 1 9 7 1377 111 4 110 92 6 218 588218 240 7441 465 117 2 1 3 1
424 597587 T 273 74 52 37 22 1 122 650 0 117 4 123 5 22 34 250 595735 37 29 0 0
425 598761 I 34 84 0 1 47 0 0 597765 8 10 37 82 0 0 3 7 143 538 0 1 1
426 592308 M 54 6 1 5 0 1 2 646 49 226 590678 11 0 13 13 3 340 258 1 0 1
427 589852 A 585276 1069 8 155 0 507 444 47 8 199 0 74 43 23 85 432 729 677 0 76 0
428 580027 A 577993 226 2 149 8 48 24 0 15 1 0 150 13 10 2 649 606 126 0 5 0
429 571573 F 0 25 0 0 569198 0 2 28 0 311 0 0 0 0 1 91 0 11 0 1885 21
430 562277 T 146 47 0 0 1 745 19 53 17 66 40 155 221 1 614 510 559594 31 17 0 0
431 550818 G 120 27 1 84 210 549375 127 29 1 111 0 0 1 55 138 120 0 223 190 6 0
432 540769 N 86 155 109 1 146 49 106 60 127 72 0 538000 66 605 182 188 553 28 4 232 0
433 532809 T 143 12 20 50 35 182 1 330 136 314 73 0 12 77 60 88 531215 49 5 5 2
434 520613 E 89 8 126 519519 0 167 1 6 87 78 13 13 34 56 11 15 12 236 2 0 140
435 506932 G 21 0 0 112 0 506515 0 0 0 0 0 0 0 0 93 0 0 107 0 0 84
436 493656 R 2 0 0 0 0 103 0 96 73 3 0 2 0 0 493282 35 19 0 1 0 40
437 476831 T 91 8 42 0 2 0 1 63 76 0 0 0 15 0 19 78 476432 3 0 0 1
438 463895 S 147 0 1 1 0 2404 142 0 2 80 6 997 99 5 1 459843 32 2 0 4 129
439 452151 D 1 0 451751 101 0 96 22 0 0 3 0 52 0 0 2 0 0 28 0 93 2
440 438288 M 31 2 0 2 2 52 3 216 40 46 435413 2 0 5 8 36 50 79 24 2274 3
441 425168 R 0 1 0 1 0 109 0 0 52 0 126 0 0 0 424748 80 20 0 31 0 0
442 411225 A 408531 14 4 103 2 42 1 135 14 49 1 40 12 0 1 750 1186 328 12 0 0
443 400213 E 4 0 42 399947 0 58 0 0 55 0 0 1 0 17 0 2 4 15 0 0 68
444 387303 I 0 9 0 0 10 0 0 387026 0 7 1 23 0 2 0 7 70 148 0 0 0
445 371700 I 0 1 0 0 0 11 0 371355 25 33 104 0 0 0 4 0 89 77 0 0 1
446 356205 R 118 30 99 160 3 200 34 15 203 18 110 16 44 38 354668 271 123 34 20 0 1
447 342423 M 33 20 2 15 9 17 33 226 38 74 341421 10 0 39 218 56 97 113 0 2 0
448 327122 M 8 0 0 0 0 1 0 140 35 191 326609 0 0 0 4 0 58 76 0 0 0
449 309296 E 1 0 30 309020 0 89 0 1 33 3 0 0 2 18 0 12 1 27 0 0 59
450 294833 G 14 95 64 0 1 294106 2 16 25 50 0 4 3 0 12 104 226 104 7 0 0
451 277600 A 273068 3 2 72 776 576 137 45 80 140 6 1 17 48 203 99 178 189 0 1959 1
452 258855 K 2 0 0 43 0 35 1 19 258548 31 0 51 25 4 36 2 11 38 0 0 9
453 241268 P 115 132 0 0 1 404 0 0 1 265 0 17 239505 118 217 72 91 4 326 0 0
454 227376 E 217 13 47 224578 220 481 1 1 42 1021 0 3 18 11 7 426 28 133 0 61 68
455 205626 E 18 217 25 203932 8 195 32 310 30 111 5 87 17 45 156 77 46 249 2 10 54
456 187521 M 124 66 0 0 71 99 2 61 156 43 185779 1 0 10 718 247 21 57 27 38 1
457 175682 S 12 14 2 0 19 134 0 0 0 6 0 30 29 29 6 175320 46 0 0 35 0
458 164996 F 0 1 0 0 164819 0 0 9 0 104 0 0 0 0 0 26 0 1 13 22 1
459 154911 Q 45 1 4 17 49 96 73 1 90 19 1 0 17 151840 2588 19 22 7 0 0 22
460 143484 G 117 14 0 30 0 142915 1 0 29 2 0 3 0 2 277 39 16 36 2 1 0
461 134839 R 1 0 0 0 0 10 0 0 0 58 0 0 5 69 134651 0 1 0 44 0 0
462 126901 G 15 0 0 31 1 126755 0 0 0 1 0 0 0 0 50 0 0 24 0 0 24
463 111926 V 18 3 5 0 23 7 0 34 0 7 0 0 0 0 0 1 0 111827 0 1 0
464 368930 F 0 1 0 1 368586 0 0 45 0 188 0 0 8 0 0 64 1 6 0 30 0
465 379540 E 1 0 121 379155 0 77 0 0 66 0 0 0 0 26 0 0 0 14 2 0 78
466 401849 L 12 7 3 3 312 15 731 226 61 399675 79 46 172 110 11 21 81 150 130 4 0
467 428598 S 1 1 0 4 3 89 3 8 65 104 7 2 56 0 22 428008 131 4 15 4 71
468 444288 D 1 0 443895 67 0 118 25 0 0 0 0 69 0 0 0 1 6 26 0 80 0
469 475641 E 19 0 34 474996 1 105 0 78 94 7 0 0 0 59 1 13 6 85 2 0 141
470 499192 R 0 0 0 0 0 91 0 0 136 0 158 0 0 0 498671 101 13 0 22 0 0
471 524679 A 524245 0 0 83 0 25 0 0 1 0 0 0 17 0 0 90 71 147 0 0 0
472 555555 A 554526 1 0 100 0 21 15 0 0 0 1 0 31 0 0 163 473 224 0 0 0
473 574316 N 11 80 63 2 0 1 123 41 103 5 0 573517 0 4 112 186 22 5 9 32 0
474 595434 P 671 0 0 1 0 0 0 0 0 121 0 0 594078 122 268 70 100 0 3 0 0
475 611488 I 0 1 0 0 37 1 0 611198 0 7 13 53 0 0 1 4 68 105 0 0 0
476 613924 V 580 0 0 52 0 70 0 0 0 269 265 0 2 1 30 0 1 612654 0 0 0
477 625463 P 19 0 0 0 0 0 77 0 0 59 0 0 625109 0 21 87 91 0 0 0 0
478 637516 S 1 27 0 0 51 0 0 8 11 59 0 0 122 0 16 637088 25 25 2 81 0
479 647393 F 1 123 1 0 646647 17 4 57 0 256 0 22 29 2 52 66 16 35 0 65 0
480 649355 D 8 0 647721 169 4 163 90 0 45 10 0 144 73 25 218 387 10 108 0 180 0
481 657558 M 0 6 1 0 5 19 0 364 44 56 656655 0 0 1 130 1 120 155 0 1 0
482 653439 S 0 62 0 0 0 113 0 142 1 0 0 134 0 0 79 652842 66 0 0 0 0
483 665165 N 0 0 90 0 0 1 25 45 272 0 0 664640 0 3 2 49 5 0 0 33 0
484 665745 E 20 0 51 664931 0 80 0 0 62 14 0 0 30 39 0 0 115 226 0 0 177
485 665345 G 40 31 0 60 37 664107 13 3 8 2 0 0 4 0 702 2 0 179 2 0 155
486 664427 S 4 14 0 0 39 0 0 0 0 0 0 0 86 0 0 664183 43 0 0 58 0
487 663425 Y 0 64 1 0 35 0 146 1 0 1 0 9 0 0 0 1 0 0 1 663111 55
488 659980 F 0 2 0 0 659554 0 0 55 0 240 0 0 0 0 0 73 1 1 0 54 0
489 661073 F 0 3 0 0 660670 0 0 22 0 262 0 0 0 0 0 69 0 8 0 39 0
490 659151 G 34 0 0 52 0 658574 0 0 0 0 0 0 0 0 192 0 0 148 0 0 151
491 659663 D 9 0 659042 104 0 169 32 1 0 0 0 69 0 0 2 0 0 73 16 145 1
492 657953 N 0 0 101 0 1 5 3 34 72 1 0 657458 0 0 128 102 12 0 0 36 0
493 657494 A 656503 0 0 134 0 67 1 0 1 0 0 0 30 13 0 189 354 202 0 0 0
494 657009 E 16 0 190 656263 0 179 8 0 114 0 8 0 4 39 0 1 0 34 0 0 153
495 654141 E 4 0 321 653285 0 142 0 0 82 2 0 0 16 28 34 30 0 64 0 0 133
496 622338 Y 5 182 6 0 230 1 113 3 0 1 0 58 0 1 17 12 0 19 1 621571 118
497 645227 D 1363 214 637105 128 1 1133 45 145 44 55 892 591 0 0 63 270 664 2318 10 137 49
498 635487 N 173 52 81 1 14 653 76 343 2238 76 137 624318 25 49 4956 816 964 220 26 50 219
