# amino-acid counts among definitively called codons
# POSITION TOTAL_COUNTS WT N_A N_C N_D N_E N_F N_G N_H N_I N_K N_L N_M N_N N_P N_Q N_R N_S N_T N_V N_W N_Y N_STOP
1 1429584 M 0 0 0 0 0 0 0 562 148 126 1428279 0 0 0 22 0 199 248 0 0 0
2 1431974 A 1430527 0 1 293 0 61 0 0 0 0 0 0 38 0 0 179 111 764 0 0 0
3 1435012 S 259 59 2 2 285 0 284 121 4 599 29 738 348 118 10 1431173 699 1 0 281 0
4 1438620 Q 641 92 31 74 1881 128 226 970 566 1339 271 1628 48 1425227 300 1660 2510 489 12 318 209
5 1441951 G 173 398 217 0 0 1440230 0 0 0 0 0 0 10 0 330 386 2 201 0 4 0
6 1444782 T 296 0 0 0 0 0 0 117 2 0 0 155 12 0 0 165 1444035 0 0 0 0
7 1448750 K 0 0 0 157 0 0 0 94 1448088 0 0 160 0 14 178 1 8 0 0 0 50
8 1454796 R 0 0 0 0 0 54 0 0 0 294 0 0 49 234 1453864 0 3 0 297 0 1
9 1455219 S 117 91 0 0 119 0 0 0 0 34 2 7 224 13 21 1453972 253 0 0 366 0
10 1456156 Y 16 222 42 27 104 7 661 12 0 54 0 51 53 8 0 44 15 55 1 1454587 197
11 1452772 E 17 0 137 1451454 0 274 0 0 289 1 0 0 0 117 0 0 0 134 0 1 348
12 1449489 Q 489 112 25 102 8 23 875 28 1490 394 54 47 42 1442454 559 2058 435 32 0 25 237
13 1435236 M 0 0 0 1 0 8 1 515 145 140 1433996 0 0 0 20 4 188 210 0 5 3
14 1416003 E 13 0 84 1411499 0 307 3 11 190 0 0 0 2 62 3507 0 1 84 0 0 240
15 1406125 T 195 0 0 2 0 1 73 114 0 44 0 273 40 8 1 139 1405232 3 0 0 0
16 1393562 D 8 0 1392231 201 0 261 99 0 1 0 0 174 0 2 0 0 151 114 0 320 0
17 1364082 G 124 23 1 194 0 1362382 0 6 183 4 0 21 115 47 275 84 75 240 308 0 0
18 1343359 E 242 5 202 1340136 1 433 50 95 384 50 1 43 925 157 9 49 110 231 0 18 218
19 1308798 R 1 328 1 0 0 59 486 0 21 263 0 0 85 0 1307319 232 1 0 0 0 2
20 1278381 Q 1 0 0 77 0 4 383 0 242 119 0 0 3005 1273867 442 1 1 0 0 0 239
21 1239179 N 6 6 166 0 0 56 60 96 277 31 2 1235490 11 22 423 900 1551 7 0 73 2
22 1186315 A 1181819 2 0 297 0 75 58 4 182 2 0 5 143 1 1695 576 591 853 1 0 11
23 1153160 T 323 0 0 1 6 147 104 68 17 39 0 408 8 40 40 2683 1149230 22 0 12 12
24 1110629 E 66 0 314 1108571 8 197 0 7 209 27 44 7 0 394 12 2 178 309 0 1 283
25 1046163 I 0 0 7 0 79 1 2 1045597 0 9 66 79 12 0 14 8 123 149 0 0 17
26 988807 R 0 0 0 1 0 266 0 263 133 1 9 0 2 0 987909 52 75 0 0 0 96
27 930203 A 928709 2 0 277 1 38 11 4 92 12 1 0 26 6 277 317 148 282 0 0 0
28 900077 S 98 165 6 0 77 655 26 2 402 1 3 2070 171 8 44 896105 66 11 0 160 7
29 871693 V 118 1 68 0 166 7 0 651 0 20 0 0 1 0 0 1 0 870660 0 0 0
30 437352 G 16 1 0 55 0 436809 0 0 1 0 0 98 1 0 158 1 0 89 122 0 1
31 436603 K 2 9 0 75 0 0 0 0 436123 5 31 143 1 4 155 0 13 0 0 0 42
32 435503 M 0 0 0 0 0 1 1 204 31 35 435116 0 0 0 2 0 50 62 1 0 0
33 452577 I 0 5 1 0 40 1 0 452248 0 17 4 35 0 0 2 7 66 149 0 0 2
34 469041 D 492 4 466788 59 61 513 75 130 2 291 14 102 0 6 18 87 23 216 0 157 3
35 488512 G 53 0 0 49 0 488051 0 0 1 9 0 0 1 0 116 0 0 115 0 1 116
36 508758 I 0 0 13 0 20 0 0 508529 0 12 5 26 1 0 2 2 55 87 0 0 6
37 527265 G 31 0 0 64 0 526848 1 1 3 0 0 0 0 0 102 2 0 78 0 0 135
38 549211 R 5 2 0 0 0 21 2 0 0 147 0 0 23 102 548764 3 5 0 0 0 137
39 567733 F 79 28 0 2 567010 0 0 39 0 235 72 1 135 7 0 56 10 15 2 39 3
40 587493 Y 2 96 4 0 49 0 283 0 0 0 0 48 0 0 5 13 0 0 0 586823 170
41 605827 I 45 15 0 3 42 93 5 604484 5 634 55 74 1 21 10 37 213 88 0 2 0
42 624730 Q 2 0 0 35 0 5 25 0 123 45 0 0 12 624311 86 0 4 0 0 11 71
43 644993 M 2 0 0 0 0 0 1 288 43 55 644321 138 0 0 5 1 66 73 0 0 0
44 669665 C 8 668818 0 0 174 17 0 0 0 51 0 1 0 0 107 128 33 35 45 96 152
45 687790 T 145 138 0 0 1 0 24 80 2 12 0 150 9 0 37 97 686848 240 3 1 3
46 703211 E 9 1 65 702625 0 117 1 30 90 4 0 0 0 35 3 1 3 30 0 1 196
47 720523 L 0 14 0 0 56 0 22 150 0 720140 2 0 97 3 11 1 3 16 0 0 8
48 735547 K 2 0 1 87 3 0 1 19 735118 5 0 91 2 8 107 9 18 4 0 1 71
49 743366 L 2 2 1 0 77 8 28 140 2 742908 7 1 122 10 10 2 0 30 1 0 15
50 752877 S 1159 739 44 38 0 1681 57 119 30 25 0 170 262 157 231 747647 492 23 1 0 2
51 766191 D 210 0 764816 89 0 178 42 12 0 39 3 209 97 0 19 11 184 85 0 197 0
52 782189 Y 10 129 6 0 83 59 108 9 4 32 0 22 11 1 4 238 208 7 9 781165 84
53 796847 E 17 2 234 795898 0 208 4 0 96 9 2 0 7 54 2 12 3 75 0 0 224
54 808201 G 298 0 0 132 0 807174 10 1 2 2 3 10 6 4 191 66 22 121 159 0 0
55 813776 R 1 2 0 2 3 68 9 2 5 226 0 0 44 234 812922 3 5 0 0 0 250
56 821631 L 1 3 0 0 2 2 33 17 1 820874 109 7 175 78 15 7 254 51 2 0 0
57 831374 I 2 0 0 0 75 5 4 830150 0 526 42 69 0 1 4 10 126 360 0 0 0
58 841528 Q 1 1 0 35 0 4 240 3 162 62 0 2 19 840704 170 0 2 0 0 0 123
59 841870 N 2 0 110 1 1 1 11 51 168 2 0 841320 2 0 6 110 12 1 2 69 1
60 841526 S 1 23 0 1 0 137 0 250 2 4 14 78 12 0 278 840696 29 1 0 0 0
61 851091 L 3 1 6 0 83 4 0 497 0 849893 15 0 2 1 13 108 6 328 12 20 99
62 864935 T 247 9 3 1 0 7 2 82 165 1 0 3 21 0 28 520 863844 1 0 1 0
63 874335 I 2 2 0 0 0 0 0 873635 64 74 208 4 37 1 2 4 115 173 0 0 14
64 881565 E 3 4 262 880661 1 127 1 3 71 16 0 2 6 67 7 0 2 59 0 4 269
65 880255 R 1 1 0 1 1 159 2 233 84 0 1 2 1 0 879605 48 44 0 0 1 71
66 881246 M 1 0 0 0 2 0 0 385 90 62 880468 3 0 0 4 0 93 125 0 2 11
67 876824 V 150 0 0 136 0 37 0 33 0 193 156 0 1 0 0 6 3 876109 0 0 0
68 881160 L 2 10 0 0 98 3 50 359 1 880384 0 2 158 3 23 2 3 60 0 0 2
69 875252 S 12 62 0 1 75 25 0 3 0 4 0 1 166 1 2 874648 68 0 0 175 9
70 863497 A 862065 4 231 0 0 46 0 0 0 6 2 0 36 9 0 483 495 119 0 0 1
71 859911 F 1 6 0 2 859213 1 5 43 0 189 0 4 1 0 0 106 1 36 25 276 2
72 848170 D 7 0 847317 187 8 179 60 0 2 0 0 139 0 0 0 5 0 82 1 169 14
73 844159 E 186 376 76 839875 58 457 9 21 299 1281 0 15 7 371 42 75 251 337 9 207 207
74 849692 R 10 0 0 0 9 169 3 206 479 5 3 0 0 0 848604 92 60 0 0 0 52
75 847976 R 0 0 0 0 0 136 0 1 87 0 212 1 0 0 847247 215 33 0 44 0 0
76 843202 N 4 1 148 0 0 2 8 117 94 40 2 842360 1 5 10 188 28 126 0 67 1
77 833364 K 103 297 0 121 0 34 20 39 831541 46 0 94 2 81 468 133 157 196 0 6 26
78 832930 Y 1 87 0 0 174 0 211 0 0 0 0 65 0 0 0 12 0 7 0 832292 81
79 831513 L 2 0 5 1 0 0 0 18 0 830930 229 0 172 83 18 0 2 52 0 0 1
80 827008 E 98 10 115 825419 41 165 73 53 102 16 1 2 1 54 19 349 151 103 3 37 196
81 818751 E 22 32 102 817612 43 210 45 16 156 19 1 19 1 48 19 23 8 153 5 26 191
82 811349 H 38 28 34 1 272 1 806465 25 48 148 131 683 13 1540 536 507 136 112 53 577 1
83 810268 P 294 56 1 11 9 467 184 10 2 104 4 37 808322 45 59 323 253 80 0 4 3
84 820096 S 731 56 4 3 0 742 163 271 10 245 43 151 64 44 301 817100 110 45 0 4 9
85 814281 A 811207 105 5 192 2 272 49 54 0 6 1 49 320 72 218 418 946 167 1 197 0
86 812619 G 146 9 1 124 23 808071 1216 10 225 372 25 453 54 585 481 168 356 131 143 18 8
87 815264 K 1 0 0 227 2 0 0 0 814527 9 40 241 1 6 124 9 14 0 0 0 63
88 817534 D 3 210 812819 95 4 112 32 0 1 5 0 3567 1 2 0 437 1 86 0 157 2
89 819015 P 897 64 0 0 148 209 209 5 0 110 5 13 816750 5 44 154 163 11 101 94 33
90 825115 K 77 22 5 136 4 180 207 19 822046 256 61 347 1 81 1308 46 241 60 2 1 15
91 825770 K 0 0 0 91 0 0 0 23 824895 0 0 19 0 1 696 2 7 0 0 0 36
92 818644 T 79 0 0 0 0 0 0 50 6 3 0 157 42 0 0 71 818236 0 0 0 0
93 819147 G 48 0 0 83 0 818578 4 0 0 2 0 0 0 0 193 0 0 78 0 0 161
94 820669 G 40 0 0 94 0 820138 0 0 0 1 0 0 0 0 140 0 0 148 1 0 107
95 817743 P 71 0 0 0 0 0 150 0 0 76 0 1 817055 1 29 257 101 0 0 0 2
96 815833 I 5 3 0 2 3 1 0 815161 90 117 94 0 2 0 7 1 105 240 0 0 2
97 811371 Y 0 108 3 0 98 3 126 1 0 0 0 55 0 0 0 12 0 1 0 810705 259
98 811836 K 1 1 0 158 0 1 9 2 810785 19 70 281 2 16 378 0 52 1 0 8 52
99 805456 R 20 0 0 1 2 134 0 180 131 2 5 0 0 0 804802 70 51 2 0 4 52
100 803167 V 439 54 3 353 3 85 38 165 5 426 243 71 267 31 59 194 65 800532 0 121 13
101 809682 D 8 0 808810 127 1 120 75 0 0 23 0 119 33 6 1 17 37 78 0 227 0
102 805812 R 417 19 1 1 2 253 9 131 161 72 0 0 5 5 804462 91 73 1 22 44 43
103 813922 K 56 1 0 136 0 27 14 14 812727 24 24 201 0 22 496 35 46 60 0 5 34
104 814248 W 0 204 0 0 0 16 1 0 0 157 0 1 1 0 191 39 0 2 813409 4 223
105 809055 M 9 46 15 0 4 101 255 452 94 198 807121 0 1 88 16 98 226 318 0 12 1
106 797182 R 0 1 0 0 0 189 0 0 158 3 175 3 0 0 796425 121 25 0 82 0 0
107 793272 E 11 1 98 792266 0 117 0 0 457 1 0 0 0 53 0 18 23 43 0 0 184
108 794706 L 7 85 0 0 93 18 74 139 1 793944 7 0 273 0 7 4 29 23 0 1 1
109 790605 V 201 167 78 0 97 5 1 227 0 54 74 0 4 73 3 17 7 789590 4 0 3
110 783832 L 2 0 0 0 69 0 29 386 0 783169 0 0 112 0 17 0 5 41 0 0 2
111 780296 Y 3 135 4 0 70 0 153 332 0 63 1 32 0 5 1 30 506 157 0 778711 93
112 762527 D 21 8 761363 251 3 175 57 1 2 0 0 318 42 0 2 2 5 103 0 173 1
113 757732 K 0 0 0 100 0 0 0 49 757366 0 0 54 6 12 94 1 11 0 0 0 39
114 765055 E 2 9 47 764192 37 145 1 2 96 119 0 0 7 163 0 16 2 37 0 0 180
115 769497 E 2 0 33 769025 0 111 0 0 76 0 0 1 0 29 1 0 1 47 0 0 171
116 765222 I 0 14 2 0 4 0 1 764592 54 61 184 1 0 0 6 0 94 209 0 0 0
117 769933 R 8 5 0 0 7 122 0 26 103 13 210 1 0 43 769080 195 48 25 47 0 0
118 772650 R 0 3 0 0 2 34 2 3 2 193 0 0 27 175 772055 1 9 0 0 0 144
119 772435 I 58 49 0 0 22 0 4 771757 0 50 33 69 0 0 3 14 156 213 7 0 0
120 776157 W 5 118 0 3 0 15 0 0 0 154 0 0 0 1 243 35 1 1 775371 0 210
121 779720 R 6 215 0 0 2 52 314 17 5 159 1 0 37 0 778456 202 7 38 12 191 6
122 783553 Q 33 40 1 58 6 45 148 144 161 122 2 3 15 781570 156 10 702 192 10 0 135
123 780092 A 779223 5 133 0 0 34 0 0 0 0 0 0 40 0 3 390 126 135 2 1 0
124 790352 N 1 3 125 0 0 0 54 64 115 0 0 789877 0 1 0 80 7 2 1 15 7
125 802341 N 29 12 203 4 4 152 33 44 52 331 0 800918 0 1 87 341 15 2 3 109 1
126 796733 G 31 217 113 0 3 795725 28 7 60 65 0 56 1 26 41 181 72 95 0 8 4
127 800749 D 159 4 797407 277 104 261 157 172 79 142 0 250 7 13 213 874 5 302 0 323 0
128 802636 D 322 3 799323 177 24 199 80 22 78 601 65 336 21 33 53 479 370 172 0 274 4
129 815552 A 813684 11 0 186 1 248 1 2 87 38 146 1 44 5 53 352 516 167 0 2 8
130 820384 T 114 2 0 0 2 0 134 72 387 39 13 49 85 0 94 64 819305 19 0 1 4
131 825344 A 823357 0 244 0 0 34 12 0 0 1 0 27 1048 1 4 375 143 91 0 1 6
132 815580 G 37 186 90 0 0 815009 0 0 0 1 0 2 1 0 30 110 0 112 0 1 1
133 809069 L 0 0 0 1 0 0 0 116 0 808449 205 0 217 27 16 0 0 38 0 0 0
134 802837 T 163 2 0 0 0 0 1 84 0 0 0 181 8 0 1 189 802193 8 0 6 1
135 806558 H 1 0 42 0 0 0 805753 0 1 82 0 196 10 239 127 0 1 0 0 98 8
136 815733 M 0 1 0 0 7 3 0 1361 61 310 813654 0 2 0 15 0 122 191 0 3 3
137 820223 M 2 0 0 0 0 0 3 344 77 82 819463 0 0 1 4 0 117 130 0 0 0
138 814619 I 0 0 1 0 60 0 0 814249 1 10 36 60 2 0 0 5 101 92 0 0 2
139 816986 W 0 185 0 0 0 30 0 0 0 181 0 0 2 0 275 37 0 2 815993 0 281
140 814942 H 0 0 55 0 0 0 814148 0 0 54 0 227 7 146 135 0 0 6 0 164 0
141 819454 S 19 36 0 2 83 8 0 0 0 1 0 1 147 0 0 818919 44 0 0 191 3
142 811365 N 0 0 108 0 0 0 14 31 54 5 0 811007 3 0 0 101 5 0 1 34 2
143 810659 L 0 0 0 0 254 0 0 0 1 810126 49 0 0 0 0 160 0 8 4 1 56
144 816035 N 11 17 167 0 0 1 9 42 77 1 1 815477 2 5 0 146 8 9 0 61 1
145 806456 D 4 0 805864 62 0 104 53 0 0 0 0 73 0 0 0 0 0 82 0 211 3
146 803258 T 677 6 1 1 0 0 0 86 175 0 0 0 5 0 46 1234 801026 0 0 0 1
147 804135 T 139 1 0 0 0 0 3 85 202 0 0 0 8 2 45 88 803562 0 0 0 0
148 796917 Y 0 97 1 0 63 0 119 0 0 0 0 43 0 0 0 7 1 1 0 796454 131
149 800274 Q 0 0 0 33 0 1 315 0 234 68 0 0 11 799312 193 2 0 2 0 0 103
150 793670 R 0 0 0 0 0 134 0 0 92 0 184 0 0 0 793021 155 35 0 44 3 2
151 791654 T 153 0 0 0 0 0 0 115 128 0 0 3 6 0 25 143 791071 2 0 0 8
152 793335 R 1 0 0 0 0 142 0 67 126 7 0 0 1 2 792868 26 29 0 0 0 66
153 796760 A 796152 2 166 0 0 37 2 2 0 0 0 3 24 0 5 218 107 42 0 0 0
154 803447 L 2 2 0 0 60 1 59 480 0 802621 9 5 110 3 10 0 0 80 0 3 2
155 801602 V 124 0 100 0 181 46 0 187 9 51 2 1 2 1 2 61 14 800814 0 3 4
156 799985 R 1 198 0 0 1 41 261 0 0 138 0 0 28 0 799143 173 0 0 0 1 0
157 802314 T 364 52 0 1 0 4 0 393 3 46 3 111 13 7 0 292 800476 546 0 0 3
158 799276 G 55 156 189 0 0 798393 10 0 0 1 0 2 0 1 23 308 3 122 0 11 2
159 796475 M 1 0 0 0 0 0 3 363 28 1040 794759 1 7 0 23 0 110 122 0 0 18
160 805818 D 7 4 805264 88 0 137 30 0 0 0 0 94 1 0 2 4 2 38 0 147 0
161 804599 P 548 4 3 1 1 89 148 24 5 124 2 4 802105 10 81 1196 152 93 0 5 4
162 810984 R 0 0 0 1 1 204 0 1 101 4 217 1 0 1 810177 204 28 8 33 0 3
163 811420 M 56 90 0 1 1 4 0 441 38 105 810004 1 0 9 15 2 337 315 0 1 0
164 810316 C 413 808578 0 0 218 22 1 115 0 1 111 9 3 0 127 133 13 97 36 233 206
165 802230 S 55 56 0 0 71 18 0 0 0 1 1 633 129 0 0 801016 78 1 0 170 1
166 803654 L 1 0 0 1 0 0 0 42 1 802830 440 0 194 75 9 1 0 60 0 0 0
167 813535 M 0 0 0 0 0 0 1 475 77 688 812030 0 0 0 8 1 148 106 0 0 1
168 817699 Q 161 4 1 38 0 1 257 0 219 44 0 2 14 816450 270 53 2 0 0 0 183
169 810686 G 18 142 109 0 0 810187 4 0 2 3 0 0 1 0 30 91 0 97 0 2 0
170 818252 S 12 1 0 0 1 4 0 0 0 222 0 4 94 3 0 817650 71 0 31 0 159
171 819780 T 126 1 0 0 0 1 0 75 1 0 7 170 14 3 0 145 819237 0 0 0 0
172 820279 L 2 2 0 0 56 0 74 286 0 819616 1 1 171 5 8 5 1 49 0 0 2
173 821017 P 92 3 1 1 4 2 248 1 1 68 0 4 820220 17 46 138 165 6 0 0 0
174 821773 R 0 0 2 0 0 119 0 0 80 11 191 0 1 0 821098 170 56 3 37 0 5
175 818785 R 0 0 0 0 0 163 1 1 991 0 178 1 0 0 817257 108 30 0 54 0 1
176 828169 S 29 35 0 0 70 6 0 0 0 0 0 0 129 0 0 827731 42 0 0 127 0
177 840003 G 27 0 0 82 0 839457 0 0 1 0 0 0 0 0 167 1 0 127 0 0 141
178 852002 A 851070 0 230 0 0 23 0 1 10 49 0 34 103 12 33 249 108 77 2 1 0
179 864349 A 863383 0 1 235 0 44 0 0 0 0 1 0 36 0 0 217 249 180 0 0 3
180 863746 G 22 140 79 0 0 863216 9 0 0 0 0 0 0 0 54 75 0 149 0 0 2
181 863324 A 862340 1 97 16 53 16 92 2 0 2 0 1 23 2 12 250 251 81 85 0 0
182 870169 A 868886 0 1 228 0 47 22 0 0 0 0 55 42 16 0 255 306 301 0 10 0
183 873655 V 133 0 70 2 238 5 0 383 0 30 0 0 1 9 0 17 116 872651 0 0 0
184 883641 K 0 1 0 164 0 1 0 67 883095 0 0 115 0 8 128 1 5 1 0 0 55
185 891390 G 25 0 4 81 0 890768 1 0 0 0 0 1 0 0 129 0 0 180 0 0 201
186 899774 V 126 3 61 3 165 6 0 882 0 28 0 0 13 21 0 0 8 898454 0 1 3
187 911093 G 75 0 1 130 0 910373 0 0 1 2 0 1 0 1 181 0 1 133 194 0 0
188 915273 T 226 0 0 0 0 2 0 156 169 3 0 0 12 0 28 177 914496 4 0 0 0
189 929536 M 18 170 0 0 0 2 25 551 65 410 927945 1 4 33 10 15 107 177 0 1 2
190 932916 V 183 7 0 102 0 104 0 32 0 159 85 0 0 0 0 25 30 932188 0 1 0
191 935287 M 0 0 0 0 0 0 5 375 64 266 934278 3 1 0 13 0 130 151 0 1 0
192 937049 E 11 0 286 936113 1 246 0 0 99 0 0 0 3 41 12 1 0 73 2 0 161
193 937682 L 4 34 0 0 280 5 0 38 1 937010 54 0 1 0 0 175 9 17 8 2 44
194 945221 I 7 0 0 1 0 14 0 944328 47 118 197 0 6 0 8 0 242 253 0 0 0
195 943512 R 1 0 0 0 0 169 0 1 88 2 282 0 2 0 942649 220 38 0 60 0 0
196 948394 M 13 22 0 3 2 2 4 429 85 116 947368 0 1 71 9 6 116 145 2 0 0
197 953110 I 4 5 0 0 84 3 0 952321 0 8 128 135 3 0 6 14 177 221 0 1 0
198 952569 K 0 0 0 124 5 1 0 20 952148 0 0 105 0 5 139 1 2 1 0 0 18
199 953563 R 2 137 0 0 0 47 187 0 0 165 0 0 33 9 952782 201 0 0 0 0 0
200 965689 G 53 1 0 120 0 964881 0 0 0 0 0 0 1 0 235 1 21 185 191 0 0
201 955772 I 22 9 0 0 75 1 0 954803 3 30 44 72 23 1 0 14 267 386 20 0 2
202 952221 N 0 0 244 0 2 0 83 55 93 279 1 951120 3 12 4 163 34 11 19 97 1
203 957245 D 9 0 956464 94 0 135 71 0 0 0 0 132 0 0 0 0 0 88 0 252 0
204 961737 R 2 2 0 0 13 49 1 0 1 181 0 0 50 278 960964 1 1 0 194 0 0
205 965075 N 194 56 157 0 3 13 2 37 98 0 0 963910 0 0 1 310 25 0 3 265 1
206 957163 F 7 14 0 0 956489 0 1 89 1 372 1 2 3 1 2 124 1 18 0 38 0
207 947734 W 0 222 0 0 312 11 0 1 0 199 0 0 0 1 309 49 0 0 946396 2 232
208 946088 R 2 0 0 1 0 237 0 242 96 0 1 0 0 0 945289 74 61 0 0 0 85
209 952205 G 17 182 127 0 0 951632 0 0 0 2 0 0 0 0 32 116 0 97 0 0 0
210 959758 E 3 0 246 958884 0 156 0 0 151 0 0 1 0 44 0 1 0 90 0 0 182
211 961928 N 211 227 410 372 34 119 92 213 57 56 60 957540 361 261 2 592 387 899 0 34 1
212 965674 G 59 1 0 125 0 964827 0 0 1 1 0 0 2 1 265 0 5 159 1 0 227
213 962887 R 0 1 0 0 0 39 1 0 4 179 6 0 21 230 962094 1 1 0 0 0 310
214 956245 K 1 0 0 155 0 4 193 36 955179 14 0 52 0 20 448 7 42 9 7 41 37
215 954225 T 270 3 1 0 0 106 0 88 139 1 0 0 252 0 19 244 952957 144 0 0 1
216 950075 R 3 0 0 0 0 191 1 0 164 2 230 0 0 0 949228 173 37 0 44 0 2
217 944349 S 240 79 0 2 0 185 10 89 8 238 0 665 4 34 125 942489 103 76 0 0 2
218 936721 A 935137 14 245 0 0 52 0 0 0 0 1 1 32 0 0 886 283 70 0 0 0
219 946924 Y 0 131 11 0 54 0 158 0 0 10 0 15 0 0 0 11 1 0 13 946301 219
220 951006 E 8 0 263 949941 0 165 0 1 183 1 1 0 0 56 0 10 39 81 0 0 257
221 955008 R 0 0 0 0 0 145 0 180 369 0 0 0 0 0 954126 70 48 0 0 0 70
222 940396 M 0 1 6 0 107 156 20 411 73 64 939048 87 0 7 18 58 90 115 0 135 0
223 928828 C 3 927734 0 0 185 29 0 0 0 3 0 0 0 0 162 242 71 0 54 159 186
224 924842 N 0 0 148 0 0 0 16 92 211 0 0 924163 0 0 0 123 23 3 1 62 0
225 926916 I 0 130 0 0 70 1 2 926070 0 14 3 37 0 0 0 32 399 155 1 2 0
226 927185 L 0 0 0 0 54 1 88 187 4 926632 0 0 166 2 10 0 0 41 0 0 0
227 925181 K 0 0 0 161 0 0 0 90 924703 0 0 49 0 13 117 1 8 0 0 0 39
228 913890 G 82 2 0 128 0 913228 0 0 4 0 0 1 0 0 107 14 5 149 1 0 169
229 906600 K 0 0 0 163 0 0 0 35 906128 0 1 109 1 7 115 0 8 0 0 0 33
230 907165 F 0 11 0 1 906694 0 0 49 0 211 0 0 1 0 0 134 0 19 6 37 2
231 897602 Q 102 2 1 61 0 71 70 10 204 174 1 10 57 895869 486 28 351 0 0 1 104
232 887545 T 160 19 0 0 0 0 66 132 1029 80 0 0 34 9 520 42 885454 0 0 0 0
233 884038 A 882618 47 239 0 0 33 3 1 7 3 0 61 404 16 14 223 288 81 0 0 0
234 873080 A 871825 24 0 225 0 45 0 0 1 0 0 0 345 0 13 202 286 113 0 0 1
235 859985 Q 0 0 0 37 0 0 76 1 185 41 0 0 5 859398 125 1 0 0 0 1 115
236 850412 R 0 4 0 0 0 182 9 0 255 1 244 1 5 1 849506 128 32 5 39 0 0
237 842563 A 841185 0 1 185 0 262 26 1 5 4 0 0 44 4 1 489 176 170 0 8 2
238 825771 M 12 5 0 0 0 17 1 461 62 118 824858 0 0 4 14 0 110 109 0 0 0
239 811085 M 5 0 0 0 0 1 0 432 69 138 809666 1 0 0 8 47 194 524 0 0 0
240 791965 D 26 0 790857 175 0 216 79 0 0 4 0 129 0 181 1 1 66 65 0 165 0
241 766343 Q 0 3 0 50 0 1 60 1 185 60 0 0 10 765701 187 1 0 0 1 0 83
242 744301 V 151 5 0 88 0 14 0 3 1 214 130 0 1 0 3 1 0 743690 0 0 0
243 730546 R 5 0 1 0 5 197 19 143 267 0 0 3 0 6 729661 76 67 5 0 0 91
244 702007 E 16 1 39 701454 0 167 0 0 112 0 0 0 4 47 0 10 1 33 0 0 123
245 683807 S 353 13 0 0 0 485 0 129 0 0 0 101 136 1 80 682478 31 0 0 0 0
246 657811 R 14 0 0 0 0 24 0 0 28 109 0 0 31 216 657226 0 2 2 121 38 0
247 630120 N 201 42 107 0 0 37 4 45 101 3 4 629328 0 0 2 186 25 16 0 19 0
248 604958 P 17 46 0 0 0 4 2 0 0 66 0 4 604562 95 22 48 90 0 1 0 1
249 578420 G 16 1 0 68 0 578005 0 0 0 0 0 0 1 0 110 1 0 105 0 6 107
250 558760 N 3 0 82 0 0 6 12 28 41 6 0 558471 0 1 2 75 10 0 0 21 2
251 538129 A 537548 0 144 0 1 25 0 0 0 59 0 0 24 0 1 161 84 82 0 0 0
252 515204 E 3 0 138 514762 0 80 0 0 66 0 0 0 0 25 0 0 0 26 0 0 104
253 492420 I 1 1 0 0 24 0 1 492209 0 2 32 28 1 0 0 4 42 75 0 0 0
254 465714 E 1 0 24 465335 0 54 0 0 111 0 0 0 0 33 0 0 1 43 0 0 112
255 435639 D 3 0 435420 32 0 52 15 0 0 2 0 27 0 0 0 0 0 21 0 67 0
256 408886 L 0 4 1 0 42 0 40 70 1 408573 30 0 86 0 1 0 0 38 0 0 0
257 386310 I 5 2 0 0 55 0 9 385074 0 962 38 38 1 8 0 6 63 46 0 3 0
258 360666 F 1 2 0 1 360510 0 0 21 0 52 0 0 3 0 0 63 0 1 0 12 0
259 343411 L 4 0 0 0 0 0 1 0 0 343193 94 0 53 37 6 0 0 23 0 0 0
260 322002 A 321588 16 0 92 0 32 0 0 0 2 0 0 12 0 0 76 94 90 0 0 0
261 300707 R 0 0 0 0 0 12 0 0 3 53 0 0 8 55 300491 0 0 0 85 0 0
262 280251 S 23 28 0 0 33 5 0 0 0 0 0 0 39 0 0 280023 18 0 0 82 0
263 252233 A 251721 153 0 76 0 18 0 0 0 1 0 0 11 0 1 64 130 58 0 0 0
264 228791 L 0 1 0 2 23 0 20 64 0 228618 0 0 40 14 1 3 0 5 0 0 0
265 200661 I 20 0 0 0 1 4 0 200233 14 236 82 0 0 0 1 0 31 38 0 0 1
266 178022 L 0 0 0 0 48 0 0 13 1 177796 7 0 0 0 1 39 0 111 2 0 4
267 162047 R 0 0 0 0 0 30 0 29 44 1 0 0 0 0 161894 14 15 0 0 0 20
268 145520 G 3 0 0 18 0 144982 0 0 0 0 0 3 14 0 33 317 3 113 34 0 0
269 125411 S 8 1 0 0 0 1 0 0 0 17 0 0 21 0 0 125299 13 0 0 1 50
270 101275 V 14 0 10 0 12 0 1 12 0 1 0 2 0 0 0 2 1 101220 0 0 0
271 81338 A 81231 0 15 0 0 17 0 0 0 0 0 0 6 0 0 43 17 8 0 1 0
272 69337 H 0 0 7 0 0 0 69258 0 0 6 0 25 0 18 10 1 0 0 0 12 0
273 56694 K 0 0 0 5 0 0 0 4 56672 0 0 5 0 0 6 0 1 0 0 0 1
274 41582 S 0 2 0 0 0 0 0 1 0 0 0 3 6 0 0 41552 5 0 0 13 0
275 36184 C 1 36167 0 0 3 1 0 0 0 0 0 0 0 0 2 0 0 0 0 7 3
276 26948 L 0 0 0 0 0 0 0 0 0 26928 14 0 1 4 0 0 0 1 0 0 0
277 22164 P 8 2 0 0 0 0 42 0 0 29 0 0 22015 0 16 38 14 0 0 0 0
278 19513 A 19326 13 47 0 0 15 0 0 0 3 3 0 5 0 0 26 51 24 0 0 0
279 16640 C 0 16524 0 0 11 1 0 0 0 7 0 0 0 0 83 2 0 0 1 3 8
280 21463 V 3 3 0 0 0 0 0 19 0 5 16 0 0 0 0 0 0 21416 0 0 1
281 26768 Y 0 3 2 0 5 0 6 0 0 0 0 2 0 0 0 0 0 0 0 26744 6
282 21682 G 25 0 0 9 0 21634 0 0 0 0 0 0 0 0 4 0 0 1 0 0 9
283 54051 P 548 170 3 1 49 618 63 0 2 191 204 24 50318 82 110 173 1157 292 36 10 0
284 73065 A 72557 31 76 0 1 12 0 5 0 35 1 0 37 0 61 66 68 111 0 0 4
285 84141 V 15 10 0 11 4 2 0 22 5 59 0 2 0 0 0 4 0 84005 1 1 0
286 99382 A 99309 0 20 0 0 11 0 0 0 1 0 0 3 1 4 17 3 11 0 2 0
287 112839 S 0 8 0 0 0 22 0 17 0 0 0 11 0 0 65 112688 27 0 0 1 0
288 131286 G 2 21 9 0 0 131203 0 0 0 0 0 0 0 0 3 22 0 26 0 0 0
289 157540 Y 8 23 1 0 19 3 93 4 2 37 0 6 0 0 7 4 0 16 0 157283 34
290 185430 D 1 0 185230 46 0 47 3 0 0 0 0 45 14 0 1 2 0 12 0 29 0
291 210835 F 1 0 0 0 210709 0 0 6 0 75 0 0 0 0 3 28 0 2 0 11 0
292 234296 E 13 29 8 233895 1 91 1 1 67 1 0 0 1 7 18 12 59 45 0 0 47
293 251082 K 0 0 0 37 0 6 35 13 250900 7 0 20 0 10 32 9 6 0 0 0 7
294 274925 E 18 23 104 273695 3 329 14 9 64 145 5 0 0 38 219 57 118 28 0 0 56
295 300247 G 14 0 0 59 0 300022 0 0 0 1 0 0 0 0 58 1 0 50 0 0 42
296 327742 Y 0 50 1 0 29 0 33 0 0 0 0 26 0 0 0 0 0 0 0 327524 79
297 353562 S 2 18 0 0 26 0 0 0 0 0 0 0 48 0 0 353339 38 0 0 91 0
298 386437 L 0 0 0 0 43 0 0 6 0 386330 0 0 0 0 0 48 2 0 0 0 8
299 416484 V 42 1 0 44 0 6 0 0 0 121 28 0 1 0 0 0 0 416241 0 0 0
300 438200 G 28 0 0 79 0 437856 0 0 0 2 0 0 0 0 67 0 0 92 0 0 76
301 456714 I 6 0 0 1 0 6 0 456251 36 77 104 1 1 8 35 33 51 102 0 1 1
302 485420 D 43 0 484809 90 0 99 57 0 0 0 0 82 1 42 13 24 4 46 10 99 1
303 515212 P 17 0 0 0 0 0 122 0 0 39 0 0 514899 0 23 40 70 0 0 0 2
304 536427 F 104 1 0 0 535500 3 0 110 0 323 5 0 15 0 0 114 1 199 0 52 0
305 556053 K 2 1 0 92 0 2 3 49 555549 1 0 74 1 12 229 1 9 0 0 0 28
306 576265 L 11 0 0 1 0 2 1 26 0 575921 121 0 109 28 7 2 1 34 1 0 0
307 605449 L 0 0 0 0 59 1 26 129 0 605087 14 0 97 0 14 0 0 21 0 0 1
308 633864 Q 86 110 1 55 0 6 35 27 166 62 2 0 5 632968 138 13 38 105 2 0 45
309 656234 N 41 4 97 0 1 147 104 46 184 15 9 654756 1 8 147 246 272 136 1 19 0
310 682356 S 245 103 0 0 3 115 0 164 1 0 1 122 13 13 158 681236 169 12 1 0 0
311 703126 Q 2 0 0 38 0 2 22 3 174 52 0 71 17 702119 159 281 35 37 0 0 114
312 730077 V 102 27 1 66 1 13 0 237 0 247 0 0 0 0 2 0 10 729371 0 0 0
313 756002 Y 2 103 6 0 70 0 100 0 0 1 0 41 0 0 5 9 0 8 1 755403 253
314 782476 S 91 184 0 0 0 175 0 201 0 2 0 100 0 0 214 781412 88 9 0 0 0
315 802180 L 0 0 0 1 1 2 1 292 2 801619 0 1 166 46 8 5 2 33 0 1 0
316 824209 I 0 4 0 0 53 0 0 823602 0 166 48 53 0 0 2 3 128 150 0 0 0
317 837703 R 0 0 0 0 0 254 0 170 108 0 1 0 0 0 837030 55 47 0 0 0 38
318 852541 P 74 0 1 9 0 9 35 1 10 156 0 4 851477 264 111 181 146 53 0 6 4
319 868534 N 159 2 97 6 4 274 5 30 478 109 3 865748 10 358 878 294 20 9 0 47 3
320 883611 E 5 0 241 882732 0 152 1 0 136 0 0 0 1 38 0 0 0 91 2 1 211
321 888810 N 9 20 114 1 0 1 9 64 143 13 0 888059 0 2 32 154 15 127 0 47 0
322 894476 P 97 19 0 1 1 0 2 2 1 139 0 0 893517 161 40 85 384 26 0 1 0
323 899418 A 897478 12 0 289 9 185 42 64 0 183 0 105 38 46 140 395 212 202 3 14 1
324 907921 H 10 0 34 0 0 0 907019 0 0 135 0 235 21 218 109 14 0 0 0 126 0
325 907553 K 0 0 0 186 0 0 0 0 906803 0 78 248 0 7 182 1 18 0 0 0 30
326 907698 S 0 58 0 0 0 135 0 160 0 0 0 112 0 0 103 907110 20 0 0 0 0
327 901954 Q 0 0 0 52 0 0 320 0 210 36 0 0 13 901001 202 0 0 2 0 0 118
328 892583 L 5 0 0 0 0 1 14 64 0 891994 254 0 107 48 12 1 1 81 0 0 1
329 892815 V 111 0 0 66 0 17 0 46 0 154 120 0 0 0 1 2 0 892298 0 0 0
330 898345 W 0 201 7 2 1 12 0 1 0 220 1 1 0 0 171 37 3 0 897403 0 285
331 892381 M 0 0 0 0 0 4 0 390 83 133 891515 5 0 1 12 0 95 132 0 0 11
332 892225 A 891386 0 0 255 0 63 0 1 0 1 0 0 32 0 1 168 150 168 0 0 0
333 895050 C 22 893960 0 0 233 13 1 2 0 4 1 0 0 0 255 114 3 18 51 198 175
334 890535 N 69 10 144 0 6 2 359 49 62 5 20 889560 0 5 5 191 11 0 0 37 0
335 885027 S 34 67 0 2 75 44 0 0 0 1 0 1 91 0 3 884433 62 0 1 213 0
336 880817 A 878766 2 238 0 1 191 0 0 3 796 0 0 27 6 0 270 420 96 0 0 1
337 877628 A 876815 1 0 228 0 37 1 1 0 4 0 2 48 0 0 219 152 117 1 0 2
338 877737 F 18 7 2 1 877317 12 0 50 0 160 1 0 0 0 0 106 3 14 0 46 0
339 882180 E 11 0 410 881123 1 162 0 0 79 0 0 0 0 77 0 0 0 70 0 0 247
340 872950 D 3 0 872342 49 0 104 30 0 0 1 0 136 0 0 1 6 0 67 0 210 1
341 872176 L 1 0 13 0 0 0 0 456 0 871466 0 0 133 56 11 0 0 40 0 0 0
342 872285 R 22 0 2 0 0 126 0 218 119 0 0 4 7 0 871586 99 55 0 2 0 45
343 870097 V 118 0 0 59 0 14 0 338 0 470 0 0 0 0 0 19 0 869079 0 0 0
344 871699 L 0 6 1 0 85 0 0 68 0 871316 1 0 1 0 0 111 0 14 0 1 95
345 878753 S 40 23 0 1 0 152 1 170 1 0 0 82 0 3 272 877759 248 0 0 0 1
346 881948 F 107 36 0 3 881018 2 0 15 0 400 0 0 1 1 1 182 2 95 0 84 1
347 881278 I 0 0 0 0 75 0 0 880555 0 123 82 72 0 0 0 8 107 242 14 0 0
348 874769 R 0 0 0 0 0 198 3 193 95 2 0 0 0 0 874082 68 57 0 0 3 68
349 882606 G 35 0 8 105 0 882051 0 0 0 13 0 0 0 0 122 0 1 111 158 2 0
350 887378 T 404 23 0 0 4 257 51 134 27 202 10 84 9 33 43 338 885688 70 0 0 1
351 887644 K 2 0 0 107 0 1 3 41 887209 0 0 88 0 7 121 1 9 2 0 0 53
352 889127 V 99 0 1 60 0 4 0 128 0 123 0 0 0 0 0 0 0 888710 0 2 0
353 901364 S 12 29 0 0 129 1 14 0 503 404 0 80 700 0 291 898964 52 7 0 178 0
354 900846 P 33 10 0 1 0 0 1 0 3 104 0 0 900175 204 57 82 175 1 0 0 0
355 898380 R 0 0 0 2 0 116 0 0 173 13 287 0 0 0 897533 168 45 0 40 3 0
356 909158 G 28 0 0 106 0 908685 0 0 0 0 0 0 0 0 110 1 1 90 135 0 2
357 899951 K 2 0 0 168 0 0 0 68 899317 2 0 124 0 7 197 0 18 0 0 0 48
358 904845 L 4 0 0 0 75 4 34 64 0 904472 1 0 170 0 6 0 6 9 0 0 0
359 919539 S 14 89 4 2 82 2 7 52 175 187 0 10 230 255 1186 916877 128 54 1 184 0
360 936216 T 112 3 0 0 0 0 3 58 1 3 1 238 11 0 3 149 935628 5 0 0 1
361 925028 R 0 0 1 0 0 107 0 206 80 1 1 0 0 0 924441 55 62 0 0 1 73
362 935176 G 49 0 1 71 0 934567 0 0 0 0 0 0 0 0 124 0 0 190 0 0 174
363 942851 V 171 28 0 72 1 13 0 201 0 601 13 0 0 0 0 1 0 941749 0 0 1
364 947766 Q 22 15 0 34 0 6 85 20 133 160 383 8 119 946433 94 72 0 41 0 1 140
365 955531 I 1 0 0 1 48 1 0 954841 0 323 5 47 0 0 2 5 129 128 0 0 0
366 965035 A 964145 0 185 0 0 97 0 0 0 0 1 0 25 0 0 377 123 81 0 0 1
367 964899 S 134 48 0 0 2 368 5 0 74 91 1 14 147 0 0 963593 119 2 0 0 301
368 955814 N 605 16 121 60 7 295 7 40 82 5 26 953727 2 107 12 443 204 14 0 41 0
369 962445 E 6 1 38 961824 0 140 0 0 145 0 0 0 3 45 0 0 0 71 0 0 172
370 959634 N 0 25 161 40 1 1 45 105 220 31 1 958149 24 255 24 202 211 104 1 34 0
371 963069 M 1 15 0 0 0 1 3 1007 56 284 961311 0 0 0 18 1 161 210 0 0 1
372 966771 D 8 0 966039 136 1 199 43 0 6 4 0 117 5 3 2 2 2 67 0 137 0
373 968662 A 967011 50 276 2 334 62 1 0 3 47 0 0 48 6 44 292 278 206 1 0 1
374 971660 M 0 2 0 1 0 0 0 562 81 155 970556 0 0 3 8 3 125 161 0 3 0
375 967077 E 14 3 103 966339 0 187 3 0 94 1 0 0 10 51 0 2 6 83 0 0 181
376 965881 S 39 17 0 0 0 93 1 10 0 82 0 0 116 0 1 964992 114 182 0 1 233
377 957684 S 95 111 2 0 24 216 651 172 0 204 87 134 0 2 192 955580 124 90 0 0 0
378 951053 T 326 0 0 1 0 12 1 87 1 1 11 168 19 0 474 450 949502 0 0 0 0
379 950136 L 0 3 1 0 64 0 59 250 0 949309 14 1 193 1 21 0 0 115 0 0 105
380 940314 E 25 3 88 939587 0 135 0 0 137 2 0 0 1 49 2 2 0 89 0 0 194
381 937399 L 0 1 0 0 0 10 0 0 0 936927 225 0 160 29 13 0 3 30 0 0 1
382 933035 R 0 0 0 0 1 214 0 61 100 2 0 0 0 0 932508 69 33 1 0 0 46
383 932206 S 101 54 0 0 0 222 1 239 0 1 0 106 0 2 285 931010 82 102 0 0 1
384 929220 R 1 15 0 3 0 325 0 0 171 3 179 2 0 2 928260 153 25 15 66 0 0
385 924377 Y 0 162 19 0 80 2 159 1 0 3 1 96 0 0 6 16 2 0 0 923607 223
386 923804 W 1 176 0 0 15 22 0 3 0 223 0 0 0 0 206 41 0 0 922797 0 320
387 918420 A 917429 0 181 0 0 165 0 1 0 0 0 1 46 0 0 208 221 167 0 1 0
388 906933 I 0 0 0 0 0 0 0 906214 141 113 212 0 1 0 11 0 117 122 1 0 1
389 904987 R 0 0 5 0 0 154 0 194 106 0 0 0 2 0 904381 71 37 2 0 0 35
390 898388 T 119 0 1 0 0 0 0 76 0 1 0 93 7 0 3 106 897981 0 0 0 1
391 904183 R 0 0 0 0 0 200 0 129 186 2 0 0 0 0 903526 51 34 0 0 0 55
392 901358 S 27 44 0 0 0 116 1 152 1 0 0 99 0 0 95 900799 23 0 0 0 1
393 906074 G 72 1 0 76 0 905404 0 0 1 0 0 1 8 0 172 0 0 182 0 0 157
394 904250 G 44 0 0 106 0 903643 0 0 3 0 0 0 0 0 148 0 0 156 0 0 150
395 897148 N 7 7 185 0 0 4 310 51 256 8 0 895610 0 11 185 386 83 1 0 44 0
396 892349 T 485 24 0 1 46 53 393 118 141 422 36 243 63 11 4257 224 885425 174 194 39 0
397 891413 N 90 7 104 0 172 20 11 54 313 58 24 888459 4 153 1679 119 47 19 70 10 0
398 882287 Q 0 39 7 41 4 5 293 4 654 99 0 10 22 877968 2830 25 7 57 27 124 71
399 874429 Q 116 69 5 48 214 1585 252 8 3252 164 0 0 567 855602 12253 102 15 31 31 18 97
400 868178 R 2 0 0 0 0 284 14 0 196 0 110 1 1 0 867372 114 20 0 64 0 0
401 872200 A 855889 17 146 1 2 183 11 0 1630 0 1 2 168 296 12417 175 1002 254 0 0 6
402 868090 S 109 147 0 11 78 19 26 3 341 2 45 0 353 68 801 865835 152 16 2 82 0
403 861673 A 859059 11 0 225 0 67 211 11 61 0 1 113 43 179 88 296 766 535 0 7 0
404 865122 G 308 230 130 9 0 864062 0 2 0 2 0 0 0 4 32 220 7 116 0 0 0
405 882709 Q 1 0 0 32 0 0 69 0 165 58 2 4 21 882103 144 2 0 0 0 0 108
406 877063 I 0 0 0 0 65 0 0 876394 1 31 36 62 0 0 0 82 216 176 0 0 0
407 890062 S 1 72 0 0 0 240 0 217 0 1 0 96 0 0 166 889251 18 0 0 0 0
408 892325 V 181 0 0 108 0 17 0 8 0 345 1060 0 0 0 0 0 58 890548 0 0 0
409 896180 Q 197 67 0 66 1 10 164 169 212 26 251 2 11 892738 134 277 1198 148 163 34 312
410 898051 P 1062 9 0 0 4 2 218 0 0 58 0 0 896387 17 38 152 97 7 0 0 0
411 911493 A 909263 107 0 196 0 46 0 0 0 1 0 0 38 0 0 706 971 163 0 0 2
412 920500 F 0 10 0 0 919730 0 0 84 0 454 80 0 0 0 2 97 0 17 0 26 0
413 926424 S 5 36 0 0 96 5 0 0 1 2 0 1 109 0 0 925928 49 2 0 190 0
414 932353 V 311 189 0 113 0 15 0 28 1 487 261 0 0 0 2 0 47 930898 0 0 1
415 944959 Q 491 298 0 64 163 516 58 1 277 507 137 0 26 936583 1401 1971 226 867 970 234 169
416 947909 R 0 0 0 1 0 235 12 148 73 0 0 0 0 0 947277 48 70 0 0 0 45
417 958267 N 13 85 191 278 45 405 382 245 105 35 62 952491 279 98 1197 582 397 332 5 1040 0
418 966283 L 0 7 0 0 92 0 82 340 3 965194 208 0 215 0 8 1 2 131 0 0 0
419 970453 P 77 0 0 7 0 0 3 0 1 118 0 0 969566 226 47 107 178 123 0 0 0
420 972398 F 486 20 1 0 967855 6 484 49 0 414 152 191 0 3 1 413 17 419 0 1886 1
421 984846 D 271 1009 976900 261 74 223 507 161 1 163 4 220 0 46 19 1362 2 3314 28 281 0
422 986420 K 707 6 6 177 1 646 0 54 982802 232 0 243 1 58 1234 141 40 25 0 15 32
423 983969 P 335 19 4 2 1 5428 24 23 321 134 2 1 970573 560 5806 167 409 157 1 2 0
424 985443 T 469 121 781 8 9 3 301 236 9 113 3 181 41 32 10 353 982118 636 17 1 1
425 988687 I 87 385 0 6 75 0 0 987027 0 26 74 106 0 0 0 5 304 583 0 9 0
426 978547 M 16 152 0 0 9 3 2 743 98 344 975720 5 3 24 25 73 181 1147 0 0 2
427 976390 A 967173 49 1 244 8 1299 60 260 5 514 2471 438 205 205 83 1100 1028 1238 5 3 1
428 962638 A 959179 169 8 256 72 84 102 0 1 1 3 22 48 65 18 316 1992 284 0 18 0
429 951025 F 8 12 2 0 949274 4 5 45 0 568 7 1 0 0 1 138 2 15 0 943 0
430 936443 T 265 0 2 3 8 362 39 86 10 43 0 252 228 10 1358 1094 932654 27 2 0 0
431 918327 G 87 51 1 123 79 913949 72 19 31 167 0 12 20 108 230 51 179 193 301 2654 0
432 902095 N 458 675 158 5 67 204 209 179 249 154 0 897921 35 106 490 303 242 232 14 393 1
433 889281 T 261 204 21 45 489 52 40 558 315 863 67 31 42 2 323 140 885649 113 1 65 0
434 868966 E 251 7 268 866779 0 252 18 0 130 73 17 2 31 226 72 281 68 190 5 6 290
435 846534 G 34 0 0 172 0 845879 0 1 0 0 0 0 0 0 135 0 1 184 0 0 128
436 825075 R 0 0 1 0 0 138 0 209 106 0 0 0 0 0 824439 68 47 2 0 0 65
437 796506 T 139 25 0 17 0 3 0 100 129 0 2 75 9 0 50 472 795483 0 0 0 2
438 775073 S 6 0 0 0 5 1436 163 0 1 96 0 232 182 1 1 772652 52 1 3 18 224
439 755920 D 7 0 755212 194 0 127 44 0 0 11 0 96 0 0 1 1 0 73 0 154 0
440 731826 M 33 0 1 7 92 21 0 379 51 63 730887 0 5 8 25 29 101 105 17 2 0
441 710230 R 2 1 0 0 0 147 1 0 106 2 216 0 0 0 709528 134 38 1 47 7 0
442 686489 A 680173 114 0 176 0 126 4 97 155 13 1 13 30 6 21 1080 3249 1218 0 13 0
443 668071 E 4 1 76 667594 0 93 1 0 70 0 0 0 0 42 0 5 0 32 0 0 153
444 646698 I 0 15 0 0 24 2 0 646401 0 9 4 33 0 0 0 4 73 133 0 0 0
445 619300 I 19 1 0 1 0 0 0 618851 53 43 115 0 2 0 4 0 93 118 0 0 0
446 592372 R 105 15 219 2107 2 521 8 43 245 49 156 129 3 32 588217 373 69 38 39 1 1
447 570385 M 28 5 4 1 48 29 4 451 39 390 568837 3 0 6 75 94 153 174 12 32 0
448 545394 M 0 0 1 0 0 1 0 281 67 112 544724 1 0 0 7 0 70 130 0 0 0
449 515738 E 1 0 35 515307 0 125 0 0 65 1 0 0 2 27 2 0 24 45 0 0 104
450 490390 G 17 194 92 3 20 489132 0 6 1 201 14 38 4 54 127 113 130 244 0 0 0
451 461121 A 455900 5 0 151 90 2261 24 4 35 303 8 352 22 546 377 114 456 445 6 22 0
452 429978 K 36 1 0 75 12 27 11 15 429367 104 5 105 18 8 132 6 41 2 0 4 9
453 400507 P 32 70 21 1 0 1015 248 0 18 53 0 7 398466 100 125 147 48 62 94 0 0
454 376745 E 772 84 87 373894 5 440 72 331 106 183 0 0 16 159 1 80 23 329 6 60 97
455 338001 E 118 153 42 335057 24 567 82 46 101 578 80 79 20 223 152 226 131 200 0 35 87
456 306120 M 42 11 0 0 11 216 33 138 37 42 303832 27 1 13 1446 55 50 42 81 43 0
457 286633 S 18 244 0 1 23 144 2 4 0 28 0 13 52 43 1 285907 74 29 0 50 0
458 268584 F 0 6 0 0 268311 0 0 17 0 158 0 0 0 0 0 59 1 4 1 27 0
459 252475 Q 16 13 5 26 0 842 142 0 341 43 0 65 26 245451 5397 16 47 14 1 0 30
460 235055 G 151 15 0 59 0 234506 11 0 19 7 30 1 0 11 103 54 31 50 7 0 0
461 221527 R 2 1 0 0 0 12 0 0 0 85 0 0 19 99 221228 0 0 0 81 0 0
462 209523 G 26 1 0 59 0 209259 0 0 0 0 0 0 2 0 61 5 0 35 0 7 68
463 185364 V 20 0 8 2 43 5 0 39 0 28 5 0 0 0 0 1 0 185212 0 0 1
464 520344 F 0 6 0 0 519933 0 0 39 0 208 0 0 0 0 0 97 0 16 0 45 0
465 530715 E 5 0 194 530089 0 101 0 0 85 0 0 0 0 61 6 0 0 13 2 0 159
466 558293 L 42 6 0 12 506 65 589 812 1 554327 126 5 668 207 8 72 32 178 78 559 0
467 593401 S 2 0 11 8 2 35 10 5 27 129 0 17 96 41 117 592571 180 26 26 1 97
468 617320 D 3 1 616806 98 0 143 38 1 0 0 0 66 0 0 0 2 0 26 0 136 0
469 662824 E 24 0 59 661767 3 171 18 5 152 34 0 17 0 184 0 58 40 81 1 16 194
470 697964 R 10 0 0 0 0 138 0 0 79 0 184 0 0 0 697338 146 39 0 30 0 0
471 739223 A 738632 0 0 126 0 34 0 0 0 0 0 0 25 0 0 163 85 158 0 0 0
472 787322 A 786062 11 0 147 1 33 2 0 0 1 0 0 36 0 0 265 551 213 0 0 0
473 819220 N 2 0 117 0 0 3 5 47 158 58 0 818019 0 94 485 142 20 0 9 61 0
474 858152 P 106 0 0 37 0 0 0 0 1 147 0 0 857375 171 98 80 137 0 0 0 0
475 890307 I 2 5 0 0 58 0 0 889399 2 83 31 79 1 0 2 5 100 540 0 0 0
476 895485 V 1122 257 1 63 2 18 0 0 1 308 260 0 0 2 80 0 1 893370 0 0 0
477 918788 P 32 0 0 0 0 0 112 0 0 100 0 0 918268 0 33 129 114 0 0 0 0
478 950570 S 85 54 2 0 78 0 16 14 13 87 0 2 188 99 24 949541 58 180 12 117 0
479 976210 F 7 222 0 0 975077 80 0 116 0 348 0 1 2 0 4 84 0 152 35 82 0
480 988099 D 34 7 985661 237 12 189 239 0 0 19 0 219 214 38 252 376 32 300 0 270 0
481 1007363 M 25 13 0 0 0 5 0 565 62 106 1005919 0 0 7 133 3 157 281 52 35 0
482 1010711 S 0 94 0 0 0 176 10 297 1 0 0 180 0 0 191 1009723 39 0 0 0 0
483 1035733 N 1 1 142 1 2 0 3 134 462 20 0 1034832 0 0 0 84 8 0 0 43 0
484 1040829 E 12 0 77 1039495 0 144 0 9 164 2 0 56 188 106 1 14 14 217 0 0 330
485 1041518 G 105 63 0 98 54 1037297 48 0 0 3 0 61 14 5 2376 353 0 540 222 3 276
486 1040295 S 3 35 0 0 71 0 1 0 0 0 0 0 116 0 0 1039864 82 0 0 123 0
487 1038666 Y 0 102 4 0 43 0 193 1 2 1 0 8 0 0 0 4 0 2 0 1038234 72
488 1033039 F 0 4 0 0 1032405 0 0 60 0 368 0 0 0 0 0 128 0 6 0 68 0
489 1034783 F 0 5 0 0 1034052 0 0 45 0 439 0 0 0 0 0 104 0 11 0 127 0
490 1031711 G 69 0 0 100 0 1030754 0 0 2 0 0 0 0 0 353 0 0 225 0 0 208
491 1031435 D 17 0 1030401 226 0 257 44 1 0 0 5 96 0 0 0 0 0 148 0 239 1
492 1028915 N 0 3 143 0 0 0 4 63 87 0 1 1028336 0 3 34 164 20 0 0 57 0
493 1028686 A 1027272 0 1 219 0 59 0 0 0 12 0 0 58 0 6 354 452 253 0 0 0
494 1026905 E 21 0 310 1025695 0 207 0 0 224 0 6 0 17 84 0 0 0 68 0 1 272
495 1022705 E 6 0 487 1021538 0 186 0 0 104 1 0 0 3 57 16 19 0 61 10 1 216
496 985245 Y 0 225 10 0 125 1 139 1 0 1 0 76 0 0 0 4 0 21 53 984363 226
497 1010746 D 573 34 1000884 191 250 1306 102 151 4 90 676 3183 6 1 88 1125 158 1393 112 336 83
498 997664 N 215 53 120 4 38 1657 417 1464 8565 190 238 958204 15 52 22764 1879 1337 273 13 76 90
