# nucleotide counts
# upper case indicates nucleotide called by both reads
# lower case indicates nucleotide called by one read with other ambiguous
# N indicates disagreement between reads, or both ambiguous
# POSITION WT COUNTS A T C G a t c g N
1 A 1439193 1430015 96 30 248 8602 21 3 4 174
2 T 1441001 148 1430625 199 22 8 9504 2 2 491
3 G 1442422 247 250 66 1431694 2 16 1 9853 293
4 G 1443061 111 179 38 1432689 1 5 5 9809 224
5 C 1444903 295 764 1432307 61 8 25 10853 4 586
6 G 1447049 371 203 48 1434076 6 5 7 11904 429
7 T 1449021 1592 1432351 1359 264 9 12662 16 5 763
8 C 1451005 1431 1037 1434282 69 15 8 13924 1 238
9 C 1453051 1004 1451 1435165 353 9 25 14764 4 276
10 C 1455088 6033 5055 1426740 1363 58 67 15499 21 252
11 A 1457626 1430139 4953 4786 612 16709 85 65 9 268
12 A 1459871 1433289 2698 3680 1955 17835 43 57 31 283
13 G 1460987 346 444 340 1441480 11 11 12 18077 266
14 G 1462896 221 201 227 1442892 2 20 4 18892 437
15 C 1465694 338 201 1444727 53 5 21 20160 3 186
16 A 1467355 1444847 118 12 296 20987 14 17 7 1057
17 C 1469468 157 117 1447054 47 6 8 21881 2 196
18 C 1472700 330 116 1448251 82 13 13 23645 2 248
19 A 1475635 1449217 51 14 157 25940 11 6 9 230
20 A 1478119 1451035 94 9 178 26525 3 3 5 267
21 A 1480029 1453111 81 79 202 26143 10 4 5 394
22 C 1482363 286 298 1454681 54 12 33 26755 3 241
23 G 1484573 235 295 52 1456964 8 49 12 26704 254
24 G 1487868 291 154 41 1459668 9 14 8 27432 251
25 T 1490864 285 1458185 242 118 6 29404 13 11 2600
26 C 1493781 389 159 1461737 113 15 21 31156 8 183
27 T 1496713 268 1461975 307 77 12 33842 22 5 205
28 T 1499828 82 1460316 775 148 1 38306 27 3 170
29 A 1503962 1460283 225 127 232 42856 24 11 12 192
30 T 1508046 360 1460860 455 38 25 45928 17 7 356
31 G 1509794 292 349 118 1458797 15 56 16 49826 325
32 A 1513304 1458584 135 17 277 53898 13 10 12 358
33 A 1516640 1459211 126 21 402 56544 29 7 22 278
34 C 1521068 2711 1871 1455147 676 110 88 60197 35 233
35 A 1525502 1454218 519 2434 1312 66549 39 110 67 254
36 G 1526843 2355 1180 1489 1450322 118 101 86 70976 216
37 A 1530379 1451864 140 16 220 77834 20 5 26 254
38 T 1534076 155 1446241 190 31 67 85136 53 27 2176
39 G 1537098 258 201 84 1443163 70 63 19 92959 281
40 G 1539488 3747 243 73 1435240 173 73 16 99677 246
41 A 1542454 1425185 96 16 3835 112190 68 13 205 846
42 A 1545495 1423923 63 33 525 120585 14 20 59 273
43 A 1547329 1423602 97 168 201 122728 43 48 36 406
44 C 1550060 363 162 1422132 46 86 50 126973 25 223
45 T 1554489 253 1414579 326 51 62 138693 47 34 444
46 G 1554504 329 321 102 1408180 68 116 20 145146 222
47 A 1555348 1404338 116 160 265 149870 51 40 70 438
48 T 1557549 297 1401014 199 62 83 155576 27 43 248
49 G 1557633 566 372 232 1388178 113 162 51 167736 223
50 G 1555707 452 251 349 1379395 105 172 70 174648 265
51 G 1552401 662 579 273 1370585 139 178 61 179672 252
52 G 1549239 661 300 1189 1360467 477 81 190 185587 287
53 A 1547827 1353719 384 1321 463 190792 379 211 112 446
54 A 1542956 1348937 287 862 1155 190638 351 192 178 356
55 C 1539800 261 337 1336418 62 92 93 202221 93 223
56 G 1532163 516 271 88 1325415 401 73 90 204949 360
57 C 1529036 286 120 1317905 34 95 40 210301 29 226
58 C 1535133 254 243 1308218 83 175 283 225542 32 303
59 A 1537732 1296251 121 3052 452 236738 43 515 332 228
60 G 1529025 106 328 99 1291659 104 160 32 236321 216
61 A 1524804 1279906 686 354 244 242855 161 115 246 237
62 A 1522180 1260639 140 2182 831 257396 74 481 207 230
63 T 1522074 1548 1247872 931 515 484 269951 217 166 390
64 G 1512236 1170 380 1846 1229782 367 210 422 277823 236
65 C 1506706 556 876 1210889 2055 260 216 291154 500 200
66 A 1504548 1189736 831 1059 650 311235 251 298 230 258
67 A 1497485 1171728 2725 210 502 320761 890 71 249 349
68 C 1494867 591 135 1163706 250 472 70 329107 191 345
69 T 1493987 1538 1162700 833 283 622 327378 219 157 257
70 G 1482675 471 320 428 1152019 193 190 153 328684 217
71 A 1475905 1137792 405 254 219 336429 286 101 196 223
72 G 1468343 1671 465 236 1125160 661 217 174 339554 205
73 A 1460041 1105698 108 37 163 353369 127 132 125 282
74 T 1451809 106 1084437 146 20 158 366469 106 122 245
75 C 1446130 285 142 1060737 88 418 163 383957 148 192
76 A 1442468 1040359 108 208 281 400706 228 121 168 289
77 G 1424883 140 280 87 1024596 197 229 70 399086 198
78 A 1413522 1001225 59 52 329 411305 79 53 218 202
79 G 1398064 313 292 338 978771 235 244 229 417368 274
80 C 1384725 401 311 972199 382 402 205 410370 246 209
81 A 1373463 948829 117 236 451 423125 129 138 254 184
82 T 1360725 2718 930077 247 795 1265 424746 181 415 281
83 C 1350515 2763 96 920215 931 1518 201 424206 426 159
84 C 1358509 749 2056 914321 295 832 1042 438736 248 230
85 G 1348174 687 176 22 909899 715 253 37 436131 254
86 T 1331438 71 895021 123 8 161 435097 101 307 549
87 C 1322607 1036 245 882520 63 713 425 437011 257 337
88 G 1297924 912 231 42 878154 869 325 181 416953 257
89 G 1275223 672 143 40 862759 644 183 42 410542 198
90 G 591296 121 141 158 453698 78 84 126 136797 93
91 A 585351 454319 51 77 81 130521 50 21 42 189
92 A 578910 446946 38 16 168 131453 77 16 57 139
93 G 576113 87 161 46 448499 45 94 29 127058 94
94 A 575520 447524 33 4 65 127712 39 7 31 105
95 T 579281 33 450894 52 4 37 128116 29 11 105
96 G 580922 50 138 29 460675 39 113 25 119787 66
97 A 582145 463875 48 18 159 117842 28 14 53 108
98 T 583036 37 466407 69 17 35 116344 21 10 96
99 T 584645 69 472486 81 6 27 111829 43 16 88
100 G 586143 311 465 220 478382 111 188 88 106279 99
101 A 588107 480304 731 591 577 105322 207 138 140 97
102 T 592354 779 490774 242 319 180 99813 56 84 107
103 G 594797 93 118 36 494807 46 81 24 99480 112
104 G 600895 57 125 54 500513 33 60 26 99927 100
105 A 604409 504119 64 42 120 99826 47 18 31 142
106 A 608198 515360 27 14 111 92399 28 9 146 104
107 T 609600 49 522476 56 4 115 86694 28 70 108
108 T 616895 113 524683 68 16 45 91794 24 55 97
109 G 621919 82 138 27 533408 25 160 16 87929 134
110 G 625708 70 81 33 543077 15 37 16 82275 104
111 A 630525 548063 66 11 226 81801 30 48 47 233
112 C 639748 133 140 553740 27 114 73 85367 15 139
113 G 647392 107 149 34 559448 45 89 22 87397 101
114 A 653983 567384 45 19 101 86228 23 12 60 111
115 T 660680 124 570713 221 97 36 89291 34 30 134
116 T 665302 50 575779 283 33 18 88904 55 33 147
117 C 668610 136 112 582100 286 45 34 85749 35 113
118 T 677935 48 589653 290 7 45 87737 55 2 98
119 A 685173 596392 51 15 101 88276 58 12 38 230
120 C 692524 165 103 603819 16 54 55 88189 27 96
121 A 701295 607851 185 572 229 92129 42 120 49 118
122 T 707547 112 613461 289 131 66 93205 77 34 172
123 C 714770 280 137 621184 758 85 43 92013 144 126
124 C 722983 128 82 627518 42 52 50 94953 17 141
125 A 731193 633437 45 18 92 97365 44 31 26 135
126 A 737157 638994 20 33 81 97786 32 27 22 162
127 A 745040 648387 42 15 78 96309 31 19 19 140
128 T 751621 185 656931 71 5 62 94216 22 9 120
129 G 755815 110 188 177 665287 42 70 53 89793 95
130 T 762949 121 672919 160 61 37 89253 30 31 337
131 G 769299 98 268 85 680365 29 90 20 88211 133
132 C 776463 211 359 683884 49 40 61 91693 9 157
133 A 782208 691894 234 57 390 89249 51 30 62 241
134 C 787011 178 339 696548 209 34 62 89477 38 126
135 T 792033 265 701620 548 128 56 89147 97 27 145
136 G 793878 125 202 43 707992 36 68 28 85283 101
137 A 800124 712505 66 12 122 87177 29 17 24 172
138 A 805650 718060 91 20 133 86958 48 20 38 282
139 C 810963 155 149 724992 16 41 38 85397 18 157
140 T 817948 34 732515 102 26 23 85054 37 7 150
141 T 824076 189 737112 336 173 43 85963 72 28 160
142 A 828381 740312 86 30 95 87632 58 7 19 142
143 A 834710 744852 31 32 123 89444 24 8 38 158
144 A 839334 746509 47 67 138 92194 31 23 30 295
145 C 844878 156 462 751150 43 56 65 92789 11 146
146 T 850486 56 754260 126 25 23 95740 25 19 212
147 C 856124 753 219 756875 246 117 53 97655 42 164
148 A 861537 757057 1222 600 2978 98854 203 85 395 143
149 G 864880 504 169 2410 761984 71 69 385 99148 140
150 T 870089 626 765372 2764 1358 107 98800 393 212 457
151 G 875776 431 200 190 772380 84 74 38 102261 118
152 A 879638 779219 141 501 212 99246 27 85 37 170
153 T 883231 231 781405 259 96 44 100956 38 13 189
154 T 890159 244 786410 158 82 78 102972 31 17 167
155 A 896309 792327 134 474 204 102873 44 80 27 146
156 T 901095 128 798221 390 274 33 101772 79 36 162
157 G 904042 103 246 70 805383 46 74 20 97956 144
158 A 908502 810465 87 39 216 97359 101 11 43 181
159 G 910079 211 209 52 811588 45 105 8 97679 182
160 G 911907 208 226 44 815046 44 113 11 96004 211
161 G 913199 158 129 398 819155 43 75 48 92945 248
162 G 914278 242 207 202 823952 45 77 69 89301 183
163 C 919233 368 261 825772 74 139 122 92224 28 245
164 G 924477 252 235 56 823607 117 84 26 99921 179
165 A 926720 826968 166 88 283 98780 45 22 96 272
166 C 931378 393 164 830687 55 169 66 99684 23 137
167 T 938766 122 832679 445 22 136 105127 68 16 151
168 G 940265 468 567 528 832853 88 206 90 105343 122
169 A 944763 836861 144 473 369 106523 122 65 52 154
170 T 948482 74 842325 134 18 90 105530 45 71 195
171 C 955119 376 171 848507 480 82 149 105105 73 176
172 C 960377 172 126 849901 40 193 89 109679 12 165
173 A 964792 853622 65 22 180 110537 133 39 36 158
174 G 963780 169 203 55 852740 99 104 22 110241 147
175 A 969999 853175 78 17 116 116313 29 15 71 185
176 A 972678 851786 55 19 120 120349 44 10 64 231
177 C 975533 150 470 849637 34 63 156 124823 43 157
178 A 977011 852163 348 30 143 123978 124 20 33 172
179 G 975176 84 273 371 857153 28 80 96 116951 140
180 C 976323 278 177 856832 213 95 53 118434 70 171
181 T 983665 529 860261 104 343 106 122019 37 65 201
182 T 989170 122 869165 121 36 57 119383 64 20 202
183 A 992709 871862 255 210 235 119804 72 46 56 169
184 A 996425 875540 263 25 262 119982 61 42 45 205
185 C 1000492 180 85 876876 323 148 37 122624 53 166
186 A 1006048 879023 361 1209 216 124797 79 191 37 135
187 A 1004755 881893 74 58 176 122267 32 22 81 152
188 T 1007997 82 886695 161 6 58 120684 87 11 213
189 A 1010604 886351 225 109 225 123382 91 17 47 157
190 G 1010032 79 279 99 891190 30 92 34 118038 191
191 A 1011678 892375 79 11 139 118766 72 6 32 198
192 G 1011234 404 223 87 896010 82 56 23 114197 152
193 A 1013846 894669 77 112 164 118484 50 22 37 231
194 G 1013196 94 241 47 893258 42 55 24 119264 171
195 A 1012427 895358 68 88 410 116168 28 19 84 204
196 A 1014865 899873 62 16 128 114516 11 12 32 215
197 T 1016707 95 898950 96 15 45 117209 24 11 262
198 G 1014660 130 225 58 897515 47 93 26 116352 214
199 G 1016260 198 153 52 893556 49 38 23 121970 221
200 T 1019599 142 892679 162 38 46 125310 33 77 1112
201 G 1025995 276 331 82 895853 80 86 34 129081 172
202 C 1030283 370 287 896821 65 78 78 132354 22 208
203 T 1035355 59 895987 167 37 46 138715 55 22 267
204 C 1040466 234 956 900071 303 123 193 138362 63 161
205 T 1041706 340 896202 175 38 149 144570 54 23 155
206 C 1040705 183 84 892670 361 84 48 147047 70 158
207 T 1042904 170 888071 511 53 106 153678 107 20 188
208 G 1034806 573 426 53 882564 207 130 33 150644 176
209 C 1035336 245 129 879178 119 111 140 155189 64 161
210 T 1041509 247 879231 324 296 69 160975 94 63 210
211 T 1042705 49 878554 137 41 48 163495 42 131 208
212 T 1043694 292 877829 110 34 70 165030 66 29 234
213 T 1043121 57 872051 253 40 48 170348 60 58 206
214 G 1035957 147 202 62 868399 151 104 31 166706 155
215 A 1029004 864033 93 14 182 164320 49 38 75 200
216 C 1028390 153 612 861048 57 87 203 165897 130 203
217 G 1026485 616 1037 1655 858104 219 259 384 164056 155
218 A 1026211 860851 1725 537 908 161302 411 107 194 176
219 A 1026218 859969 704 663 509 163717 164 125 147 220
220 A 1025997 862203 61 95 184 163063 82 29 73 207
221 G 1020957 488 226 70 863159 150 105 25 156573 161
222 A 1021781 866017 100 29 430 154800 59 15 115 216
223 A 1018992 865343 44 478 137 152654 48 73 74 141
224 G 1016189 91 217 33 866389 53 108 24 149096 178
225 G 1009333 165 485 144 863446 106 100 46 144671 170
226 A 1003662 859275 89 56 286 143634 43 4 66 209
227 A 1004055 857078 292 52 186 146176 71 14 31 155
228 T 1001676 107 856815 272 178 103 143872 74 33 222
229 A 1000927 853140 383 520 469 145907 116 128 118 146
230 A 997786 852446 286 312 915 143293 76 94 197 167
231 A 991051 849845 731 343 194 139423 180 122 62 151
232 T 988585 68 846345 219 8 64 141560 67 45 209
233 A 987871 850544 184 13 92 136704 94 39 34 167
234 T 981632 78 852687 242 5 40 128290 72 38 180
235 C 980307 254 54 855098 60 81 37 124552 29 142
236 T 982514 90 847133 180 18 59 134783 50 19 182
237 G 975502 324 280 140 844148 85 160 32 130157 176
238 G 974049 336 638 156 841103 145 130 43 131328 170
239 A 973019 836197 217 584 221 135342 58 119 102 179
240 A 972295 834043 239 521 310 136669 110 122 113 168
241 G 969129 217 325 131 833940 129 104 52 134065 166
242 A 966504 832567 238 45 281 133003 110 18 78 164
243 A 967184 831405 349 113 258 134529 104 93 77 256
244 C 966365 1361 1232 827643 190 296 248 135174 74 147
245 A 970449 827926 715 455 888 139792 211 111 173 178
246 T 969072 1620 823900 1028 999 309 140543 209 180 284
247 C 970399 543 192 824093 867 129 63 144207 137 168
248 C 972639 292 210 824035 811 184 46 146693 140 228
249 C 978102 317 681 823732 1008 208 143 151608 217 188
250 A 983285 826324 719 321 1550 153712 111 96 277 175
251 G 976596 390 612 1349 831166 97 159 264 142400 159
252 C 971859 1226 1000 829182 429 233 184 139228 167 210
253 G 968318 1135 702 652 826087 204 194 145 139048 151
254 C 965809 572 236 827104 654 140 157 136414 223 309
255 G 965633 1024 680 549 828798 192 254 109 133881 146
256 G 962614 1260 498 2447 822434 209 180 368 135045 173
257 G 961007 2664 573 682 823410 415 165 117 132793 188
258 G 957638 1028 980 1575 822940 243 188 253 130256 175
259 A 959137 828168 73 23 232 130302 61 21 60 197
260 A 958412 834162 51 23 133 123220 472 11 163 177
261 G 955966 168 221 51 834420 52 179 20 120703 152
262 G 951342 3986 492 39 829903 655 490 84 115515 178
263 A 949499 833485 96 114 664 114324 471 36 105 204
264 T 947067 146 832488 2871 35 65 110337 834 19 272
265 C 943880 202 595 832386 1136 72 479 108646 180 184
266 C 947790 344 283 830078 452 130 454 115716 116 217
267 T 954464 542 831370 1621 534 238 119441 480 80 158
268 A 953612 832195 72 1539 463 118595 39 454 88 167
269 A 952513 834639 409 330 1578 114946 105 64 271 171
270 G 951084 679 807 559 837389 156 171 85 110994 244
271 A 950594 839310 37 402 94 110438 36 83 31 163
272 A 951648 836999 23 9 706 113490 94 18 129 180
273 A 949464 834110 389 11 397 114215 89 8 52 193
274 A 946587 834925 50 45 80 110971 58 37 32 389
275 C 946874 165 54 834626 25 74 26 111721 14 169
276 T 947854 187 831246 490 137 27 115393 81 48 245
277 G 944503 145 166 57 831894 31 109 20 111887 194
278 G 944187 89 81 49 833775 45 50 11 109927 160
279 A 948638 836149 78 10 306 111748 46 4 89 208
280 G 947567 107 112 35 836521 50 40 14 110531 157
281 G 946487 98 151 40 835972 43 63 14 109904 202
282 A 945219 833630 104 361 323 109773 31 105 116 776
283 C 946790 163 203 834214 73 44 83 111748 31 231
284 C 949455 160 76 834449 88 67 56 114344 23 192
285 C 950571 338 273 830890 75 139 50 118548 36 222
286 A 952924 830616 78 51 252 121621 51 20 52 183
287 T 950696 95 829834 113 11 41 120370 29 11 192
288 A 947226 829060 66 60 118 117693 36 26 27 140
289 T 948606 59 828120 127 7 38 119992 39 9 215
290 A 946960 826672 101 14 113 119726 35 18 17 264
291 C 946982 216 221 828000 52 110 55 118034 23 271
292 A 949383 826145 79 59 162 122704 23 9 39 163
293 A 950041 824289 95 58 381 124869 59 20 76 194
294 G 949571 275 259 99 824429 79 75 33 124144 178
295 A 948157 821166 71 501 160 125878 70 73 34 204
296 G 943239 140 195 81 818957 50 63 16 123573 164
297 A 942406 818555 76 246 235 122905 30 49 59 251
298 G 940797 706 581 503 818093 131 109 82 120424 168
299 T 942176 651 818731 880 313 257 118845 171 147 2181
300 A 943312 819687 566 720 1084 120656 118 119 171 191
301 G 941892 157 249 142 823014 59 81 36 117951 203
302 A 942513 824374 104 96 126 117593 22 19 21 158
303 T 944219 110 824041 248 49 61 119451 34 17 208
304 A 945594 822483 184 588 692 121199 70 82 146 150
305 G 942003 226 212 517 821776 74 66 102 118888 142
306 A 942527 820824 520 590 488 119603 102 116 104 180
307 A 945517 825707 76 301 286 118787 45 47 47 221
308 A 944940 827667 123 139 536 116158 32 41 85 159
309 G 946054 335 453 99 826420 63 85 46 118362 191
310 T 948219 87 825521 110 18 94 120920 40 167 1262
311 G 948159 135 162 42 824295 40 94 38 123148 205
312 G 946688 97 187 35 824308 28 56 36 121718 223
313 A 946914 822494 214 473 456 122902 45 80 73 177
314 T 943588 471 822888 314 192 107 119241 49 55 271
315 G 943908 314 648 326 825470 58 162 57 116696 177
316 A 943520 819376 88 97 192 123334 93 19 64 257
317 G 936513 165 186 28 812523 50 140 17 123255 149
318 G 934123 197 93 82 811812 50 100 21 121502 266
319 G 928923 490 207 53 809975 87 79 10 117622 400
320 A 928317 807680 45 53 119 120112 32 16 36 224
321 A 925366 807194 88 32 178 116797 26 84 34 933
322 C 921447 182 195 807330 51 44 70 113410 18 147
323 T 921492 78 805792 319 112 32 114739 75 41 304
324 C 924229 282 279 806293 69 74 87 116969 25 151
325 G 922598 331 283 128 805121 162 65 68 116272 168
326 T 923884 154 803424 215 202 72 119433 43 46 295
327 C 925683 227 223 799756 184 73 60 124903 63 194
328 C 928735 405 77 798997 43 130 59 128792 24 208
329 T 930339 32 799199 121 17 74 130675 46 12 163
330 T 928995 166 797972 105 46 85 130394 53 6 168
331 T 925778 896 795031 180 168 180 129090 37 38 158
332 A 921212 790153 634 548 136 129251 170 126 46 148
333 T 918807 750 784773 563 121 145 132124 107 38 186
334 G 913960 335 192 106 781861 85 118 60 131007 196
335 A 912550 780428 109 70 193 131323 72 29 55 271
336 C 914500 180 178 777625 135 223 45 135751 55 308
337 A 919134 776917 40 18 101 141795 40 13 44 166
338 A 917293 771876 51 18 96 145015 23 12 26 176
339 A 920566 772214 45 19 269 147724 63 11 60 161
340 G 921300 102 260 283 777600 108 99 85 142526 237
341 A 922329 782111 199 27 156 139533 58 11 44 190
342 A 924911 785915 209 38 199 138237 61 10 65 177
343 G 920597 83 172 30 790162 105 82 27 129654 282
344 A 919986 786369 49 3 114 133237 26 6 38 144
345 A 917294 781727 31 6 145 135148 25 8 29 175
346 A 916525 781726 53 31 217 134244 32 8 52 162
347 T 915246 59 776297 95 20 90 138364 29 16 276
348 A 921538 779147 270 137 200 141470 75 42 46 151
349 A 924164 781833 73 84 158 141668 63 41 57 187
350 G 920873 148 286 66 783953 63 74 43 136082 158
351 G 916527 173 201 49 784479 52 57 34 131310 172
352 C 916374 241 152 787092 34 69 110 128376 60 240
353 G 915726 180 204 37 785465 80 62 21 129456 221
354 A 916275 788010 52 25 150 127788 34 14 47 155
355 A 916303 785928 90 54 273 129583 47 26 77 225
356 T 918136 74 787654 226 63 41 129779 73 23 203
357 C 917425 285 335 789589 135 81 106 126666 53 175
358 T 923760 72 790519 174 24 94 132535 50 37 255
359 G 922241 113 161 42 792199 66 83 16 129417 144
360 G 919356 112 111 21 792321 31 44 28 126475 213
361 C 923715 220 457 793325 98 72 140 129146 54 203
362 G 921688 520 223 78 794127 129 72 50 126234 255
363 C 920504 186 258 796581 165 25 61 123018 51 159
364 C 927611 1056 222 797203 334 254 59 128029 55 399
365 A 928877 792930 471 760 263 134039 94 125 42 153
366 A 928964 791305 710 491 273 135715 144 71 56 199
367 G 926718 149 390 40 795389 60 99 21 130438 132
368 C 922868 136 139 798695 63 37 38 123575 29 156
369 C 922874 182 137 799543 100 103 57 122525 26 201
370 A 925379 801607 27 55 128 123282 38 30 33 179
371 A 930394 804583 66 8 88 125390 18 26 43 172
372 T 930751 121 806018 183 13 91 124145 36 7 137
373 A 934031 809844 575 107 393 122677 162 29 85 159
374 A 935330 810492 388 203 447 123406 114 46 72 162
375 T 939814 445 812324 367 157 131 126149 69 33 139
376 G 938844 325 306 149 810730 97 124 53 126898 162
377 G 937879 299 173 159 810046 106 41 52 126854 149
378 T 938672 318 811311 290 271 117 124705 80 154 1426
379 G 937679 633 1330 434 815683 114 306 83 118954 142
380 A 937315 817206 735 1058 495 117222 118 209 99 173
381 T 938185 1300 818125 675 290 261 117191 101 64 178
382 G 938978 1237 559 716 817843 291 155 157 117863 157
383 A 938185 821363 907 949 548 113793 198 186 92 149
384 T 939136 832 821407 848 582 200 114785 201 97 184
385 G 940590 829 339 119 823781 195 93 28 115041 165
386 C 940955 289 358 825032 377 102 133 114424 62 178
387 A 945316 827932 176 744 385 115633 67 117 73 189
388 A 947251 832948 81 298 134 113393 37 92 29 239
389 C 948644 585 146 835161 103 167 39 112231 25 187
390 A 951423 834916 174 221 172 115648 52 46 32 162
391 G 953922 188 371 1085 837790 76 88 164 114012 148
392 C 953471 296 93 837662 55 76 50 115072 33 134
393 T 953910 104 835654 1180 268 27 116240 190 38 209
394 G 952937 114 194 32 832862 49 77 12 119431 166
395 G 945427 95 115 38 829325 26 30 17 115630 151
396 T 942669 106 826663 492 9 47 114757 79 37 479
397 C 941830 325 166 823514 41 90 35 117509 21 129
398 T 943039 28 821922 221 16 42 120585 45 10 170
399 G 936870 289 274 236 820049 52 82 51 115691 146
400 A 934711 821384 144 10 174 112667 49 15 34 234
401 C 938374 194 94 821792 67 47 23 116019 14 124
402 T 939609 143 820949 488 104 50 117596 65 17 197
403 C 940372 202 108 819791 44 73 34 119975 18 127
404 A 941953 820888 83 12 132 120451 38 27 27 295
405 C 942596 225 141 824656 33 53 70 117267 9 142
406 A 947256 825204 154 177 197 121284 24 46 42 128
407 T 950015 70 826748 124 19 41 122375 40 22 576
408 G 948062 274 445 850 831383 53 147 141 114640 129
409 A 946520 833918 77 12 134 112141 24 10 32 172
410 T 947123 81 831111 119 5 34 115570 19 11 173
411 G 947274 115 194 46 831720 24 84 36 114923 132
412 A 948891 833591 65 11 94 114864 27 12 29 198
413 T 946750 67 834768 105 5 17 111577 19 16 176
414 C 946637 288 123 830531 39 89 28 115365 30 144
415 T 949425 62 829957 220 32 58 118862 52 7 175
416 G 942291 169 187 40 828868 56 93 25 112710 143
417 G 937727 114 155 36 829248 36 44 11 107936 147
418 C 937546 230 167 828628 63 64 32 108149 27 186
419 A 938367 828138 62 7 137 109796 24 8 24 171
420 T 939361 56 828415 247 92 16 110326 32 21 156
421 T 939157 211 830164 151 31 38 108354 30 13 165
422 C 937671 198 85 830592 213 53 36 106264 46 184
423 C 937873 187 217 828638 30 101 54 108418 22 206
424 A 940206 827199 39 20 109 112629 23 10 24 153
425 A 938299 826710 37 8 106 111211 20 4 30 173
426 T 937020 49 824184 1216 12 14 111200 159 7 179
427 T 939998 51 826042 139 9 22 113469 34 6 226
428 T 941827 59 824954 164 5 13 116404 32 6 190
429 G 940557 170 211 59 824522 49 105 23 115241 177
430 A 941698 829030 83 17 193 112142 27 4 31 171
431 A 940401 827517 54 24 163 112411 16 13 31 172
432 T 939646 84 823717 137 11 27 115463 33 13 161
433 G 935664 75 216 55 823456 24 107 27 111525 179
434 A 933035 824475 83 4 107 108143 19 12 31 161
435 T 932757 59 822058 160 8 21 110256 31 17 147
436 A 933396 817623 630 6 691 114021 93 8 106 218
437 C 933728 180 86 817201 687 107 33 115153 134 147
438 A 938100 817882 77 1020 472 118212 46 175 65 151
439 A 936450 819086 90 13 141 116785 32 31 26 246
440 C 935996 207 85 819230 47 75 79 116103 12 158
441 A 935102 816397 44 27 117 118277 17 7 88 128
442 T 929659 44 810938 122 2 25 118266 95 3 164
443 A 929342 810724 65 8 98 117485 29 136 36 761
444 C 931709 106 87 811613 31 46 37 119541 98 150
445 C 933428 239 106 809609 39 88 35 123030 124 158
446 A 941173 812165 72 13 197 128403 142 7 37 137
447 G 941092 172 250 70 814724 36 82 16 125623 119
448 A 943559 809743 51 16 134 133205 54 131 41 184
449 G 941261 101 189 36 807194 23 127 18 133422 151
450 G 937197 131 124 39 806794 154 54 27 129678 196
451 A 938369 806298 153 7 157 131287 58 14 50 345
452 C 938743 142 121 807696 30 65 58 130440 28 163
453 A 941715 806881 70 87 289 134055 46 45 58 184
454 A 937445 805506 70 313 147 131055 58 62 49 185
455 G 939489 135 78 31 808133 97 75 16 130679 245
456 A 936979 809602 201 68 246 126535 45 27 68 187
457 G 933121 116 229 32 812131 36 69 32 120337 139
458 C 935188 174 44 810536 46 71 28 124109 34 146
459 T 939374 238 812535 161 38 63 126085 41 26 187
460 C 939684 504 248 815207 84 127 97 123104 27 286
461 T 939316 71 818342 115 14 60 120471 35 16 192
462 T 944022 629 817564 350 181 102 124871 81 49 195
463 G 942924 227 258 43 816243 56 93 21 125822 161
464 T 940947 120 812039 196 56 40 128149 50 23 274
465 T 939959 170 808925 178 104 65 130095 155 37 230
466 C 938201 277 203 807702 42 124 97 129550 27 179
467 G 942074 268 143 29 811863 168 165 15 129252 171
468 C 944625 276 440 820422 313 64 124 122780 47 159
469 A 947501 819870 247 49 936 124916 197 84 163 1039
470 C 949722 129 1007 818651 181 49 181 129179 178 167
471 C 953053 454 819 815722 2002 135 237 133084 445 155
472 G 954899 307 188 36 816912 142 156 31 136941 186
473 G 953162 222 126 71 820390 115 66 34 131934 204
474 C 953702 286 206 818546 195 79 116 134075 51 148
475 A 950142 815680 677 420 128 132782 129 88 67 171
476 T 950054 51 815296 119 23 32 134319 31 26 157
477 G 946726 428 387 239 812879 131 150 57 132248 207
478 G 941752 100 156 33 816181 57 67 29 124977 152
479 A 943378 818358 39 16 143 124558 23 22 31 188
480 T 943962 76 820050 218 31 38 123246 49 33 221
481 C 943800 476 966 817666 748 124 209 123270 141 200
482 C 946566 180 246 821659 459 95 74 123529 105 219
483 C 947560 889 215 819988 778 214 83 125052 154 187
484 A 953442 825149 47 315 214 127328 47 70 62 210
485 G 952697 106 235 36 827159 42 85 26 124826 182
486 G 951054 241 410 75 828749 74 97 17 121226 165
487 A 949480 825903 184 33 387 122619 64 11 76 203
488 T 951330 51 827252 402 112 23 123161 83 45 201
489 G 949333 262 614 105 828774 83 109 39 119180 167
490 T 949383 349 828544 136 545 71 119092 48 118 480
491 G 947753 255 555 483 826400 63 124 82 119616 175
492 C 947716 426 389 823644 248 86 78 122609 71 165
493 T 952853 859 820943 132 77 182 130321 64 84 191
494 C 955488 820 76 817913 201 303 35 135792 57 291
495 T 958159 103 816854 812 153 121 139719 185 53 159
496 C 959363 493 129 816457 63 137 38 141861 23 162
497 T 962430 78 818784 199 10 163 142906 70 53 167
498 G 957646 150 277 278 820809 120 97 140 135636 139
499 A 956977 822740 147 553 111 132889 65 129 169 174
500 T 961463 81 827911 149 9 69 132951 72 16 205
501 G 963301 243 251 48 826285 160 59 55 136064 136
502 C 964396 235 236 830248 205 72 203 133009 40 148
503 A 964279 830420 44 223 293 132803 97 42 138 219
504 G 960395 406 229 88 830919 89 179 49 128299 137
505 G 955101 95 150 38 828065 43 134 33 126366 177
506 G 956647 121 100 19 828617 26 53 14 127539 158
507 T 956278 59 829607 247 234 44 125201 83 140 663
508 T 952161 134 831329 101 16 88 120267 49 17 160
509 C 953398 173 226 834389 92 85 225 118015 31 162
510 G 954264 296 345 59 833608 213 90 69 119420 164
511 A 954127 833792 114 17 130 119193 56 44 51 730
512 C 957545 178 86 839047 35 77 49 117907 13 153
513 T 960730 56 837753 292 13 36 122190 91 29 270
514 C 958968 296 68 836439 54 82 34 121839 13 143
515 T 960433 82 834920 182 12 115 124785 77 9 251
516 C 962560 284 264 834687 53 62 64 126931 26 189
517 C 968540 176 149 836844 105 134 39 130858 31 204
518 C 972847 279 83 840632 54 131 37 131452 25 154
519 T 975565 208 838919 532 321 114 135149 110 56 156
520 A 974466 832712 54 19 125 141231 76 39 47 163
521 G 972524 86 207 58 832778 28 93 56 139053 165
522 G 972654 126 130 57 835100 99 50 23 136896 173
523 A 971979 832853 56 33 171 138460 36 33 56 281
524 G 974170 1017 184 30 834307 188 76 100 138146 122
525 G 973714 147 102 22 836701 47 141 21 136415 118
526 T 977135 42 837894 130 36 63 137810 181 120 859
527 C 979107 128 70 840915 45 33 40 137695 28 153
528 T 984915 67 847986 455 66 50 136032 89 19 151
529 G 986282 124 142 49 849854 62 202 27 135647 175
530 G 988996 87 129 27 854592 31 175 16 133764 175
531 A 990481 859579 125 163 274 129842 42 43 188 225
532 G 991772 156 286 170 862790 155 47 41 127984 143
533 C 996114 293 131 868116 59 72 34 127205 15 189
534 T 1002153 177 874567 463 87 44 126515 83 26 191
535 G 1001925 253 232 38 879537 63 65 16 121548 173
536 C 1004691 240 182 877178 45 48 74 126726 23 175
537 A 1008773 875788 295 529 828 130772 133 87 135 206
538 G 1007615 76 145 64 880524 31 61 21 126516 177
539 G 1005896 94 150 22 879958 46 49 17 125393 167
540 C 1007123 398 454 877532 96 92 84 128222 30 215
541 G 1011472 275 383 132 877579 62 106 53 132738 144
542 C 1014774 212 148 879646 130 55 41 134344 28 170
543 T 1020529 36 884520 503 175 25 134954 94 47 175
544 G 1022044 366 270 80 882781 93 79 29 138195 151
545 C 1026933 337 304 883146 47 81 101 142679 27 211
546 A 1033695 885527 124 188 318 147177 57 48 59 197
547 G 1035632 521 248 41 886497 116 73 32 147981 123
548 T 1037569 82 889078 258 18 62 147592 161 35 283
549 C 1042279 351 347 894310 90 111 195 146640 32 203
550 A 1046593 894184 57 8 166 151751 40 141 43 203
551 A 1052484 901537 68 6 132 150292 74 103 43 229
552 A 1054875 907810 58 61 387 146195 34 45 95 190
553 G 1057917 94 203 40 905538 42 99 44 151702 155
554 G 1056843 89 186 26 902994 135 79 26 153124 184
555 A 1060390 906172 214 65 282 153127 62 90 115 263
556 G 1058107 905 172 62 909175 183 55 86 147355 114
557 T 1056645 90 912967 149 10 70 142514 43 71 731
558 T 1064890 230 922859 468 109 64 140757 127 45 231
559 G 1065434 145 197 41 925734 70 177 50 138829 191
560 G 1064748 135 138 78 929631 47 137 37 134322 223
561 G 1065101 208 153 100 932987 80 44 27 131320 182
562 A 1066701 931141 181 15 237 134641 54 29 65 338
563 C 1069361 171 168 933740 30 87 54 134884 32 195
564 A 1071943 935063 121 176 184 136045 34 47 40 233
565 A 1073500 938476 256 401 197 133736 66 72 65 231
566 T 1078712 129 945535 136 197 49 132410 41 55 160
567 G 1077992 260 475 472 948554 61 155 107 127697 211
568 G 1076423 150 165 31 949941 69 57 17 125801 192
569 T 1078036 105 946773 243 114 71 128183 93 254 2200
570 G 1077619 271 298 187 952125 83 80 62 124355 158
571 A 1077715 951341 236 42 155 125602 32 49 36 222
572 T 1078768 75 950776 132 14 26 127491 49 16 189
573 G 1081408 271 197 50 953492 91 109 28 126992 178
574 G 1079092 103 166 58 949522 46 56 34 128923 184
575 A 1080231 946789 74 15 264 132696 32 6 93 262
576 G 1081377 562 221 85 947204 91 71 28 132953 162
577 T 1082320 105 952507 556 28 65 128252 92 61 654
578 T 1085682 48 955022 193 50 15 130084 49 21 200
579 G 1083748 811 272 148 958723 119 138 56 123314 167
580 A 1085421 962046 104 23 277 122638 20 34 52 227
581 T 1088398 48 961376 257 22 44 126418 30 33 170
582 A 1093211 958044 81 41 213 134563 60 13 39 157
583 A 1097058 959006 61 93 174 137406 94 26 39 159
584 G 1099537 91 288 41 963794 27 170 48 134926 152
585 G 1097197 264 233 32 962570 103 85 24 133734 152
586 A 1099295 964333 127 101 165 134265 50 44 36 174
587 T 1104110 169 967679 135 40 46 135751 32 19 239
588 G 1102955 229 273 64 968882 64 111 19 133137 176
589 A 1103643 969936 98 17 233 133097 31 9 44 178
590 T 1104036 139 969815 193 22 33 133551 33 8 242
591 C 1105620 259 185 967898 152 138 47 136674 52 215
592 A 1112094 969856 26 5 130 141806 16 9 45 201
593 A 1113132 972422 28 4 146 140265 13 5 34 215
594 A 1111048 968408 31 80 247 141902 15 52 45 268
595 C 1111721 208 140 968011 49 76 78 142919 37 203
596 G 1110719 200 167 37 971299 43 75 53 138701 144
597 T 1114485 59 975938 211 272 31 137251 75 104 544
598 G 1113587 230 197 32 976373 76 151 31 136272 225
599 G 1113923 120 187 78 976064 38 147 37 137020 232
600 G 1113998 223 238 93 973673 65 71 56 139416 163
601 A 1116582 976394 128 41 414 139258 34 13 77 223
602 T 1116970 81 977191 326 39 29 138988 71 18 227
603 C 1112690 252 136 970919 151 87 98 140815 26 206
604 A 1112030 971711 134 387 258 139184 42 65 44 205
605 A 1114114 970268 354 44 183 142922 118 11 37 177
606 T 1117302 385 971023 262 45 80 145231 86 17 173
607 G 1120094 133 257 71 977269 38 106 43 142034 143
608 A 1118891 980301 93 9 139 138038 53 14 28 216
609 T 1116373 80 977578 283 15 19 138100 59 11 228
610 C 1118840 307 214 980425 52 136 152 137327 24 203
611 G 1122858 287 201 54 982465 139 184 27 139284 217
612 G 1119070 273 325 250 982343 54 89 75 135478 183
613 A 1120529 981635 337 2 370 137778 71 10 70 256
614 A 1124485 977209 40 225 387 146015 28 70 74 437
615 C 1127070 181 245 974268 28 55 48 152059 29 157
616 T 1128228 96 973835 162 25 31 153797 28 12 242
617 T 1124107 43 971884 135 17 16 151756 30 12 214
618 C 1123114 231 124 973536 58 75 67 148810 23 190
619 T 1124288 106 966943 213 11 49 156713 53 17 183
620 G 1121290 147 530 49 967016 49 258 24 153028 189
621 G 1116572 100 230 325 966924 34 81 76 148626 176
622 A 1116565 964665 87 467 244 150654 71 74 48 255
623 G 1117339 106 243 65 964736 48 81 12 151903 145
624 A 1116341 961759 65 148 678 153199 46 32 151 263
625 G 1116097 116 188 32 968382 43 82 16 147081 157
626 G 1112634 131 101 17 969410 45 49 16 142670 195
627 T 1117389 205 967120 216 218 114 146605 80 293 2538
628 G 1123606 158 185 44 975697 110 76 22 147136 178
629 A 1124512 976767 91 4 161 147139 43 14 61 232
630 A 1125079 979536 141 112 191 144782 35 21 44 217
631 A 1123616 976111 392 750 2046 143548 99 130 336 204
632 A 1123699 975769 1289 1032 902 143920 273 180 128 206
633 T 1125366 196 978052 1106 903 72 144482 171 196 188
634 G 1121150 220 236 56 982348 46 173 31 137849 191
635 G 1121037 129 160 68 979186 65 54 26 141129 220
636 A 1121636 976089 94 412 458 144115 35 101 98 234
637 C 1125628 283 314 978201 41 106 90 146332 53 208
638 G 1128145 241 185 23 977126 110 65 42 150169 184
639 A 1128526 977494 82 133 297 150225 18 26 73 178
640 A 1130962 977430 91 292 171 152638 53 44 28 215
641 A 1130657 972217 59 50 467 157552 32 13 75 192
642 A 1130308 971646 32 287 451 157539 20 60 80 193
643 A 1126872 968908 250 263 530 156398 59 78 119 267
644 C 1127673 146 240 971128 136 118 66 155566 47 226
645 A 1131175 972525 346 493 436 156953 70 101 75 176
646 A 1130618 969619 50 50 197 160371 55 19 61 196
647 G 1126349 170 236 40 965592 51 151 17 159891 201
648 G 1126019 250 154 34 966054 99 86 15 159116 211
649 A 1124313 962306 361 160 515 160520 107 39 119 186
650 G 1120193 739 409 492 959819 194 120 103 158119 198
651 T 1120064 525 956561 385 184 205 160903 79 206 1016
652 G 1118132 930 286 32 957316 214 146 17 159013 178
653 C 1113342 252 71 954069 700 112 69 157721 147 201
654 T 1118350 91 957199 753 62 53 159810 151 31 200
655 T 1124163 18 963398 167 11 89 160209 78 14 179
656 A 1123794 964083 65 12 148 159117 43 54 49 223
657 C 1125124 175 237 966285 72 74 254 157819 38 170
658 G 1127743 228 271 56 970321 72 119 30 156445 201
659 A 1127186 969786 87 57 167 156725 103 12 43 206
660 G 1125704 155 234 53 974502 50 72 18 150430 190
661 A 1127402 974718 72 43 149 152094 45 9 53 219
662 G 1124544 377 188 50 974405 97 57 17 149151 202
663 A 1119094 965563 65 21 191 153002 26 6 43 177
664 A 1115684 961790 308 37 284 152935 72 16 50 192
665 T 1111406 333 954123 92 236 88 156262 28 54 190
666 G 1107095 304 429 227 952993 81 103 63 152710 185
667 T 1103529 251 952074 164 33 87 150266 29 60 565
668 G 1097836 164 192 146 947437 41 83 26 149581 166
669 C 1092130 192 268 944282 62 73 84 146910 51 208
670 A 1091194 942009 63 16 156 148660 37 30 31 192
671 A 1092598 942646 95 24 126 149277 32 33 37 328
672 C 1092859 184 102 943889 31 96 30 148339 22 166
673 A 1094182 942910 210 17 159 150618 49 26 41 152
674 T 1095435 41 946999 414 166 29 147457 82 48 199
675 T 1096093 57 945276 360 5 43 150061 82 6 203
676 C 1094870 196 57 946813 42 84 59 147381 18 220
677 T 1092936 99 942898 170 12 74 149424 64 12 183
678 C 1090284 214 137 940865 49 110 61 148548 39 261
679 A 1093001 941099 42 13 163 151401 37 19 28 199
680 A 1090387 939125 90 10 119 150730 42 14 35 222
681 A 1085834 934935 39 12 347 150187 20 8 86 200
682 G 1084741 95 188 26 931823 40 94 27 152293 155
683 G 1080975 135 152 102 928663 62 52 19 151563 227
684 A 1073765 926568 114 16 396 146314 33 8 97 219
685 A 1070392 926657 35 11 165 143254 19 7 41 203
686 A 1068303 923545 37 9 121 144366 18 16 28 163
687 A 1062091 922286 101 13 157 139258 38 7 37 194
688 T 1059565 51 921305 115 20 32 137806 46 11 179
689 T 1058224 41 921669 136 17 14 136101 33 9 204
690 T 1052145 94 917648 236 15 16 133869 52 14 201
691 C 1047504 600 165 914833 238 379 81 130531 52 625
692 A 1043791 913933 188 544 573 128144 63 102 81 163
693 A 1038224 910579 106 474 378 126312 33 71 60 211
694 A 1034178 906293 55 512 165 126744 28 95 35 251
695 C 1031189 1125 216 902189 559 217 56 126562 111 154
696 A 1028432 899873 145 323 162 127646 40 62 34 147
697 G 1024061 360 273 446 897043 65 54 74 125578 168
698 C 1020032 330 86 895620 97 63 25 123636 32 143
699 T 1015725 171 893457 342 123 36 121227 61 42 266
700 G 1009854 298 228 362 888325 95 71 56 120243 176
701 C 1005428 231 115 887093 88 76 27 117557 25 216
702 A 1002060 882922 128 307 238 117998 33 57 45 332
703 C 997325 191 119 876874 38 882 41 116385 15 2780
704 A 996290 875421 42 6 129 120484 13 12 17 166
705 A 989633 869852 70 8 156 119248 40 7 32 220
706 A 986284 867925 44 150 192 117511 46 29 106 281
707 G 981525 271 261 39 865809 39 63 9 114808 226
708 G 970976 204 145 43 859671 52 46 13 110556 246
709 G 965278 307 391 76 856600 67 57 33 107499 248
710 C 961028 235 178 855821 388 208 46 103548 65 539
711 A 956209 851964 375 269 272 102975 66 35 47 206
712 A 948625 844769 41 92 139 103336 21 16 27 184
713 T 941520 69 838361 124 36 29 102660 26 22 193
714 G 933546 221 276 59 833123 61 59 13 99599 135
715 A 925350 825603 165 20 537 98808 26 12 53 126
716 T 919284 72 821174 248 11 19 97403 34 61 262
717 G 914959 268 224 89 817619 51 63 14 96455 176
718 G 908748 201 174 264 813285 73 41 47 94490 173
719 A 898808 804592 69 93 223 93584 23 16 41 167
720 T 892714 234 798651 132 202 46 93166 35 34 214
721 C 886072 193 89 789931 53 133 24 95310 24 315
722 A 879174 778628 62 10 195 100083 20 2 21 153
723 A 869681 767675 47 20 187 101511 24 3 38 176
724 G 863768 138 196 29 760735 31 28 9 102476 126
725 T 856132 91 753469 155 23 82 101550 38 58 666
726 G 849152 644 365 50 747994 99 63 15 99774 148
727 A 841205 743476 99 93 211 97095 35 12 37 147
728 G 829573 298 153 73 736485 53 39 10 92334 128
729 A 824352 732275 73 60 630 91005 25 13 102 169
730 G 815368 122 135 53 722721 68 26 7 91911 325
731 A 807322 714906 34 27 174 91998 10 9 22 142
732 A 795508 704062 35 23 96 91133 3 3 14 139
733 A 787640 696236 68 148 859 90030 16 19 116 148
734 G 779380 103 129 581 689750 21 19 83 88554 140
735 T 774098 150 684456 515 336 78 87903 107 64 489
736 C 764526 201 162 674527 41 72 41 89300 25 157
737 G 752437 283 113 48 664700 78 24 8 87021 162
738 G 744217 221 84 84 659168 69 25 10 84299 257
739 A 736496 652436 144 6 374 83335 29 3 50 119
740 A 728356 639878 70 303 198 83146 14 522 32 4193
741 C 718189 118 187 635044 126 22 26 82505 25 136
742 C 706883 100 105 623995 21 43 28 82430 18 143
743 C 697495 103 69 614436 76 60 14 82507 16 214
744 A 691653 605832 72 87 138 85303 18 8 40 155
745 G 680788 89 118 25 596493 21 27 6 83885 124
746 G 670203 75 106 19 585913 55 12 5 83558 460
747 A 660420 579597 50 15 206 80368 12 2 39 131
748 A 654269 572658 29 17 94 81316 11 3 25 116
749 A 649069 565298 34 15 83 83472 19 7 17 124
750 T 643843 41 559269 118 14 14 84188 24 16 159
751 G 633964 87 226 27 550853 25 38 15 82573 120
752 C 625139 145 143 547511 27 51 32 77081 13 136
753 T 616299 68 538290 174 106 24 77466 32 27 112
754 G 610663 69 113 27 532573 69 14 8 77691 99
755 A 601221 523833 27 3 80 77135 18 5 24 96
756 G 591836 63 117 21 515556 29 29 6 75929 86
757 A 583310 511383 26 6 79 71674 15 3 13 111
758 T 575049 29 501950 45 5 9 72832 18 8 153
759 C 566723 144 95 492656 32 114 29 73511 30 112
760 G 556797 116 116 34 482316 143 26 8 73931 107
761 A 546988 476003 45 2 54 70756 10 1 15 102
762 A 541554 465948 21 3 98 75328 13 6 11 126
763 G 531401 27 71 18 452662 23 21 5 78482 92
764 A 521744 443491 25 3 56 78033 6 6 15 109
765 T 512609 31 435794 80 3 16 76575 16 4 90
766 C 503931 102 150 427695 40 48 32 75771 19 74
767 T 499636 46 419340 90 5 78 79945 21 12 99
768 C 490660 126 140 408713 159 67 43 81299 45 68
769 A 480865 399327 95 984 56 79842 31 202 21 307
770 T 474377 58 393840 70 7 22 80266 18 11 85
771 C 468619 270 65 386338 68 106 29 81189 35 519
772 T 461901 23 374466 41 3 79 87196 14 5 74
773 T 453440 14 365460 66 3 14 87788 15 7 73
774 T 444687 14 360780 65 1 15 83697 23 9 83
775 C 437834 99 34 355407 27 42 24 82130 16 55
776 T 431996 39 350594 59 8 79 81029 21 20 147
777 G 420361 70 77 8 343526 29 24 8 76533 86
778 G 408798 95 94 13 338276 19 33 11 70154 103
779 C 398450 93 93 329507 49 57 21 68509 29 92
780 A 390895 322113 54 30 74 68235 16 22 28 323
781 C 384220 62 90 315973 12 34 33 67876 24 116
782 G 376062 60 57 8 309414 25 25 9 66385 79
783 G 366510 83 68 6 300799 18 26 4 65397 109
784 T 360738 21 292624 39 28 17 67771 24 35 179
785 C 353796 85 36 287020 35 40 21 66489 16 54
786 T 346443 32 280331 151 19 37 65772 29 8 64
787 G 334808 142 239 13 271837 78 66 7 62365 61
788 C 325050 79 64 264049 184 44 16 60515 49 50
789 A 317370 252150 85 113 40 63828 27 65 12 1050
790 C 309689 68 35 245376 7 25 17 64100 12 49
791 T 303088 37 236490 44 3 36 66393 17 5 63
792 C 295764 104 53 228782 26 69 19 66614 31 66
793 A 289932 216802 139 121 69 72588 66 54 42 51
794 T 281098 15 209382 57 6 16 71542 31 4 45
795 A 270722 200465 15 83 240 69635 19 35 104 126
796 T 263560 23 188685 83 122 15 74487 28 68 49
797 T 258368 5 181442 41 3 35 76769 16 10 47
798 G 252785 90 51 84 177940 70 32 53 74425 40
799 A 246339 173220 21 20 33 72931 10 12 38 54
800 G 241600 49 31 15 169277 34 30 6 72119 39
801 A 234689 162050 27 5 112 72200 10 4 89 192
802 G 226572 81 327 21 156280 43 133 9 69650 28
803 G 220031 21 117 301 150737 38 65 129 68572 51
804 G 210357 39 134 262 145242 42 61 112 64420 45
805 T 203379 38 139882 25 9 63 63146 33 62 121
806 C 195422 49 17 132301 29 51 20 62894 29 32
807 A 187454 125502 13 29 72 61731 9 20 34 44
808 G 178168 20 14 2 118373 16 29 11 59627 76
809 T 170299 13 107919 17 3 48 62217 21 20 41
810 T 165449 117 101267 66 5 107 63808 38 17 24
811 G 154761 50 20 8 94157 74 19 26 60363 44
812 C 148725 16 8 91126 49 25 15 57395 75 16
813 T 144372 9 81370 96 8 41 62687 93 12 56
814 C 139408 26 14 74373 8 67 23 64845 33 19
815 A 135488 71237 6 0 11 64159 17 9 25 24
816 C 130024 16 31 69383 4 145 26 60048 11 360
817 A 125135 65126 1 2 5 59953 7 4 15 22
818 A 120489 58997 4 1 6 61434 7 5 21 14
819 A 115735 56774 4 1 10 58806 54 10 20 56
820 T 110574 24 54008 10 0 49 56431 15 18 19
821 C 104657 19 1 46827 11 66 117 57424 23 169
822 T 99433 8 41913 20 58 34 57275 25 94 6
823 T 93098 0 41266 2 2 15 51758 19 22 14
824 G 86044 7 3 1 38331 23 64 9 47539 67
825 T 80900 3 36704 19 0 25 44078 41 12 18
826 C 76220 14 9 33304 1 58 35 42755 20 24
827 T 73584 4 30790 2 0 71 42330 95 87 205
828 G 66795 0 6 3 27469 45 17 782 37515 958
829 C 63513 17 45 27601 8 30 23 35774 10 5
830 C 63487 43 31 26214 18 50 20 37085 16 10
831 C 67348 70 50 25440 84 82 48 41519 36 19
832 G 67960 55 42 8 24579 140 19 172 42830 115
833 C 66902 48 31 22930 29 33 30 43780 12 9
834 C 69432 104 51 21930 54 49 577 45919 81 667
835 T 72492 0 21789 90 1 24 50446 28 60 54
836 G 70560 3 21 2 19510 17 90 14 50880 23
837 T 70629 8 20263 16 8 16 50097 25 92 104
838 G 73310 35 8 2 22030 91 99 13 50955 77
839 T 75273 1 23745 4 3 20 51405 22 40 33
840 G 77525 28 1 10 25475 92 320 54 51240 305
841 T 78275 2 28119 6 2 42 50045 22 15 22
842 A 79046 30095 5 0 4 48631 154 9 47 101
843 T 81956 6 31258 11 0 14 47225 25 1595 1822
844 G 86249 7 14 1 37369 37 127 11 48677 6
845 G 90588 15 5 29 42271 58 103 206 47574 327
846 A 94052 26710 41 9 102 30034 86 15864 107 21099
847 C 99295 1442 416 50782 1473 465 130 44019 562 6
848 C 106432 198 764 58376 992 248 193 45421 232 8
849 T 114898 536 64231 371 2275 364 46413 142 557 9
850 G 119673 86 100 128 72845 32 44 37 46379 22
851 C 124451 80 155 77123 110 18 214 46715 29 7
852 C 131996 194 205 81048 37 55 80 50344 11 22
853 G 138781 29 72 7 84120 16 40 15 54472 10
854 T 146894 19 89137 23 14 7 57666 6 9 13
855 A 154864 92587 10 22 38 62122 36 12 17 20
856 G 164722 6 19 6 99447 19 34 12 65166 13
857 C 173062 23 13 104302 16 22 12 68641 16 17
858 C 180417 25 41 108997 6 23 35 71248 10 32
859 A 187590 112857 9 40 22 74569 28 31 13 21
860 G 193991 12 17 30 119179 21 40 98 74577 17
861 T 199365 23 124308 17 2 14 74953 22 9 17
862 G 205707 21 22 3 131299 10 60 13 74263 16
863 G 209655 10 26 3 139715 4 28 7 69854 8
864 C 217320 43 23 148879 3 23 24 68288 7 30
865 T 228705 12 157452 137 28 6 70980 65 10 15
866 A 236413 165631 79 12 36 70514 58 21 15 47
867 C 244397 88 98 175906 11 51 84 68129 8 22
868 G 255749 47 29 18 185472 52 60 36 70011 24
869 A 264620 194860 12 17 53 69513 36 30 43 56
870 C 274435 46 33 204459 19 36 44 69752 11 35
871 T 283589 6 210916 33 3 8 72515 70 7 31
872 T 287400 12 217525 31 3 12 69726 53 7 31
873 C 296211 40 55 226766 10 29 75 69166 18 52
874 G 305876 132 86 27 234154 94 63 46 71240 34
875 A 315440 237750 50 82 144 77229 24 53 73 35
876 A 324950 244579 44 46 80 80066 47 17 27 44
877 A 335480 251161 16 52 43 84118 14 24 17 35
878 A 346172 255888 22 15 40 90112 24 10 20 41
879 A 354948 264170 22 51 122 90388 49 21 61 64
880 G 362615 236 112 403 274338 102 100 148 87136 40
881 A 370372 279915 195 168 609 89013 113 72 226 61
882 G 374038 489 127 159 287497 174 124 67 85346 55
883 G 380832 45 43 14 300310 13 77 16 80247 67
884 G 387069 60 55 14 309121 31 36 4 77702 46
885 A 394885 319896 35 11 101 74719 20 3 29 71
886 T 403043 26 328200 33 1 15 74693 21 3 51
887 A 411428 333323 29 0 50 77372 81 86 33 454
888 C 422443 68 34 344489 13 43 15 77720 3 58
889 T 430617 39 353619 48 2 13 76782 26 2 86
890 C 442030 94 27 366345 20 36 33 75427 10 38
891 T 449948 26 376689 70 28 5 73030 30 6 64
892 T 455561 8 386522 70 0 6 68842 17 5 91
893 T 466996 8 399890 51 1 1 66965 13 5 62
894 A 475848 409476 45 17 69 66116 38 6 11 70
895 G 483495 28 110 14 416644 14 63 19 66530 73
896 T 494066 44 425830 45 7 16 67902 12 10 200
897 G 501242 74 97 16 431938 20 73 12 68941 71
898 G 509928 49 77 19 438330 22 62 23 71256 90
899 G 516399 79 96 29 442353 23 52 13 73654 100
900 A 521015 447972 611 13 88 72055 126 8 23 119
901 A 527409 456693 74 48 115 70322 15 16 24 102
902 T 535764 49 465686 92 47 15 69773 15 10 77
903 A 543757 474546 227 44 153 68582 111 13 29 52
904 G 551257 121 110 102 485583 36 55 27 65137 86
905 A 561047 496757 47 48 149 63574 38 40 34 360
906 C 571479 113 70 507796 87 31 17 63250 19 96
907 C 581742 70 43 515333 17 25 26 66098 9 121
908 C 590297 126 39 523965 23 39 16 66009 2 78
909 T 595421 22 530076 405 113 9 64593 82 26 95
910 T 601245 116 536175 155 307 8 64319 25 33 107
911 T 606695 53 545555 236 4 15 60658 32 1 141
912 C 613303 166 109 548389 150 31 48 64296 21 93
913 A 624026 556265 30 68 96 67380 39 23 21 104
914 A 632186 560662 50 13 238 71041 25 10 41 106
915 A 640464 567949 53 87 86 72025 36 24 18 186
916 C 650810 151 49 576342 48 43 21 74075 10 71
917 T 662219 33 586774 127 12 7 75078 47 3 138
918 G 672115 244 162 45 597650 44 90 27 73758 95
919 C 682051 143 62 605643 22 30 18 75998 41 94
920 T 691650 27 615022 100 16 9 76268 63 10 135
921 T 700176 116 623745 278 38 23 75760 44 7 165
922 C 709073 241 186 633573 253 48 72 74547 37 116
923 A 717498 641141 199 138 267 75492 72 52 37 100
924 A 725870 649243 65 205 300 75822 27 41 40 127
925 A 734266 656232 47 220 422 77122 21 18 65 119
926 A 742089 663028 211 330 543 77601 53 53 70 200
927 C 749241 251 243 672161 365 29 56 75977 55 104
928 A 758765 682484 130 35 372 75527 25 14 53 125
929 G 766589 137 183 458 691650 39 49 56 73911 106
930 C 773102 248 349 696262 139 44 37 75854 28 141
931 C 780522 335 370 703122 79 49 60 76341 14 152
932 A 789342 713552 93 314 192 74965 24 38 22 142
933 A 798249 721991 70 361 236 75379 23 51 28 110
934 G 804573 247 236 43 731599 30 48 15 72247 108
935 T 813541 68 741062 113 45 15 71881 17 9 331
936 A 820944 748015 127 151 282 72132 27 26 34 150
937 T 829895 50 758099 101 16 14 71478 13 1 123
938 A 837992 768755 80 8 115 68783 30 6 25 190
939 C 846844 205 375 775579 65 33 54 70402 7 124
940 A 857182 784183 238 17 276 72252 40 4 38 134
941 G 862182 103 214 233 789202 12 57 42 72167 152
942 C 870033 219 208 797299 80 28 35 72003 17 144
943 C 878030 298 327 804492 36 43 37 72636 5 156
944 T 885636 52 808819 176 10 7 76414 23 5 130
945 A 893033 816178 103 305 168 76062 34 27 21 135
946 A 902052 827586 162 65 152 73889 25 13 21 139
947 T 909703 54 835455 128 9 11 73843 16 6 181
948 C 916959 249 158 839475 170 29 53 76704 18 103
949 A 923878 841011 39 84 256 82251 36 8 30 163
950 G 931004 108 175 49 848475 18 55 16 81949 159
951 A 934079 850531 52 36 236 82851 8 17 28 320
952 C 942709 175 197 856258 146 45 28 85670 18 172
953 C 950123 334 215 860726 123 57 101 88369 19 179
954 G 956927 336 280 91 867028 35 104 18 88897 138
955 A 964995 873765 216 1054 552 88987 37 120 77 187
956 A 970640 877136 156 317 1356 91169 44 67 151 244
957 C 976674 1062 897 880644 688 183 240 92736 59 165
958 G 980809 138 214 41 891265 30 99 14 88880 128
959 A 987707 897609 92 6 154 89528 48 35 49 186
960 G 991615 246 222 28 900105 58 59 51 90685 161
961 A 996887 900487 86 38 255 95736 43 43 47 152
962 A 1001842 901634 209 39 197 99459 34 35 49 186
963 T 1006190 170 905238 259 172 40 99964 60 34 253
964 C 1010761 405 102 909402 127 71 32 100421 34 167
965 C 1016907 172 170 911107 69 74 51 105037 18 209
966 A 1018975 906902 145 67 550 110936 71 30 73 201
967 G 1021206 596 330 349 909444 96 77 87 110053 174
968 C 1027061 502 467 915452 511 99 78 109713 54 185
969 A 1029162 917253 325 626 364 110015 71 88 47 373
970 C 1032010 253 129 920297 44 41 32 111064 14 136
971 A 1034329 920503 136 32 128 113097 41 22 28 342
972 C 1036289 188 242 921855 47 64 66 113608 18 201
973 A 1040862 921542 31 7 188 118823 20 12 31 208
974 A 1044722 924811 78 19 186 119350 49 10 33 186
975 G 1045651 174 217 37 923284 56 57 17 121587 222
976 A 1045497 923892 59 5 139 121125 43 8 36 190
977 G 1043486 112 164 20 925825 38 46 11 117104 166
978 T 1041993 88 921833 146 12 56 118896 53 45 864
979 C 1043895 216 120 919408 54 51 41 123786 20 199
980 A 1046449 918176 39 13 205 127754 29 14 40 179
981 G 1041493 110 301 26 914441 25 60 15 126385 130
982 C 1042410 325 592 910744 88 98 71 130284 23 185
983 T 1045986 64 910680 115 14 19 134875 31 11 177
984 G 1042759 368 306 61 906044 80 97 21 135624 158
985 G 1039013 168 133 26 905822 33 40 23 132606 162
986 T 1038278 66 903575 114 18 95 132895 49 140 1326
987 G 1038518 408 305 97 906215 95 98 16 131123 161
988 T 1042862 74 911184 108 21 34 130842 35 51 513
989 G 1043501 192 223 38 912079 49 97 43 130590 190
990 G 1042821 110 176 45 911027 46 105 33 131104 175
991 A 1042315 905081 137 14 141 136624 49 37 47 185
992 T 1044137 89 901804 96 27 38 141781 29 40 233
993 G 1040490 229 199 36 902658 64 125 37 136868 274
994 G 1039441 158 167 35 906076 61 73 25 132688 158
995 C 1039915 257 174 909042 68 72 74 130034 40 154
996 A 1040939 909992 110 14 207 130302 41 15 43 215
997 T 1040813 81 910012 260 54 25 130050 47 34 250
998 G 1039765 200 264 70 914976 64 69 30 123919 173
999 C 1039190 186 515 913506 65 79 80 124535 36 188
1000 A 1041949 908851 101 378 220 132011 43 69 62 214
1001 A 1043927 907530 81 123 171 135712 39 46 29 196
1002 T 1043370 100 904802 255 60 36 137789 60 20 248
1003 T 1043332 100 903520 98 80 35 139205 26 34 234
1004 C 1044181 221 80 900791 147 56 41 142623 59 163
1005 T 1045343 259 896891 396 85 116 147310 75 20 191
1006 G 1041570 434 894 222 892552 84 241 137 146847 159
1007 C 1040456 256 910 895225 198 130 188 143329 45 175
1008 T 1043550 707 889822 471 371 153 151602 161 63 200
1009 G 1045897 160 232 50 890229 63 118 81 154803 161
1010 C 1048457 236 122 893269 42 154 45 154413 31 145
1011 A 1050637 894724 111 34 169 155264 53 38 88 156
1012 T 1050402 55 893867 93 48 25 156052 45 47 170
1013 T 1053607 50 892924 126 21 55 160184 63 5 179
1014 T 1053605 74 893172 300 20 30 159735 65 19 190
1015 G 1046429 79 253 78 894218 58 155 19 151372 197
1016 A 1048001 895830 73 11 166 151606 38 10 61 206
1017 A 1048288 896536 380 39 396 150547 101 12 81 196
1018 G 1042692 142 221 32 893054 76 78 22 148897 170
1019 A 1041038 891476 71 7 110 149057 33 12 43 229
1020 T 1037561 45 890519 216 9 29 146464 48 16 215
1021 C 1036606 466 64 889683 55 151 42 145932 36 177
1022 T 1043492 70 891946 136 11 114 150983 49 9 174
1023 A 1043900 891219 78 185 161 151918 52 48 33 206
1024 A 1042956 892664 70 191 152 149562 62 25 38 192
1025 G 1038828 126 223 108 890245 60 93 26 147810 137
1026 A 1036696 892152 108 96 413 143604 35 12 86 190
1027 G 1033457 358 471 19 893205 85 103 10 139066 140
1028 T 1033402 60 887848 125 30 128 143072 49 130 1960
1029 A 1031430 891637 77 9 211 139250 42 7 42 155
1030 T 1033425 70 889133 143 15 25 143786 29 11 213
1031 T 1035806 94 891654 116 11 46 143656 24 6 199
1032 A 1043651 892792 97 7 302 150163 53 10 51 176
1033 A 1046819 890159 308 23 195 155796 94 10 41 193
1034 G 1050101 89 174 573 892129 32 100 132 156742 130
1035 C 1051653 514 160 894575 66 130 48 155964 29 167
1036 T 1053353 22 897069 157 210 19 155553 49 51 223
1037 T 1054383 89 900382 292 44 47 153219 75 19 216
1038 C 1051408 191 168 902722 136 79 61 147858 37 156
1039 A 1051879 902926 138 76 245 148191 41 32 45 185
1040 T 1047791 74 897031 110 22 79 150232 38 8 197
1041 C 1050560 231 101 892381 167 169 72 157244 39 156
1042 A 1054837 887643 73 87 199 166474 139 30 36 156
1043 G 1050687 103 200 57 888358 45 116 22 161628 158
1044 A 1053592 890180 79 5 410 162507 108 59 78 166
1045 G 1052642 95 162 42 893245 75 124 15 158680 204
1046 G 1046173 118 126 36 894237 57 78 17 151250 254
1047 G 1050260 396 190 74 902918 86 70 56 146217 253
1048 A 1050254 902676 455 154 744 145509 100 62 154 400
1049 C 1054155 205 426 905116 438 61 103 147454 131 221
1050 C 1061740 394 459 905912 742 199 123 153564 159 188
1051 A 1070653 910921 55 15 120 159250 54 30 21 187
1052 A 1071245 909878 44 11 123 160878 69 6 34 202
1053 A 1070605 908470 73 28 695 160870 71 24 169 205
1054 G 1065806 133 95 33 909047 62 109 25 156135 167
1055 T 1066013 66 907359 99 4 125 157527 44 80 709
1056 A 1065168 910158 73 15 179 154413 131 9 21 169
1057 T 1067762 862 914931 1191 20 220 149988 269 12 269
1058 C 1070868 795 547 916983 327 166 191 151589 65 205
1059 C 1074584 223 617 916753 815 133 125 155463 157 298
1060 C 1080667 201 94 916470 36 120 36 163422 19 269
1061 C 1087567 212 106 913855 67 222 47 172814 22 222
1062 A 1094921 915077 77 43 144 179205 39 86 42 208
1063 A 1094239 913574 59 25 125 179996 108 7 112 233
1064 G 1092783 184 303 46 913542 121 211 25 178178 173
1065 G 1092351 129 143 35 922427 39 113 150 169139 176
1066 G 1087037 84 139 28 928838 196 100 12 157381 259
1067 G 1082549 107 94 30 926449 241 101 20 155274 233
1068 G 1081410 250 168 49 923532 128 260 23 156819 181
1069 A 1081672 919003 50 14 173 161856 246 24 110 196
1070 A 1085300 920995 79 20 199 163439 280 20 60 208
1071 A 1087354 924363 66 70 165 162018 40 60 265 307
1072 C 1088925 72 77 923577 17 112 284 164580 20 186
1073 T 1091259 34 924815 184 10 251 165639 93 9 224
1074 T 1093544 67 929313 170 18 16 163413 286 19 242
1075 T 1094747 407 931213 1849 79 90 160454 338 20 297
1076 C 1095409 645 383 936797 1332 142 145 155472 285 208
1077 C 1097940 390 296 945115 1498 165 70 149898 325 183
1078 A 1095239 949906 112 17 118 144561 123 78 37 287
1079 C 1095604 245 68 948182 52 97 47 146690 34 189
1080 T 1098869 90 944370 204 40 50 153818 122 17 158
1081 A 1103572 939097 75 73 108 163755 150 85 38 191
1082 G 1104441 84 211 62 939668 60 170 28 164012 146
1083 A 1103687 941470 73 7 293 161488 47 49 75 185
1084 G 1105314 86 176 41 947755 37 149 25 156866 179
1085 G 1102666 73 195 50 949468 46 76 24 152555 179
1086 A 1101825 954907 85 73 324 145989 44 20 64 319
1087 G 1100006 219 540 100 956577 126 109 21 142188 126
1088 T 1101326 74 960534 175 45 183 138560 60 141 1554
1089 A 1100654 962290 188 26 361 137384 49 21 107 228
1090 C 1102107 575 211 961876 104 127 104 138877 33 200
1091 A 1108164 965282 617 194 144 141517 176 32 26 176
1092 A 1108931 969083 234 74 720 138344 113 22 115 226
1093 A 1107729 970567 322 55 133 136306 90 45 21 190
1094 T 1105902 50 972500 133 7 33 132908 42 14 215
1095 T 1108118 47 977503 236 310 19 129685 36 69 213
1096 G 1106544 226 286 26 980537 50 108 30 125105 176
1097 C 1107115 189 83 980129 201 51 35 126228 43 156
1098 T 1109527 409 979874 192 377 86 128238 62 51 238
1099 T 1109612 297 978138 154 514 69 130106 27 87 220
1100 C 1112885 313 99 977265 590 100 47 134165 112 194
1101 A 1117606 976640 279 249 361 139685 74 61 41 216
1102 A 1115456 971197 263 123 1114 142272 48 27 180 232
1103 A 1113811 968934 93 1016 585 142703 24 142 110 204
1104 T 1114672 515 971440 456 372 123 141398 91 66 211
1105 G 1112721 150 176 49 974594 63 75 32 137392 190
1106 A 1111799 977836 71 9 145 133448 27 10 41 212
1107 A 1110098 978427 26 17 203 131153 24 7 26 215
1108 A 1113291 975179 124 355 309 136899 36 80 78 231
1109 A 1111735 972729 244 271 222 137793 77 57 46 296
1110 C 1112985 305 189 974882 420 126 63 136741 80 179
1111 A 1116075 977183 189 119 213 138067 42 45 53 164
1112 T 1117776 60 979639 167 36 26 137602 36 16 194
1113 G 1117324 384 368 411 981379 90 139 74 134284 195
1114 G 1113230 129 142 57 980356 40 55 40 132226 185
1115 A 1112315 981498 73 16 206 130151 76 23 41 231
1116 T 1113543 122 983855 163 40 21 129051 24 55 212
1117 G 1113595 296 685 148 981839 60 153 112 130137 165
1118 C 1112236 290 596 979455 164 67 204 131246 39 175
1119 T 1114136 174 982462 645 244 63 130182 132 42 192
1120 A 1115155 984739 136 31 166 129746 41 77 34 185
1121 T 1115362 90 988794 129 11 31 126045 36 13 213
1122 G 1114738 350 207 54 986076 62 118 94 127579 198
1123 G 1111031 102 190 69 983383 122 83 22 126880 180
1124 A 1108975 980793 87 32 191 127486 39 10 107 230
1125 A 1109673 981702 59 62 245 127261 94 15 46 189
1126 T 1107323 153 980487 119 321 35 125955 20 39 194
1127 C 1109765 197 277 981583 184 88 54 127180 36 166
1128 A 1111682 978612 147 127 319 132162 45 29 34 207
1129 A 1107349 972645 423 789 408 132570 116 123 58 217
1130 G 1101630 802 592 348 969900 153 130 77 129468 160
1131 T 1101920 138 970261 944 676 94 129159 145 112 391
1132 A 1103345 971903 333 47 346 129501 108 53 62 992
1133 C 1100613 174 103 969776 622 52 31 129568 88 199
1134 T 1102563 708 969179 442 198 129 131550 71 37 249
1135 C 1103492 269 192 969703 117 78 46 132881 35 171
1136 T 1104400 62 966019 197 134 81 137644 49 20 194
1137 T 1104201 181 962867 262 93 51 140474 45 22 206
1138 G 1098925 142 198 54 957914 53 70 26 140302 166
1139 A 1099806 954801 92 26 147 144415 44 9 31 241
1140 A 1098466 950774 86 12 339 146871 35 18 53 278
1141 C 1098289 229 243 951757 40 72 64 145711 23 150
1142 T 1100999 30 953734 169 24 22 146784 53 16 167
1143 G 1101729 438 241 152 954835 91 75 45 145694 158
1144 A 1102126 947662 51 1075 216 152646 43 184 47 202
1145 G 1099450 104 67 33 944459 53 41 18 154522 153
1146 A 1099038 943910 69 15 1525 152992 41 17 252 217
1147 A 1099443 947452 144 18 435 151087 37 15 70 185
1148 G 1096272 111 349 271 947359 39 82 44 147847 170
1149 C 1092635 261 514 947716 258 85 119 143416 51 215
1150 A 1093837 946032 103 742 354 146159 62 137 74 174
1151 G 1087973 180 201 46 944643 53 70 22 142593 165
1152 G 1086405 385 133 73 944392 81 50 49 141058 184
1153 T 1086532 104 941401 170 21 98 143364 74 104 1196
1154 A 1085308 944011 86 17 178 140614 44 18 39 301
1155 C 1083319 197 330 942850 39 67 90 139556 22 168
1156 T 1087257 67 944421 149 23 38 142299 40 35 185
1157 G 1086911 168 247 43 945604 48 162 13 140429 197
1158 G 1082280 158 150 52 941273 32 60 20 140307 228
1159 G 1078021 273 171 46 940792 70 69 21 136409 170
1160 C 1077122 189 169 935676 214 51 101 140400 56 266
1161 C 1076448 218 244 932794 133 87 85 142606 34 247
1162 A 1076223 928392 99 21 124 147291 34 29 29 204
1163 T 1075694 146 922816 119 12 92 152288 49 16 156
1164 A 1075166 920356 77 407 310 153649 58 67 77 165
1165 A 1081849 926866 35 23 170 154431 78 8 77 161
1166 G 1079284 112 201 42 919440 75 86 63 159088 177
1167 A 1079164 916395 73 8 205 162182 34 19 53 195
1168 A 1080267 916902 92 9 123 162616 60 44 43 378
1169 C 1081172 98 79 915544 22 65 35 165079 15 235
1170 C 1086818 226 122 917309 49 157 46 168668 32 209
1171 A 1090158 920911 60 280 207 168388 41 61 62 148
1172 G 1086839 187 134 34 917418 126 116 21 168634 169
1173 A 1084910 916201 50 77 552 167617 24 25 169 195
1174 A 1085383 915584 317 16 146 168847 189 6 57 221
1175 G 1086568 103 154 326 919765 35 100 90 165860 135
1176 T 1088280 152 921892 152 134 105 164585 163 110 987
1177 G 1087675 128 162 57 926280 172 195 15 160481 185
1178 G 1082498 79 185 82 926031 57 79 56 155767 162
1179 A 1081942 924500 160 37 675 156028 88 16 255 183
1180 G 1078653 117 152 38 925307 50 234 28 152552 175
1181 G 1073719 112 157 44 925463 84 197 21 147463 178
1182 A 1071063 921305 66 82 415 148636 58 67 206 228
1183 A 1070139 918882 295 482 201 149585 185 238 49 222
1184 A 1068470 917960 62 333 354 149053 53 83 252 320
1185 C 1067538 372 391 916895 245 332 100 148891 64 248
1186 A 1063027 910370 778 2036 732 147596 416 427 137 535
1187 C 1062464 846 812 904434 4713 169 418 150029 889 154
1188 T 1062937 827 902134 872 4567 201 153168 164 822 182
1189 A 1061959 908511 296 1123 238 150992 109 202 312 176
1190 A 1062049 905100 330 147 1923 153848 111 52 360 178
1191 T 1059457 1594 906763 311 805 296 148836 430 162 260
1192 C 1059723 1958 318 896924 112 507 94 159588 72 150
1193 A 1062890 891851 167 51 2953 166570 409 37 638 214
1194 A 1058546 892895 317 575 1532 162019 95 138 585 390
1195 C 1062261 5372 532 885270 1816 1126 148 167453 378 166
1196 A 1071175 874974 425 797 14178 177545 143 178 2770 165
1197 G 1067762 3187 1750 1229 883976 653 442 259 176090 176
1198 A 1068259 890233 67 78 295 177116 131 27 94 218
1199 G 1064562 218 115 27 889176 82 87 42 174597 218
1200 G 1059342 248 111 32 887380 101 77 22 171126 245
1201 G 1054063 3694 195 12130 870245 724 65 2524 164271 215
1202 C 1056437 2131 259 875377 12966 475 81 162323 2576 249
1203 C 1060879 10525 509 876191 3851 2124 134 166612 755 178
1204 T 1067230 845 889887 990 158 281 174581 232 51 205
1205 C 1065428 538 145 883594 984 244 64 179498 196 165
1206 T 1065853 523 879929 527 1182 177 182939 111 242 223
1207 G 1059273 980 329 533 881578 199 81 136 175267 170
1208 C 1058979 813 562 883181 173 203 534 173313 54 146
1209 A 1059664 880544 276 570 416 177045 456 128 79 150
1210 G 1055243 189 285 33 881617 70 144 29 172674 202
1211 G 1050295 152 126 380 890381 365 46 73 158589 183
1212 T 1044969 161 886141 396 1178 67 155521 102 291 1112
1213 C 1046580 172 112 890645 33 73 346 155012 14 173
1214 A 1051580 892133 60 24 145 158906 50 34 33 195
1215 A 1054058 894771 65 12 188 158528 46 18 272 158
1216 A 1057435 892246 67 31 182 164440 228 8 46 187
1217 T 1058972 64 893456 219 83 34 164575 68 200 273
1218 C 1061846 279 137 903254 40 118 193 157641 29 155
1219 A 1063729 905874 79 23 243 157104 148 18 66 174
1220 G 1060209 99 221 26 909270 26 135 26 150236 170
1221 T 1059263 131 912261 152 17 54 145932 39 55 622
1222 G 1054393 1150 233 117 906960 199 82 36 145459 157
1223 T 1054332 110 911868 246 17 53 141403 61 50 524
1224 G 1055495 787 185 55 917222 150 80 32 136776 208
1225 C 1056463 2034 728 911543 431 369 150 140918 85 205
1226 A 1060245 907018 602 1574 521 149830 135 291 76 198
1227 A 1063971 908111 1076 132 1328 152232 185 74 262 571
1228 C 1068335 99 166 912327 1087 42 85 154142 198 189
1229 C 1073795 240 71 919306 50 91 37 153762 45 193
1230 T 1079537 194 921571 549 365 79 156393 104 84 198
1231 G 1080710 1372 454 39 923821 280 120 47 154408 169
1232 C 1085392 198 170 928070 531 104 49 155952 130 188
1233 A 1092896 930811 195 476 189 160770 74 114 66 201
1234 T 1095804 165 934793 416 18 52 159977 92 87 204
1235 T 1100739 28 934695 99 13 86 165555 36 14 213
1236 T 1104606 40 936010 233 389 34 167448 66 151 235
1237 T 1108528 104 939963 112 27 49 167948 38 87 200
1238 C 1110395 203 102 942013 96 87 86 167596 36 176
1239 T 1112013 64 940647 436 22 42 170420 183 23 176
1240 G 1106141 342 550 134 942771 81 171 125 161769 198
1241 T 1105381 117 951533 366 215 31 152600 90 66 363
1242 G 1105503 459 488 280 955282 90 125 125 148469 185
1243 C 1108989 3050 2028 952099 1962 518 462 148337 367 166
1244 A 1116154 955662 1714 805 5233 151171 297 153 908 211
1245 A 1118966 960106 3127 922 3252 150055 554 162 575 213
1246 A 1123486 964922 46 279 241 157570 156 56 59 157
1247 G 1121639 87 152 71 964975 69 103 43 155961 178
1248 A 1119836 970007 72 8 301 149088 62 11 100 187
1249 A 1121608 969400 1388 1758 1241 146811 245 300 263 202
1250 A 1119124 969428 739 894 2118 143792 227 218 368 1340
1251 C 1119131 756 1126 973237 1449 214 210 141715 238 186
1252 C 1124343 562 103 977879 132 139 136 145200 28 164
1253 T 1127694 87 982901 221 15 33 143973 112 66 286
1254 C 1126362 855 313 982785 403 143 88 141450 73 252
1255 C 1129651 183 108 982546 211 138 38 146146 56 225
1256 C 1131475 244 244 984615 49 134 69 145863 71 186
1257 A 1131852 984920 85 63 217 146211 41 28 93 194
1258 T 1128280 446 985121 805 922 97 140374 149 135 231
1259 T 1127223 2619 988150 906 59 362 134683 138 20 286
1260 T 1127805 109 992241 643 1095 25 133146 85 204 257
1261 G 1122982 604 2687 658 995591 117 405 116 122583 221
1262 A 1121190 990450 3760 1451 1507 122803 497 197 228 297
1263 C 1122911 882 9351 986412 1638 181 1160 122853 242 192
1264 A 1129233 998654 184 1298 1583 126856 37 206 217 198
1265 A 1129295 998137 315 883 1926 127327 91 115 272 229
1266 A 1128524 999576 189 521 2439 124973 65 83 322 356
1267 C 1127969 1399 203 993869 6049 204 64 125072 880 229
1268 C 1126197 927 319 987691 11431 189 64 123832 1522 222
1269 A 1123333 986657 3015 2127 6417 123394 392 291 851 189
1270 A 1120133 995655 297 490 1926 120808 47 88 287 535
1271 C 1116492 1326 1009 995932 380 179 169 117231 80 186
1272 C 1116904 396 1214 998531 260 115 175 115922 89 202
1273 A 1116944 1000276 487 20 687 115094 72 34 105 169
1274 T 1112977 122 997084 394 396 74 114422 82 48 355
1275 C 1111275 375 243 999817 448 148 38 109959 86 161
1276 A 1112362 997139 337 287 1192 112951 47 114 136 159
1277 T 1106901 132 994153 277 181 29 111843 32 37 217
1278 G 1101362 622 550 205 990003 103 130 43 109464 242
1279 G 1098613 4737 853 941 984821 673 118 127 106135 208
1280 C 1095531 970 4539 983091 1906 114 661 103776 291 183
1281 A 1089015 978414 1137 1534 3989 102826 131 177 583 224
1282 G 1079796 2098 545 232 976216 214 64 39 100226 162
1283 C 1074543 477 364 974702 319 86 57 98091 258 189
1284 A 1069093 972610 377 414 582 94737 94 41 72 166
1285 T 1064685 59 967709 164 29 19 96445 30 14 216
1286 T 1061368 969 963676 150 19 124 96155 53 10 212
1287 C 1056918 338 1055 959337 109 105 136 95650 19 169
1288 A 1055230 953485 829 1511 671 98009 155 166 84 320
1289 C 1048404 319 164 946038 2051 68 55 99300 246 163
1290 T 1045557 418 940920 1811 453 86 101413 229 53 174
1291 G 1038566 431 3227 391 932971 81 379 51 100850 185
1292 G 1029030 3034 463 325 925517 355 72 53 98994 217
1293 G 1023568 479 2604 914 919899 90 296 103 98997 186
1294 A 1017136 914511 1352 740 1090 98716 162 80 153 332
1295 A 1012839 910887 639 847 1620 98245 84 105 212 200
1296 T 1005934 877 905924 1014 723 134 96871 122 127 142
1297 A 1000196 901312 1415 723 503 95527 207 89 205 215
1298 C 996597 528 2117 897300 591 111 290 95396 84 180
1299 A 991282 894639 1171 450 921 93502 272 55 105 167
1300 G 979206 291 674 284 883716 64 104 63 93892 118
1301 A 977119 878831 284 639 340 96473 78 210 68 196
1302 G 971163 494 397 120 874414 82 100 119 95264 173
1303 G 963692 114 130 30 869262 134 49 4 93792 177
1304 G 955400 180 193 37 861833 48 122 7 92817 163
1305 A 948455 852175 102 22 532 95269 25 19 136 175
1306 A 938983 841903 65 132 145 96525 18 19 27 149
1307 G 932445 108 213 48 834681 58 66 5 97109 157
1308 A 927869 827468 66 26 521 99482 7 28 98 173
1309 A 922838 818121 270 10 165 103953 67 19 32 201
1310 C 914969 226 103 808525 321 103 32 105446 44 169
1311 A 907470 799436 234 326 311 106894 38 39 45 147
1312 T 900770 331 790311 351 1467 56 107756 60 262 176
1313 C 893727 609 103 783532 1532 154 50 107364 246 137
1314 A 886160 778321 574 443 1456 104817 86 54 262 147
1315 G 874582 99 156 55 773034 85 41 21 100952 139
1316 A 868057 767974 85 8 130 99553 79 18 22 188
1317 C 859635 174 113 758923 21 68 84 100075 31 146
1318 A 852311 750540 191 25 171 101167 55 14 28 120
1319 T 843758 70 742777 162 71 25 100450 45 20 138
1320 G 831541 156 218 175 734569 55 47 30 96168 123
1321 A 820455 724730 57 1975 159 93131 27 210 38 128
1322 G 812998 115 225 41 718522 23 98 20 93804 150
1323 G 805107 275 121 1916 710364 89 77 213 91893 159
1324 G 796065 4522 341 75 700048 659 68 53 90156 143
1325 C 789389 374 1347 696054 1170 106 212 89759 227 140
1326 A 779971 686197 1188 859 1203 89912 210 123 168 111
1327 G 773177 72 162 43 681762 35 35 36 90930 102
1328 A 767718 676752 32 9 94 90620 8 17 60 126
1329 A 761348 670952 70 10 359 89706 47 11 55 138
1330 A 755562 664033 40 10 139 91107 87 4 38 104
1331 T 749933 33 657097 77 21 21 92469 31 53 131
1332 T 741046 66 649365 192 8 82 91139 47 41 106
1333 A 732241 640716 33 17 144 91131 70 4 22 104
1334 T 724611 54 630988 115 5 49 93205 32 49 114
1335 A 715689 621406 9 19 133 93941 11 12 60 98
1336 A 710157 607569 250 315 3088 98187 94 38 511 105
1337 G 700871 2773 296 364 596946 460 106 61 99771 94
1338 G 692461 345 485 498 592206 170 88 87 98500 82
1339 A 684395 584891 444 212 245 98184 168 49 108 94
1340 T 677346 89 579360 268 136 80 97193 59 50 111
1341 G 668730 241 335 213 572578 86 75 59 95043 100
1342 A 658410 564654 67 47 135 93327 28 19 35 98
1343 T 648321 71 555929 71 8 23 92054 22 14 129
1344 G 641019 149 136 34 547066 62 36 18 93433 85
1345 G 630474 96 105 33 536779 84 58 17 93194 108
1346 A 617564 525315 46 29 130 91827 45 16 45 111
1347 A 610281 517168 33 12 438 92367 28 34 100 101
1348 G 601381 368 369 203 507970 86 123 41 92129 92
1349 G 594788 195 496 154 500245 46 151 30 93383 88
1350 T 586467 231 491616 276 367 145 92403 126 293 1010
1351 G 576033 1136 473 875 482022 273 145 224 90804 81
1352 C 564885 1173 871 469789 2736 308 205 89108 616 79
1353 A 553527 458946 606 284 2275 90581 141 72 528 94
1354 A 544621 450796 142 129 146 93202 41 39 32 94
1355 A 536244 440506 142 105 167 95102 46 35 46 95
1356 A 526076 430888 62 92 316 94354 28 84 72 180
1357 C 519987 163 328 426941 1207 83 83 90795 291 96
1358 C 509474 410 118 414380 1349 200 38 92576 328 75
1359 A 500068 400560 205 306 541 98087 54 83 166 66
1360 G 492606 499 513 278 393703 203 141 75 97124 70
1361 A 486097 388959 887 917 559 94090 233 194 183 75
1362 A 478047 376714 237 982 379 99183 68 290 126 68
1363 G 467555 629 548 1027 365130 266 180 318 99398 59
1364 A 456797 352575 976 438 1002 100924 317 156 344 65
1365 A 448969 337920 1029 352 670 108154 387 144 252 61
1366 A 442253 326895 200 1144 322 112978 96 423 142 53
1367 T 435357 158 316221 120 1849 75 116049 65 760 60
1368 G 426543 284 202 89 308522 132 100 34 117129 51
1369 T 416593 214 301497 128 206 123 114132 93 109 91
1370 C 409455 112 88 294627 514 92 64 113687 218 53
1371 C 402602 233 189 288170 176 185 95 113380 126 48
1372 T 399438 19 281098 56 4 137 118051 22 6 45
1373 T 390656 28 276386 62 7 67 113996 29 7 74
1374 C 380613 82 35 271177 24 92 36 109091 26 50
1375 C 373688 809 58 265567 951 447 89 105369 343 55
1376 A 365023 253652 59 104 6430 102525 44 60 2102 47
1377 G 353462 828 2182 200 251867 334 724 67 97223 37
1378 G 344473 160 40 114 249928 114 88 84 93895 50
1379 G 334122 105 90 199 243370 71 106 69 90072 40
1380 G 322334 306 155 126 237720 101 121 66 83701 38
1381 C 313118 130 85 232839 14 60 130 79699 103 58
1382 G 307122 100 86 21 230308 70 76 71 76353 37
1383 G 297883 84 68 17 226157 35 79 29 71370 44
1384 G 297057 57 84 11 225225 40 63 24 71478 75
1385 G 291067 67 37 29 222819 95 26 21 67940 33
1386 A 295347 218895 35 32 162 62949 48 34 6926 6266
1387 G 295170 49 71 7 223561 58 80 13 71271 60
1388 T 752944 13 451730 44 10 245 254440 147 15832 30483
1389 C 770372 173 39 500967 67 195 151 268182 242 356
1390 T 780976 39 528262 101 16 144 251829 209 38 338
1391 T 784439 45 525074 99 6 104 258894 116 20 81
1392 C 797056 97 151 530352 20 159 748 264774 52 703
1393 G 810165 89 162 64 540548 158 462 317 267585 780
1394 A 815841 545065 14 6 111 269766 111 56 279 433
1395 G 826515 58 191 13 548635 78 207 71 277057 205
1396 C 840698 1004 1453 564504 332 573 824 271088 396 524
1397 T 857533 1481 591544 855 185 784 261263 671 169 581
1398 C 868978 865 1380 592700 695 553 872 271351 353 209
1399 T 881038 288 602045 251 85 197 277617 264 69 222
1400 C 892716 215 165 603648 219 255 416 287487 187 124
1401 G 901257 399 379 63 615206 367 503 301 283606 433
1402 G 905354 69 141 38 626924 60 96 59 277872 95
1403 A 913236 634560 30 5 151 273077 69 43 1532 3769
1404 C 926634 87 149 658897 22 178 327 266685 50 239
1405 G 937984 225 302 212 668934 163 235 141 267641 131
1406 A 948251 676261 126 121 181 270602 101 79 304 476
1407 A 959355 689695 91 155 260 268700 74 92 188 100
1408 A 966076 705782 30 15 148 259716 195 22 70 98
1409 G 965798 80 188 49 713520 1304 254 73 247078 3252
1410 G 965417 110 136 32 730912 72 123 36 233883 113
1411 G 965473 85 164 25 747258 36 79 34 217694 98
1412 C 972384 131 165 762931 35 75 122 206956 679 1290
1413 A 981841 775526 63 43 336 205305 71 63 138 296
1414 G 980200 554 277 38 789313 195 148 45 189470 160
1415 C 986880 152 225 803466 47 87 299 182315 70 219
1416 G 1001003 262 242 54 815912 107 152 28 184121 125
1417 A 1009721 824168 121 597 124 183911 64 165 211 360
1418 A 1015846 835073 106 24 656 179279 93 88 180 347
1419 C 1021202 510 264 848884 216 438 92 169686 73 1039
1420 C 1029374 139 81 864867 148 92 57 163821 33 136
1421 C 1036723 211 149 876564 101 94 180 159232 27 165
1422 G 1039845 300 318 75 886824 125 133 331 150376 1363
1423 A 1045005 894139 63 86 558 148932 55 67 202 903
1424 T 1046359 83 896067 104 12 152 149413 53 42 433
1425 C 1050302 174 147 897664 48 85 119 151861 39 165
1426 G 1052466 264 463 189 899353 88 132 119 151702 156
1427 T 1057332 69 905773 1137 362 72 147548 210 415 1746
1428 G 1062609 259 293 302 920402 54 149 109 140884 157
1429 C 1066663 114 130 922463 32 38 61 143423 125 277
1430 C 1071138 115 101 931017 33 54 47 139437 21 313
1431 C 1075008 90 92 946800 23 64 23 127756 11 149
1432 T 1077326 105 954337 349 269 33 118971 652 68 2542
1433 C 1079116 253 367 963906 110 62 112 114115 34 157
1434 T 1079800 167 968768 1126 613 42 108580 186 92 226
1435 T 1079803 121 979922 173 242 20 99106 47 36 136
1436 T 1078966 85 987185 95 347 22 90661 48 57 466
1437 T 1078501 449 991770 500 45 63 85375 73 10 216
1438 G 1076614 260 680 753 990677 28 1213 79 76510 6414
1439 A 1074792 997222 338 658 453 74267 122 80 101 1551
1440 C 1072969 366 465 1003910 78 59 41 67747 20 283
1441 A 1072374 1008687 191 64 312 62860 22 16 23 199
1442 T 1071163 107 1015210 186 204 29 55229 10 19 169
1443 G 1070217 192 355 117 1022066 25 55 6 47245 156
1444 A 1068575 1026605 94 69 188 40943 18 1 64 593
1445 G 1067311 193 299 39 1031906 11 32 8 34661 162
1446 T 1065911 122 1022167 133 12 57 28843 14 857 13706
1447 A 1064444 1038561 66 3 144 25375 16 0 16 263
1448 A 1062509 1041423 156 9 87 20672 8 17 3 134
1449 T 1060600 94 1041769 225 392 48 17660 11 10 391
1450 G 1059997 250 342 295 1043058 19 14 8 15842 169
1451 A 1058510 1043176 228 224 151 14268 4 0 17 442
1452 A 1057508 1044231 74 265 282 12488 3 2 7 156
1453 G 1056577 2692 661 136 1041351 182 9 2 11112 432
1454 G 1055630 217 597 158 1043154 19 8 1 11358 118
1455 A 1054333 1040253 662 431 724 10948 11 6 75 1223
1456 T 1053170 82 1041841 117 3 25 10645 5 6 446
1457 C 1052419 124 71 1041334 35 11 7 10632 4 201
1458 T 1051746 101 1040706 131 13 30 10615 5 4 141
1459 T 1050716 11 1040192 195 6 12 10156 5 4 135
1460 A 1049509 1039211 47 4 102 9536 85 5 7 512
1461 T 1048586 67 1039100 121 7 4 9118 3 0 166
1462 T 1047771 60 1038600 125 6 4 8802 1 2 171
1463 T 1046979 68 1037800 128 4 11 8692 7 0 269
1464 C 1045611 206 101 1033143 37 5 328 7540 2 4249
1465 T 1045036 45 1036771 181 11 14 7837 3 1 173
1466 T 1043938 127 1036210 104 5 11 7289 4 2 186
1467 C 1042723 216 184 1034716 42 12 63 6551 5 934
1468 G 1042043 292 209 63 1034758 22 5 5 6484 205
1469 G 1041049 102 225 69 1034359 6 5 0 6155 128
1470 A 1040294 1031718 83 3 257 5851 4 1 107 2270
1471 G 1039536 103 241 44 1032934 7 3 0 5824 380
1472 A 1038868 1032120 154 17 257 5574 1 3 29 713
1473 C 1038440 202 157 1032147 40 5 3 5620 9 257
1474 A 1037852 1032001 60 7 143 5503 0 7 3 128
1475 A 1036983 1031077 64 20 201 5296 0 1 0 324
1476 T 1036122 74 1029091 173 51 42 4952 6 0 1733
1477 G 1035549 454 367 64 1029495 4 7 0 4937 221
1478 C 1034712 220 266 1029206 66 8 1 4743 6 196
1479 A 1034066 1028596 236 22 271 4543 2 2 3 391
1480 G 1033433 232 274 102 1028116 3 2 3 4401 300
1481 A 1032681 1027704 74 39 208 4298 1 2 5 350
1482 G 1031931 366 271 63 1026853 2 2 1 4230 143
1483 G 1031188 120 248 60 1026569 1 1 0 4103 86
1484 A 1030191 1023444 62 29 212 3824 1 0 59 2560
1485 G 1029057 409 456 40 1024339 5 0 0 3725 83
1486 T 1028281 77 987076 140 36 9 3194 1 340 37408
1487 A 1027576 1023518 156 4 294 3442 1 1 3 157
1488 C 1026373 187 435 1021799 102 8 1 3282 0 559
1489 G 1022543 5308 982 172 1012671 16 3 2 3159 230
1490 A 1016597 1007138 2564 827 2647 3031 10 5 10 365
1491 C 1014944 816 777 1007940 1812 22 3 3053 7 514
1492 A 1010499 1002145 473 2425 2305 2981 6 6 21 137
1493 A 1005581 972210 2217 1656 26469 2781 11 4 95 138
1494 T 1001506 24153 960184 5502 8120 92 2723 19 23 690