# nucleotide counts
# upper case indicates nucleotide called by both reads
# lower case indicates nucleotide called by one read with other ambiguous
# N indicates disagreement between reads, or both ambiguous
# POSITION WT COUNTS A T C G a t c g N
1 A 1690236 1679722 124 8 251 9890 18 3 2 218
2 T 1692248 164 1680275 241 5 4 10982 3 2 572
3 G 1693875 285 253 82 1681446 4 12 6 11440 347
4 G 1694581 135 265 27 1682510 3 9 2 11373 257
5 C 1696515 469 485 1682263 85 10 24 12484 7 688
6 G 1698996 418 246 56 1683845 7 17 8 13802 597
7 T 1701272 78 1685277 318 9 2 14832 9 7 740
8 C 1703540 195 167 1686521 78 4 14 16306 2 253
9 C 1705969 278 209 1687598 90 10 9 17389 2 384
10 C 1708331 368 218 1688984 52 1 20 18398 2 288
11 A 1711105 1690648 101 13 296 19706 18 10 3 310
12 A 1713781 1691913 127 27 296 21108 30 4 6 270
13 G 1715046 162 399 71 1692870 6 25 5 21238 270
14 G 1717445 237 282 57 1693970 3 21 6 22342 527
15 C 1720576 467 203 1695860 88 8 19 23721 5 205
16 A 1722539 1695986 140 11 331 24755 13 20 6 1277
17 C 1724958 195 172 1698674 37 8 10 25636 3 223
18 C 1728475 475 162 1700007 79 9 15 27471 2 255
19 A 1731982 1701188 64 19 218 30250 10 8 3 222
20 A 1734942 1703273 86 8 177 31046 8 5 7 332
21 A 1737181 1705849 84 59 176 30583 8 8 2 412
22 C 1739756 352 316 1707737 53 14 40 31028 1 215
23 G 1742558 268 299 41 1710352 11 45 8 31229 305
24 G 1746555 170 196 52 1713591 5 12 9 32265 255
25 T 1750014 98 1713869 227 6 5 33777 15 7 2010
26 C 1753532 486 151 1717297 112 13 31 35197 7 238
27 T 1757311 78 1718955 175 14 2 37807 21 4 255
28 T 1761099 38 1718415 238 7 2 42191 15 1 192
29 A 1765820 1719214 59 6 200 46082 17 5 22 215
30 T 1770712 198 1720786 227 10 21 48981 15 3 471
31 G 1772936 221 475 115 1719778 19 82 24 51821 401
32 A 1777233 1721005 130 5 241 55384 24 18 12 414
33 A 1781224 1722663 119 10 226 57761 29 8 14 394
34 C 1786246 446 250 1724360 73 22 24 60829 5 237
35 A 1791531 1724572 140 19 252 66207 37 4 17 283
36 G 1793201 100 490 101 1722797 16 70 18 69395 214
37 A 1797395 1721931 138 3 173 74805 23 1 29 292
38 T 1801715 148 1717966 179 8 38 80672 32 22 2650
39 G 1805404 244 263 75 1716886 37 73 18 87531 277
40 G 1808867 189 300 81 1714164 24 44 16 93763 286
41 A 1812889 1706241 100 6 283 105232 46 14 42 925
42 A 1817135 1703896 49 5 246 112525 20 13 28 353
43 A 1820234 1704245 109 42 191 115053 35 25 18 516
44 C 1824439 354 72 1703318 48 48 17 120326 12 244
45 T 1830759 71 1697033 244 14 25 132826 42 15 489
46 G 1833101 192 452 103 1691402 26 109 23 140593 201
47 A 1835560 1688001 149 2 276 146492 24 21 54 541
48 T 1839295 141 1684976 178 16 47 153621 23 14 279
49 G 1840545 256 390 74 1673136 70 200 26 166137 256
50 G 1840185 204 315 58 1665103 47 237 32 173874 315
51 G 1838558 256 252 59 1656720 50 160 17 180718 326
52 G 1837479 358 324 72 1646801 86 94 15 189413 316
53 A 1838053 1639696 73 4 248 197489 23 32 52 436
54 A 1834699 1634871 43 7 237 199002 14 51 49 425
55 C 1833227 266 328 1619445 48 71 100 212727 39 203
56 G 1827888 553 354 90 1606601 123 89 53 219594 431
57 C 1826465 212 119 1596566 32 74 33 229108 25 296
58 C 1833705 309 261 1585144 76 150 65 247271 38 391
59 A 1837320 1573862 131 20 460 262403 48 16 115 265
60 G 1829460 108 428 87 1564938 77 109 28 263427 258
61 A 1826142 1551361 81 5 135 274175 62 11 45 267
62 A 1823608 1531240 120 4 176 291690 41 17 42 278
63 T 1823987 75 1515855 176 6 49 307240 68 51 467
64 G 1815678 289 343 69 1492398 98 127 37 322038 279
65 C 1811135 386 374 1469487 71 175 146 340203 56 237
66 A 1809611 1442823 70 8 240 365993 48 38 79 312
67 A 1802288 1422187 106 7 193 379208 80 18 68 421
68 C 1798786 373 69 1408399 60 257 57 389038 108 425
69 T 1798345 92 1409173 243 18 123 388287 89 31 289
70 G 1786761 183 378 84 1392758 162 206 44 392721 225
71 A 1779061 1375863 101 10 228 402263 159 36 95 306
72 G 1768762 107 317 50 1360738 82 201 52 406968 247
73 A 1759225 1329367 82 4 155 429057 57 64 83 356
74 T 1749034 94 1301784 123 5 86 446560 91 23 268
75 C 1741782 391 137 1271673 84 546 158 468432 114 247
76 A 1735163 1245759 101 24 305 488084 329 30 177 354
77 G 1714575 106 316 90 1220578 118 272 51 492771 273
78 A 1700328 1188366 50 11 153 511246 88 27 122 265
79 G 1679643 108 249 28 1161270 121 213 67 517280 307
80 C 1662592 345 252 1150725 65 352 158 510377 86 232
81 A 1647131 1121129 54 3 141 525328 59 24 115 278
82 T 1631187 76 1101386 118 4 76 529156 73 30 268
83 C 1618190 266 46 1087750 59 413 188 529142 64 262
84 C 1626294 262 210 1078366 42 918 169 545940 105 282
85 G 1612999 220 211 33 1068679 759 286 47 542531 233
86 T 1593592 89 1049183 104 6 185 543089 105 254 577
87 C 1581587 264 179 1033576 52 404 633 545839 252 388
88 G 1546800 258 224 34 1026355 420 458 165 518611 275
89 G 1517759 87 195 34 1007932 125 205 33 508888 260
90 G 680564 41 119 17 519375 32 106 24 160743 107
91 A 672051 518896 44 2 78 152698 69 15 36 213
92 A 662462 509936 42 2 84 152067 144 4 35 148
93 G 658570 36 153 32 510985 30 82 26 147130 96
94 A 657551 509580 41 2 68 147667 25 11 26 131
95 T 660588 35 512475 66 1 22 147851 22 6 110
96 G 662707 40 165 20 523425 20 169 25 138756 87
97 A 664502 527473 40 3 61 136730 23 14 26 132
98 T 666251 42 530846 45 2 28 135139 22 5 122
99 T 669750 45 538965 62 2 22 130514 33 5 102
100 G 671729 66 161 40 547645 25 160 23 123485 124
101 A 676750 553637 65 3 99 122779 20 15 28 104
102 T 682611 57 566057 78 1 33 116251 25 5 104
103 G 687100 81 126 26 570670 40 93 24 115912 128
104 G 694116 46 128 30 577445 31 102 25 116184 125
105 A 698407 582610 38 6 81 115442 54 10 27 139
106 A 703266 596081 22 2 84 106912 19 9 16 121
107 T 706764 37 605129 50 2 13 101365 22 11 135
108 T 715502 37 608067 56 4 13 107142 17 7 159
109 G 721781 96 136 31 618219 21 146 23 102938 171
110 G 727035 59 114 28 629719 23 51 11 96891 139
111 A 733974 636693 42 4 199 96702 28 12 33 261
112 C 744408 124 177 643431 25 31 92 100369 8 151
113 G 754064 101 184 17 650759 24 113 23 102724 119
114 A 762323 660263 43 1 50 101779 12 8 14 153
115 T 770337 45 665038 85 2 17 104965 18 6 161
116 T 776181 29 670906 61 0 12 104961 18 4 190
117 C 780236 178 45 678433 37 49 37 101310 13 134
118 T 791285 61 686884 137 6 25 103998 27 2 145
119 A 800271 694818 78 2 110 104878 63 14 35 273
120 C 809122 186 87 703778 19 44 49 104811 20 128
121 A 819452 709385 52 8 82 109706 12 31 15 161
122 T 827390 54 716411 90 0 25 110557 33 12 208
123 C 836437 169 47 725904 29 51 31 110043 5 158
124 C 846541 191 95 732742 18 68 42 113209 10 166
125 A 856556 739692 43 5 91 116479 45 12 16 173
126 A 863516 746147 14 5 81 117037 42 24 8 158
127 A 872935 756723 55 3 59 115884 20 13 17 161
128 T 880919 30 767557 67 3 10 113080 16 6 150
129 G 886247 108 180 29 777868 49 91 21 107751 150
130 T 894932 87 786766 125 14 37 107415 40 12 436
131 G 902675 121 208 29 795858 27 97 21 106154 160
132 C 911448 197 204 800461 42 40 69 110263 9 163
133 A 918444 810438 73 12 113 107387 46 24 27 324
134 C 924176 164 77 816156 30 40 17 107533 15 144
135 T 930589 38 822351 156 9 24 107788 25 9 189
136 G 933314 121 246 52 829336 52 95 33 103229 150
137 A 941025 835417 40 2 93 105239 36 9 18 171
138 A 947499 841943 76 2 102 104940 71 12 33 320
139 C 954014 138 63 850520 13 31 31 103035 18 165
140 T 962790 35 859699 106 7 16 102682 28 7 210
141 T 970945 81 866037 124 5 31 104450 34 8 175
142 A 976210 869637 69 2 81 106190 50 10 10 161
143 A 984038 875468 33 5 92 108183 17 13 28 199
144 A 989958 877953 51 39 96 111423 41 16 25 314
145 C 996714 138 41 884377 17 44 21 111921 10 145
146 T 1004023 41 888406 110 6 17 115187 24 9 223
147 C 1010826 258 100 892473 54 98 47 117588 18 190
148 A 1017835 897586 61 8 200 119757 28 4 29 162
149 G 1022033 58 101 22 901461 15 59 12 120136 169
150 T 1028649 109 908404 99 12 38 119378 26 28 555
151 G 1036145 72 276 44 912484 41 137 24 122921 146
152 A 1040607 920872 62 1 89 119333 20 13 30 187
153 T 1045193 76 923459 74 1 23 121330 27 6 197
154 T 1054146 15 929531 81 2 32 124259 18 10 198
155 A 1061637 937633 57 1 129 123597 38 5 17 160
156 T 1067411 86 945089 103 6 29 121847 24 5 222
157 G 1071800 113 256 65 952910 41 98 26 118118 173
158 A 1077127 958893 80 12 254 117446 157 10 42 233
159 G 1079423 102 205 27 960942 20 143 10 117780 194
160 G 1081831 117 183 23 965588 36 113 14 115466 291
161 G 1083704 144 116 42 971183 26 71 9 111792 321
162 G 1085189 55 173 28 976950 23 72 15 107662 211
163 C 1091077 217 282 979508 65 82 191 110469 21 242
164 G 1098075 190 270 40 977316 108 101 28 119800 222
165 A 1101126 981910 160 7 94 118508 35 14 54 344
166 C 1106865 71 92 987250 31 32 52 119145 21 171
167 T 1116589 69 989767 216 14 51 126228 30 10 204
168 G 1119383 139 286 48 991931 34 102 36 126635 172
169 A 1125322 997175 94 2 83 127692 25 13 18 220
170 T 1129920 86 1002762 127 2 30 126635 21 40 217
171 C 1137939 258 99 1011205 41 93 56 125949 17 221
172 C 1144278 222 136 1013472 42 194 66 129885 14 247
173 A 1149392 1017860 77 6 201 130817 155 39 28 209
174 G 1149080 72 294 56 1017006 55 138 25 131251 183
175 A 1158100 1018607 68 5 102 139007 29 19 51 212
176 A 1161345 1017067 77 3 139 143690 46 18 42 263
177 C 1164725 207 124 1015099 31 77 91 148827 51 218
178 A 1167033 1018156 22 5 115 148422 83 9 17 204
179 G 1165632 81 294 26 1024909 22 120 63 139929 188
180 C 1167514 257 56 1024517 27 87 44 142251 60 215
181 T 1177068 58 1029160 107 1 38 147399 25 13 267
182 T 1184564 109 1039771 108 11 73 144148 96 9 239
183 A 1189527 1044524 91 2 91 144540 40 14 16 209
184 A 1194644 1049543 105 7 120 144565 41 13 27 223
185 C 1199673 195 108 1052094 27 176 40 146769 21 243
186 A 1206564 1056425 67 3 125 149710 38 6 22 168
187 A 1205598 1058458 98 6 86 146616 23 11 102 198
188 T 1209999 64 1064534 107 3 49 144941 107 7 187
189 A 1213724 1065089 90 11 177 147961 156 7 39 194
190 G 1213956 70 364 79 1071031 28 110 33 142032 209
191 A 1216383 1073011 43 4 135 142824 114 8 25 219
192 G 1216472 62 270 60 1078274 37 67 19 137481 202
193 A 1220045 1077295 91 3 144 142106 66 7 36 297
194 G 1219619 90 276 54 1076649 35 70 18 142175 252
195 A 1219488 1080123 68 5 127 138849 27 6 42 241
196 A 1222376 1086555 54 0 132 135316 16 6 31 266
197 T 1224761 100 1086804 102 5 42 137395 20 6 287
198 G 1222848 101 290 58 1086108 49 156 33 135792 261
199 G 1225514 122 154 31 1082854 44 43 15 141997 254
200 T 1230071 170 1082184 194 18 74 146001 52 91 1287
201 G 1238063 202 303 55 1086212 75 93 19 150890 214
202 C 1243148 288 113 1087960 38 77 22 154405 24 221
203 T 1250224 80 1087907 115 12 52 161747 36 8 267
204 C 1256295 225 84 1093572 47 129 39 161950 23 226
205 T 1258980 69 1088148 195 5 152 170136 46 12 217
206 C 1258745 197 70 1084467 67 121 43 173544 31 205
207 T 1262095 68 1080162 187 10 187 181164 70 12 235
208 G 1253923 197 305 40 1074596 208 129 26 178254 168
209 C 1255743 285 78 1070693 45 103 118 184177 50 194
210 T 1264058 31 1072250 178 5 41 191201 82 10 260
211 T 1266661 45 1071179 123 10 56 194849 35 102 262
212 T 1269575 41 1071598 114 5 43 197423 49 12 290
213 T 1270812 46 1065515 136 8 41 204770 53 27 216
214 G 1264084 120 257 67 1061695 142 133 35 201438 197
215 A 1257739 1057477 92 7 184 199552 51 26 67 283
216 C 1258002 167 482 1055292 47 111 308 201195 122 278
217 G 1258157 145 289 45 1056048 133 161 98 201021 217
218 A 1259783 1060839 77 3 107 198371 93 10 45 238
219 A 1260411 1059037 46 5 146 200778 49 9 71 270
220 A 1260215 1059998 73 3 139 199598 129 11 53 211
221 G 1255169 64 246 73 1062331 67 126 33 192039 190
222 A 1257273 1065956 79 5 135 190710 85 9 52 242
223 A 1254646 1066216 65 7 134 187852 76 18 56 222
224 G 1251571 88 246 46 1067168 50 172 27 183595 179
225 G 1245175 71 265 40 1065294 75 102 23 179040 265
226 A 1239385 1060888 91 6 139 177888 57 5 47 264
227 A 1240507 1059267 73 1 133 180756 41 12 27 197
228 T 1239260 97 1059655 103 4 97 178962 39 14 289
229 A 1239063 1056615 33 3 135 181990 31 30 30 196
230 A 1236890 1056620 41 4 106 179845 24 22 29 199
231 A 1229761 1054425 52 2 70 174916 41 29 23 203
232 T 1227278 90 1049814 70 6 50 176936 31 28 253
233 A 1226915 1055485 55 3 85 170977 53 24 17 216
234 T 1220308 76 1058422 87 4 32 161376 20 37 254
235 C 1218035 294 45 1061408 57 122 48 155854 18 189
236 T 1219950 97 1051340 228 10 57 167912 48 25 233
237 G 1211841 141 225 60 1049561 52 208 23 161332 239
238 G 1210276 79 257 44 1046052 81 77 21 163469 196
239 A 1209483 1041183 65 3 151 167712 31 11 76 251
240 A 1208075 1038461 42 7 157 168961 145 8 77 217
241 G 1203746 105 268 47 1038061 106 100 34 164772 253
242 A 1200466 1036491 76 4 122 163420 89 10 42 212
243 A 1200808 1035560 89 6 154 164517 51 59 57 315
244 C 1199615 188 117 1033763 37 104 72 165053 38 243
245 A 1204710 1033220 53 2 82 171019 75 38 35 186
246 T 1203645 75 1029292 144 6 53 173679 48 10 338
247 C 1205164 233 88 1027389 39 115 57 177004 16 223
248 C 1207757 223 89 1027259 48 192 34 179591 24 297
249 C 1214694 255 132 1028491 36 220 72 185223 35 230
250 A 1220795 1032662 14 12 187 187611 19 37 59 194
251 G 1213815 69 248 17 1038482 51 47 35 174655 211
252 C 1208579 277 269 1036645 33 94 59 170897 79 226
253 G 1204909 141 281 31 1033443 58 102 57 170589 207
254 C 1202701 221 145 1033601 23 62 233 167878 132 406
255 G 1202515 189 256 37 1036021 46 198 51 165485 232
256 G 1199066 87 205 31 1030987 31 194 12 167319 200
257 G 1196524 123 199 51 1030535 38 126 28 165187 237
258 G 1192831 92 281 45 1028996 84 98 21 162990 224
259 A 1194307 1030561 79 5 219 163047 83 11 67 235
260 A 1193608 1038510 72 8 173 154068 467 6 67 237
261 G 1190840 105 325 37 1039847 40 146 17 150078 245
262 G 1186093 64 223 42 1039439 80 443 18 145545 239
263 A 1183835 1039847 87 1 122 143070 396 13 39 260
264 T 1181517 85 1041841 134 2 42 138668 393 18 334
265 C 1178077 229 70 1040737 30 76 397 136250 30 258
266 C 1182922 246 81 1037128 53 159 311 144627 19 298
267 T 1190884 69 1040673 226 7 123 149337 244 12 193
268 A 1189481 1041792 13 2 150 147062 35 172 33 222
269 A 1187978 1045076 34 7 122 142408 48 9 39 235
270 G 1186091 63 74 24 1048331 103 48 16 137135 297
271 A 1185059 1048761 41 2 103 135882 21 11 27 211
272 A 1185299 1046035 28 2 112 138787 80 11 21 223
273 A 1182615 1043145 15 3 127 139075 10 5 22 213
274 A 1178756 1043014 66 39 95 134997 39 37 33 436
275 C 1178694 176 57 1042755 22 58 31 135407 15 173
276 T 1179872 52 1039357 156 6 26 139933 40 14 288
277 G 1175572 130 206 48 1039449 35 161 26 135326 191
278 G 1174956 77 106 57 1041276 35 79 16 133111 199
279 A 1179342 1043941 70 6 267 134646 57 4 89 262
280 G 1177520 118 133 27 1044258 50 78 13 132625 218
281 G 1175755 99 224 36 1043546 47 62 14 131473 254
282 A 1174158 1041493 100 10 104 131401 36 64 42 908
283 C 1175165 120 123 1040719 20 43 46 133791 8 295
284 C 1177703 207 109 1040118 39 80 38 136873 15 224
285 C 1178527 221 165 1035823 40 154 51 141778 23 272
286 A 1181012 1034668 95 7 111 145852 44 6 21 208
287 T 1178065 100 1033439 110 2 34 144126 16 15 223
288 A 1173881 1032314 68 5 82 141195 26 5 15 171
289 T 1175262 87 1030677 88 3 42 144105 24 4 232
290 A 1172662 1028520 124 2 119 143455 42 23 28 349
291 C 1171498 292 100 1029830 38 140 37 140698 16 347
292 A 1173799 1027258 68 7 199 145944 31 8 43 241
293 A 1174342 1025089 63 21 176 148607 101 8 35 242
294 G 1173256 46 312 54 1023960 29 109 20 148540 186
295 A 1171335 1020082 62 5 128 150646 110 4 28 270
296 G 1165144 52 216 38 1016244 37 97 24 148208 228
297 A 1163932 1015780 66 2 152 147566 33 5 33 295
298 G 1161172 89 229 22 1015442 23 54 9 145121 183
299 T 1163103 128 1015881 99 12 259 143942 49 122 2611
300 A 1163714 1017274 87 15 185 145814 62 5 45 227
301 G 1161357 90 312 73 1018218 45 106 31 142239 243
302 A 1161821 1018777 75 3 92 142612 19 5 18 220
303 T 1163629 128 1017797 95 3 56 145198 23 11 318
304 A 1164217 1017228 55 1 127 146548 46 8 39 165
305 G 1160332 60 140 63 1015296 59 65 19 144413 217
306 A 1160415 1014081 51 6 124 145843 37 9 40 224
307 A 1163306 1017953 35 4 137 144874 45 3 17 238
308 A 1162113 1020186 37 3 118 141496 26 13 29 205
309 G 1163027 66 191 27 1018152 27 54 25 144260 225
310 T 1165370 82 1014378 127 3 100 148875 50 191 1564
311 G 1165199 130 265 40 1012791 46 155 28 151492 252
312 G 1163046 57 259 48 1012483 38 80 21 149804 256
313 A 1163112 1010707 88 3 136 151880 24 6 29 239
314 T 1158419 106 1010503 128 7 29 147266 26 27 327
315 G 1159003 127 321 87 1013351 51 129 33 144706 198
316 A 1158584 1005318 108 11 223 152384 181 9 89 261
317 G 1149835 92 257 44 996248 25 227 19 152680 243
318 G 1146623 114 116 37 995181 60 158 22 150494 441
319 G 1140847 509 242 54 992778 132 138 20 146432 542
320 A 1140293 989942 55 5 140 149799 42 7 35 268
321 A 1137021 989107 73 8 152 146334 47 106 44 1150
322 C 1132652 124 69 989883 22 48 30 142258 11 207
323 T 1133219 76 987543 120 3 34 145014 50 10 369
324 C 1136450 309 141 987195 44 115 60 148357 18 211
325 G 1134717 207 144 28 985962 234 66 50 147786 240
326 T 1136628 87 983445 136 10 67 152428 40 35 380
327 C 1138960 207 66 978571 51 63 46 159718 38 200
328 C 1141988 241 69 976787 51 153 65 164351 10 261
329 T 1143892 35 976873 127 7 125 166494 43 5 183
330 T 1142629 62 975276 90 3 114 166803 51 5 225
331 T 1138281 18 971989 113 4 61 165875 28 3 190
332 A 1132265 965659 79 1 114 166101 79 20 23 189
333 T 1129474 87 959499 123 2 44 169449 37 20 213
334 G 1123650 146 278 75 954387 83 163 68 168247 203
335 A 1122000 952046 123 7 182 169131 75 22 51 363
336 C 1123535 221 129 947831 49 265 45 174608 31 356
337 A 1128948 946131 45 7 104 182326 54 18 44 219
338 A 1126350 940202 61 7 94 185707 32 11 25 211
339 A 1129546 940777 50 3 159 188171 98 11 69 208
340 G 1129913 65 225 58 946937 111 106 26 182133 252
341 A 1130865 952057 56 5 110 178350 23 9 41 214
342 A 1133066 956497 44 6 150 176042 31 12 45 239
343 G 1127763 88 210 42 961592 125 94 30 165225 357
344 A 1126560 957015 53 2 121 169084 45 8 44 188
345 A 1122944 952259 47 1 115 170262 25 13 31 191
346 A 1121527 952794 46 3 92 168374 26 3 13 176
347 T 1119760 50 945565 91 0 94 173578 20 17 345
348 A 1126764 949528 9 3 173 176774 61 9 50 157
349 A 1129016 951967 69 16 151 176442 54 18 56 243
350 G 1125002 91 220 43 954931 42 92 29 169344 210
351 G 1119015 52 183 20 954580 50 51 26 163809 244
352 C 1117630 223 159 956363 46 98 127 160243 93 278
353 G 1116235 154 258 39 954189 95 101 43 161096 260
354 A 1116225 957153 76 2 77 158639 38 17 39 184
355 A 1115095 954748 30 3 78 159916 31 10 35 244
356 T 1116570 67 956358 94 3 30 159725 37 15 241
357 C 1115193 285 47 958425 40 113 55 155990 29 209
358 T 1122130 68 958681 182 8 150 162662 48 32 299
359 G 1120012 117 180 33 959943 67 82 22 159348 220
360 G 1116066 84 176 10 959335 54 61 37 156053 256
361 C 1120121 225 268 960311 63 93 162 158659 53 287
362 G 1117371 285 220 41 961823 96 83 71 154437 315
363 C 1115174 216 89 964247 25 48 44 150265 28 212
364 C 1122752 221 127 965212 43 161 61 156341 17 569
365 A 1123638 959823 49 4 151 163337 25 15 26 208
366 A 1122567 957183 44 7 110 164899 40 9 32 243
367 G 1118450 149 281 32 959990 60 67 26 157665 180
368 C 1113503 219 142 964139 26 70 51 148651 22 183
369 C 1113044 172 142 964746 31 101 52 147551 11 238
370 A 1115652 966521 20 8 141 148656 42 15 29 220
371 A 1121213 969678 81 5 86 151074 27 20 32 210
372 T 1121521 109 971383 80 2 66 149661 29 8 183
373 A 1124840 976821 46 6 85 147591 67 13 22 189
374 A 1126146 977249 73 5 98 148438 34 32 15 202
375 T 1130720 59 978910 87 8 52 151397 30 12 165
376 G 1129135 111 267 51 975480 49 150 29 152832 166
377 G 1127742 94 116 32 974522 56 40 23 152680 179
378 T 1128418 120 976082 144 12 96 150279 51 124 1510
379 G 1127322 89 300 74 981968 29 130 33 144534 165
380 A 1126887 983450 96 7 113 142956 22 17 44 182
381 T 1127447 97 984073 113 5 40 142868 27 22 202
382 G 1128701 94 281 63 984069 83 114 39 143799 159
383 A 1127516 987684 107 3 94 139336 48 10 30 204
384 T 1127950 83 987198 177 4 36 140150 57 8 237
385 G 1129521 254 248 49 988732 95 97 30 139810 206
386 C 1129336 242 183 989308 43 112 128 139061 16 243
387 A 1134193 993632 32 5 158 140012 37 14 60 243
388 A 1136234 998240 80 3 102 137384 42 53 23 307
389 C 1137567 260 75 1000618 36 128 52 136148 22 228
390 A 1140446 999887 48 5 113 140130 25 27 29 182
391 G 1143487 68 321 29 1004203 51 83 25 138532 175
392 C 1142800 301 50 1002432 33 100 60 139648 21 155
393 T 1143864 43 1001584 113 11 38 141807 39 8 221
394 G 1142752 101 247 36 996615 93 126 16 145333 185
395 G 1133422 80 145 39 992015 36 45 18 140835 209
396 T 1130125 94 989402 134 7 30 139906 26 37 489
397 C 1129275 266 104 985322 51 79 31 143218 26 178
398 T 1130793 33 983103 217 12 53 147151 30 7 187
399 G 1123648 112 268 49 981025 44 85 19 141866 180
400 A 1121622 982791 100 6 98 138232 63 18 23 291
401 C 1125907 215 74 982738 33 53 18 142583 16 177
402 T 1128729 95 983224 151 4 52 144968 36 2 197
403 C 1129102 291 109 981252 58 91 49 147063 22 167
404 A 1130541 982682 97 9 144 147120 55 20 30 384
405 C 1131756 273 118 987752 39 61 71 143244 16 182
406 A 1137551 989176 62 7 150 147921 16 18 29 172
407 T 1140737 82 991415 137 6 39 148836 27 7 188
408 G 1138939 102 321 68 998607 28 131 24 139515 143
409 A 1138033 1000936 81 1 147 136592 22 8 31 215
410 T 1138824 93 997622 147 5 31 140687 23 5 211
411 G 1139035 100 266 43 998633 48 108 14 139649 174
412 A 1141324 1001028 70 4 83 139894 28 6 21 190
413 T 1139546 71 1003459 96 3 19 135641 23 14 220
414 C 1139467 249 65 999379 63 122 39 139377 23 150
415 T 1143229 91 999454 219 10 80 143126 42 7 200
416 G 1135879 159 240 48 998829 63 117 30 136188 205
417 G 1131542 157 228 45 1000576 32 61 23 130203 217
418 C 1132671 281 216 1000765 71 77 59 130966 33 203
419 A 1134884 1001055 67 10 144 133323 30 9 24 222
420 T 1136624 38 1002274 133 2 15 133927 12 4 219
421 T 1137164 46 1004347 148 2 24 132291 48 7 251
422 C 1136337 272 93 1005466 43 87 27 130097 19 233
423 C 1136799 230 137 1003298 45 141 51 132590 32 275
424 A 1139791 1001594 49 11 143 137710 26 19 24 215
425 A 1137914 1001082 43 2 90 136432 17 2 21 225
426 T 1136755 48 999957 78 3 12 136382 37 9 229
427 T 1140716 76 1000979 126 7 40 139175 33 10 270
428 T 1143420 59 1000310 154 5 36 142564 29 11 252
429 G 1142829 102 306 65 1000120 30 158 33 141845 170
430 A 1144574 1005517 76 5 165 138502 42 7 30 230
431 A 1143747 1004093 41 4 147 139205 15 4 28 210
432 T 1143434 84 999886 120 7 23 143077 36 9 192
433 G 1139765 83 338 58 1000288 34 154 30 138592 188
434 A 1137600 1002011 103 2 87 135141 18 6 23 209
435 T 1137454 72 999285 104 3 26 137730 30 17 187
436 A 1138260 995616 96 4 186 141928 58 9 47 316
437 C 1138818 226 134 994292 33 128 55 143751 34 165
438 A 1144116 995713 38 11 184 147881 35 38 25 191
439 A 1142006 995539 102 8 131 145822 37 20 30 317
440 C 1141669 269 85 995066 43 98 111 145795 22 180
441 A 1141020 992052 46 6 95 148526 19 13 88 175
442 T 1135592 51 986059 105 7 26 149031 98 5 210
443 A 1135417 985890 74 9 119 148218 56 151 56 844
444 C 1138553 155 84 987301 27 48 49 150621 95 173
445 C 1141175 286 103 985556 49 150 59 154643 125 204
446 A 1150366 988440 75 7 232 161171 178 10 63 190
447 G 1150213 59 268 77 991809 34 139 18 157664 145
448 A 1153216 985850 47 2 142 166727 82 126 44 196
449 G 1150375 121 262 61 982837 45 169 23 166673 184
450 G 1145454 72 181 45 982742 163 100 35 161925 191
451 A 1146534 982446 147 8 149 163227 53 23 40 441
452 C 1147033 163 142 983781 31 110 87 162476 20 223
453 A 1150509 983303 81 10 140 166619 49 24 44 239
454 A 1145547 981999 77 6 159 162917 92 18 38 241
455 G 1147129 58 107 38 984134 96 114 28 162240 314
456 A 1144368 986700 39 2 109 157182 26 16 45 249
457 G 1139095 69 257 26 990064 22 87 21 148363 186
458 C 1141566 259 50 988046 22 86 22 152863 28 190
459 T 1146999 33 990850 104 8 42 155700 39 13 210
460 C 1147548 159 65 994385 48 86 72 152348 31 354
461 T 1147600 73 997905 113 7 88 149155 35 16 208
462 T 1153412 65 998065 99 12 52 154817 38 32 232
463 G 1152070 108 198 25 995898 65 92 27 155487 170
464 T 1150318 122 991457 110 2 52 158167 25 29 354
465 T 1149932 74 988119 82 2 58 161155 160 11 271
466 C 1148336 257 195 986768 40 146 122 160577 31 200
467 G 1153234 341 182 43 991460 255 196 30 160484 243
468 C 1156560 199 153 1002776 39 54 68 153098 15 158
469 A 1160267 1002595 71 4 135 155830 165 101 68 1298
470 C 1162571 126 158 1001425 31 46 42 160377 148 218
471 C 1166781 352 178 1000165 22 125 192 165436 97 214
472 G 1169854 272 209 51 998829 169 191 25 169852 256
473 G 1167828 271 208 34 1002492 121 78 46 164365 213
474 C 1168637 293 172 1001716 52 88 127 165956 30 203
475 A 1165018 1000145 81 6 152 164295 33 18 77 211
476 T 1164706 42 999161 101 2 19 165106 44 30 201
477 G 1160759 123 233 42 998014 91 154 26 161816 260
478 G 1155434 81 199 35 1001284 27 64 40 153511 193
479 A 1157620 1004157 61 4 116 152986 20 34 38 204
480 T 1158697 89 1007270 134 6 53 150809 34 21 281
481 C 1158999 202 102 1007102 37 83 48 151161 13 251
482 C 1162966 191 104 1011639 38 97 44 150545 24 284
483 C 1164451 236 166 1011391 37 140 95 152120 26 240
484 A 1171241 1017027 35 14 223 153531 81 20 51 259
485 G 1170883 98 278 34 1018739 36 120 34 151314 230
486 G 1169416 49 233 39 1021394 63 98 25 147309 206
487 A 1168248 1018917 62 2 113 148802 37 16 38 261
488 T 1170671 50 1020534 90 6 32 149668 25 18 248
489 G 1168721 127 217 32 1022532 39 73 23 145468 210
490 T 1169671 105 1022989 140 17 46 145696 36 50 592
491 G 1168385 283 248 49 1020899 90 112 23 146450 231
492 C 1168791 247 96 1017928 51 72 17 150114 53 213
493 T 1175412 69 1015154 135 23 43 159603 67 70 248
494 C 1178882 226 83 1011897 59 198 31 165978 32 378
495 T 1182590 60 1011365 125 8 141 170590 25 56 220
496 C 1184378 308 57 1010400 57 123 38 173150 27 218
497 T 1188155 68 1012082 230 13 202 175184 63 69 244
498 G 1183614 83 306 68 1015055 123 113 115 167558 193
499 A 1183647 1018077 94 5 110 164857 61 66 152 225
500 T 1189224 85 1023832 181 8 80 164690 82 13 253
501 G 1191699 275 331 54 1022292 168 85 59 168239 196
502 C 1193333 287 234 1027563 48 91 221 164634 33 222
503 A 1192340 1027998 71 18 296 163423 128 17 129 260
504 G 1187609 61 250 31 1028913 40 206 42 157883 183
505 G 1181607 70 208 29 1025479 55 145 54 155360 207
506 G 1183339 102 162 24 1026093 33 96 26 156602 201
507 T 1183664 40 1027734 156 5 49 154733 86 88 773
508 T 1179372 79 1029946 80 7 77 148884 83 12 204
509 C 1181100 203 257 1032604 34 134 335 147319 26 188
510 G 1182703 191 277 41 1032442 311 100 75 149045 221
511 A 1183570 1032891 124 12 104 149380 63 56 65 875
512 C 1187477 251 85 1039638 34 95 45 147126 13 190
513 T 1191956 46 1039159 172 4 49 152079 80 37 330
514 C 1190634 274 50 1037694 60 89 36 152263 9 159
515 T 1193318 89 1035880 208 6 171 156543 79 17 325
516 C 1196383 246 229 1036400 42 68 87 159018 37 256
517 C 1203566 223 99 1038498 41 255 47 164152 18 233
518 C 1209010 322 90 1042866 70 191 43 165197 35 196
519 T 1212337 60 1041663 137 3 160 170061 45 8 200
520 A 1211317 1033491 54 4 156 177238 88 37 51 198
521 G 1209050 73 242 57 1033629 16 149 72 174577 235
522 G 1209571 58 138 35 1036599 63 84 30 172391 173
523 A 1208956 1034746 66 4 167 173541 41 12 42 337
524 G 1211253 64 205 24 1037396 32 107 72 173168 185
525 G 1210484 55 133 21 1039885 22 111 23 170046 188
526 T 1215050 62 1040746 144 5 59 172694 130 127 1083
527 C 1217532 139 77 1044267 53 74 29 172669 33 191
528 T 1224328 54 1053490 362 29 78 169996 89 17 213
529 G 1226270 157 161 53 1055800 73 216 18 169584 208
530 G 1229731 79 131 41 1062454 56 175 20 166537 238
531 A 1231432 1068892 45 5 171 161848 27 19 162 263
532 G 1232676 97 285 32 1072295 121 78 24 159580 164
533 C 1237287 296 80 1078090 29 80 37 158409 17 249
534 T 1243908 15 1086057 237 7 14 157231 56 13 278
535 G 1243645 316 311 60 1090872 76 114 28 151679 189
536 C 1246238 269 207 1087583 43 80 114 157706 13 223
537 A 1250115 1087166 85 37 470 161854 148 25 97 233
538 G 1248152 65 159 42 1090696 24 60 22 156888 196
539 G 1245614 80 216 17 1090015 46 61 16 154937 226
540 C 1246293 262 187 1087498 43 58 65 157855 25 300
541 G 1250407 258 290 33 1087119 73 109 31 162323 171
542 C 1253665 101 76 1089743 11 63 28 163373 17 253
543 T 1259392 37 1095460 295 12 21 163237 68 15 247
544 G 1261443 323 293 52 1093298 110 76 28 167057 206
545 C 1266629 285 412 1093416 42 62 126 172039 38 209
546 A 1273478 1095879 59 17 246 176872 70 17 56 262
547 G 1275567 56 229 31 1097120 44 75 32 177823 157
548 T 1276971 85 1098447 145 7 85 177713 142 38 309
549 C 1281525 277 121 1104214 82 107 184 176247 27 266
550 A 1285346 1104037 73 5 145 180530 52 184 40 280
551 A 1290788 1111446 85 6 117 178568 93 111 37 325
552 A 1292008 1118232 60 55 303 172958 64 53 66 217
553 G 1294870 82 205 44 1114979 48 117 55 179167 173
554 G 1293429 77 232 28 1112024 132 102 16 180614 204
555 A 1296891 1115910 68 4 170 180171 38 85 72 373
556 G 1293922 71 204 22 1119918 31 80 78 173352 166
557 T 1292533 75 1122441 116 4 62 168869 54 85 827
558 T 1300915 63 1133964 148 9 33 166321 63 43 271
559 G 1300880 146 288 39 1136980 73 256 42 162824 232
560 G 1299332 166 237 58 1140580 55 142 20 157824 250
561 G 1299060 138 245 52 1143152 79 72 20 155058 244
562 A 1299948 1140603 142 7 174 158487 54 37 42 402
563 C 1301691 263 187 1142554 40 100 60 158234 34 219
564 A 1303477 1143881 72 6 161 158981 47 15 32 282
565 A 1303722 1147014 75 3 112 156175 34 13 49 247
566 T 1309137 77 1153180 104 4 33 155461 29 20 229
567 G 1307715 154 333 46 1155944 42 137 40 150779 240
568 G 1304813 105 164 28 1156033 66 46 10 148133 228
569 T 1305189 134 1151704 174 18 84 150315 71 288 2401
570 G 1304275 121 343 69 1156602 73 139 36 146704 188
571 A 1303231 1154471 142 7 134 148104 29 34 39 271
572 T 1303701 106 1153545 123 8 25 149561 48 25 260
573 G 1306058 145 236 49 1155932 98 175 26 149168 229
574 G 1303770 91 264 54 1151138 75 66 34 151828 220
575 A 1303993 1147045 118 11 291 156022 49 7 127 323
576 G 1303613 97 208 24 1147286 39 93 13 155642 211
577 T 1303484 88 1151775 115 8 81 150367 47 54 949
578 T 1306456 67 1152926 168 5 33 152981 23 19 234
579 G 1303619 116 315 82 1155684 55 158 51 146959 199
580 A 1304727 1157209 116 11 110 146890 49 34 36 272
581 T 1307337 42 1155384 122 6 70 151420 30 36 227
582 A 1311320 1150822 23 2 139 159977 89 12 41 215
583 A 1314754 1150839 83 17 176 163249 123 13 53 201
584 G 1316116 85 344 53 1154447 28 225 54 160678 202
585 G 1312482 74 243 45 1152528 71 113 33 159166 209
586 A 1313549 1153775 94 6 113 159236 58 14 28 225
587 T 1318026 122 1156570 153 6 27 160808 38 24 278
588 G 1315691 138 343 52 1157113 55 162 34 157626 168
589 A 1315635 1157636 109 2 137 157445 36 12 23 235
590 T 1315871 144 1156734 135 3 37 158490 24 15 289
591 C 1316749 307 113 1153839 56 182 53 161917 38 244
592 A 1322586 1155218 24 3 146 166897 25 5 39 229
593 A 1322340 1156635 18 2 131 165192 18 17 37 290
594 A 1318757 1151386 46 37 107 166749 30 57 29 316
595 C 1317936 232 128 1150030 33 90 97 167022 50 254
596 G 1315698 182 253 45 1152925 48 92 66 161904 183
597 T 1318999 64 1157032 119 13 23 161043 79 57 569
598 G 1317401 148 297 43 1155901 77 229 35 160412 259
599 G 1317445 109 214 38 1154464 41 225 25 162014 315
600 G 1317252 123 258 32 1151180 46 103 50 165260 200
601 A 1319288 1153845 129 5 145 164786 36 9 44 289
602 T 1319136 59 1153510 129 4 27 165071 58 12 266
603 C 1313304 271 108 1145607 54 139 123 166737 23 242
604 A 1311716 1146182 42 8 195 164975 35 22 45 212
605 A 1312507 1143450 53 6 137 168532 65 4 24 236
606 T 1315494 103 1143297 114 8 20 171665 50 10 227
607 G 1318238 104 268 65 1148164 72 166 57 169176 166
608 A 1316402 1150681 133 5 99 165129 66 9 41 239
609 T 1312958 108 1147154 98 3 39 165275 29 10 242
610 C 1314691 258 215 1148669 25 156 234 164883 30 221
611 G 1317831 241 229 58 1150261 200 250 37 166285 270
612 G 1313372 91 180 45 1150568 41 86 37 162103 221
613 A 1314414 1149732 40 4 163 164063 20 19 38 335
614 A 1317250 1143602 35 2 179 172800 26 31 29 546
615 C 1317906 108 60 1138744 18 62 32 178681 15 186
616 T 1319478 26 1137360 132 2 21 181587 39 13 298
617 T 1314339 50 1133861 96 6 26 179982 47 7 264
618 C 1312301 154 64 1134680 47 78 68 176980 20 210
619 T 1312834 141 1126068 236 8 78 185979 76 17 231
620 G 1308975 124 263 51 1125750 53 376 27 182107 224
621 G 1303142 80 252 51 1124747 41 114 23 177633 201
622 A 1302121 1121780 99 4 221 179511 102 12 75 317
623 G 1302472 66 324 73 1119967 39 151 25 181639 188
624 A 1300764 1117802 75 5 178 182260 73 11 54 306
625 G 1299628 123 246 32 1123282 35 93 21 175598 198
626 G 1295528 92 143 28 1123948 44 35 15 170999 224
627 T 1300503 105 1120857 197 13 90 175776 89 312 3064
628 G 1307059 142 276 39 1128973 131 96 14 177175 213
629 A 1307481 1129135 84 5 178 177679 49 17 59 275
630 A 1307115 1131086 58 3 144 175489 36 2 40 257
631 A 1305189 1130688 27 2 139 173993 41 13 36 250
632 A 1304273 1130563 101 0 100 173178 66 9 18 238
633 T 1305221 46 1130936 110 6 47 173748 41 43 244
634 G 1300231 166 244 50 1133351 64 246 31 165820 259
635 G 1299988 114 208 46 1128967 70 78 29 170193 283
636 A 1299708 1125796 70 2 258 173168 42 38 49 285
637 C 1302827 198 293 1126414 51 103 146 175315 66 241
638 G 1304772 225 282 36 1124661 117 97 51 179093 210
639 A 1304954 1125327 61 4 96 179122 33 7 61 243
640 A 1306978 1125095 23 6 164 181378 40 9 30 233
641 A 1305427 1118461 16 3 104 186550 33 7 32 221
642 A 1304159 1116779 21 2 101 186978 25 13 25 215
643 A 1299266 1113221 86 42 108 185404 44 40 35 286
644 C 1299637 153 72 1114557 29 135 39 184379 21 252
645 A 1302680 1116117 65 8 193 185997 60 6 57 177
646 A 1301691 1111209 64 23 200 189812 76 12 66 229
647 G 1296347 80 211 42 1106050 25 208 26 189526 179
648 G 1295714 75 176 37 1106591 72 105 24 188400 234
649 A 1293694 1102913 76 7 138 190222 39 8 61 230
650 G 1288675 96 86 21 1101125 63 41 11 187031 201
651 T 1288558 117 1096642 155 6 140 190019 57 274 1148
652 G 1286658 125 314 38 1096996 63 181 38 188697 206
653 C 1281259 288 75 1093942 43 128 53 186519 29 182
654 T 1287899 51 1097275 108 1 64 190124 29 17 230
655 T 1294880 29 1103073 135 6 152 191184 70 12 219
656 A 1294393 1103711 78 4 110 190099 39 46 31 275
657 C 1295184 208 206 1105105 43 96 366 188910 38 212
658 G 1297464 189 258 48 1109009 78 166 31 187462 223
659 A 1296584 1108331 82 7 119 187577 157 14 59 238
660 G 1293924 59 310 35 1113619 32 88 21 179564 196
661 A 1295983 1113816 76 3 159 181583 75 15 34 222
662 G 1292573 117 280 44 1113355 66 82 21 178377 231
663 A 1286087 1103451 55 0 120 182119 51 8 31 252
664 A 1281753 1099276 55 2 110 182022 25 7 27 229
665 T 1276741 91 1090190 115 7 33 186061 30 8 206
666 G 1271974 159 232 43 1088407 62 73 31 182760 207
667 T 1268190 163 1087391 226 23 72 179605 59 49 602
668 G 1262967 180 259 44 1082440 53 144 25 179611 211
669 C 1257127 257 265 1080671 69 97 112 175356 50 250
670 A 1256060 1079414 64 8 147 176096 36 22 43 230
671 A 1257904 1080795 117 4 126 176450 49 17 32 314
672 C 1257778 198 81 1082432 25 114 38 174653 27 210
673 A 1259878 1082321 80 6 79 177136 23 19 28 186
674 T 1261719 55 1087527 116 1 21 173725 21 17 236
675 T 1262959 53 1085613 125 2 40 176834 41 9 242
676 C 1261599 289 51 1086967 54 94 61 173791 18 274
677 T 1260049 106 1083170 160 9 93 176216 59 11 225
678 C 1257506 280 129 1081118 88 149 95 175278 38 331
679 A 1260348 1081344 35 6 131 178444 67 22 39 260
680 A 1257481 1079191 103 4 124 177697 46 13 34 269
681 A 1251752 1074547 40 12 167 176690 30 4 59 203
682 G 1250367 94 217 48 1070814 49 118 15 178793 219
683 G 1246751 84 190 38 1068528 68 69 21 177526 227
684 A 1238512 1066698 87 6 134 171292 24 6 44 221
685 A 1234426 1066474 27 3 147 167462 23 6 52 232
686 A 1232515 1063519 34 1 113 168579 26 15 21 207
687 A 1225481 1062115 106 2 82 162887 36 11 23 219
688 T 1222779 60 1061412 112 5 22 160855 33 11 269
689 T 1221245 43 1062218 139 4 16 158549 46 6 224
690 T 1214988 97 1058474 129 6 24 155977 27 10 244
691 C 1209316 340 122 1055596 60 394 77 152120 21 586
692 A 1205205 1055518 51 8 320 149023 44 11 35 195
693 A 1199322 1052457 31 6 132 146386 23 17 18 252
694 A 1194552 1048166 58 38 113 145788 22 16 31 320
695 C 1191139 261 96 1045501 34 101 45 144859 24 218
696 A 1187924 1042409 35 8 102 145118 23 9 28 192
697 G 1183431 76 273 34 1040037 21 58 22 142713 197
698 C 1179014 294 83 1037723 36 72 30 140593 23 160
699 T 1174730 62 1035984 206 17 22 138075 33 36 295
700 G 1168971 326 222 51 1031259 115 85 27 136685 201
701 C 1164718 242 143 1029991 50 90 46 133882 26 248
702 A 1161364 1026051 126 9 207 134489 32 34 34 382
703 C 1156104 211 153 1019904 26 945 46 131995 14 2810
704 A 1154815 1018596 35 6 138 135777 22 12 18 211
705 A 1147575 1013153 72 9 130 133882 48 6 33 242
706 A 1143661 1011404 31 11 163 131495 65 19 110 363
707 G 1137828 66 276 28 1008835 22 80 14 128244 263
708 G 1126385 121 145 31 1002462 39 48 20 123259 260
709 G 1120279 135 173 42 999031 41 54 29 120541 233
710 C 1115823 248 204 998016 52 265 48 116303 34 653
711 A 1110714 994444 40 7 171 115775 17 7 36 217
712 A 1102446 985964 37 1 104 116056 19 8 22 235
713 T 1095050 80 978783 93 4 23 115834 23 21 189
714 G 1086408 86 282 61 973680 63 68 12 111992 164
715 A 1077768 966192 91 4 125 111127 23 1 23 182
716 T 1070912 86 960939 101 7 27 109384 18 58 292
717 G 1065912 164 228 41 956921 59 80 17 108193 209
718 G 1058712 80 219 35 951665 78 58 12 106382 183
719 A 1047968 942271 49 1 107 105289 18 5 27 201
720 T 1040781 89 935667 101 0 41 104585 27 9 262
721 C 1033232 257 94 925604 59 187 27 106587 23 394
722 A 1025323 912728 65 8 201 112076 23 4 26 192
723 A 1014801 900938 42 5 101 113436 21 4 43 211
724 G 1007592 62 218 19 893016 27 41 6 114061 142
725 T 998962 61 884315 95 7 112 113513 30 52 777
726 G 991155 92 259 72 878451 40 49 7 111988 197
727 A 981890 872938 76 8 143 108454 32 6 18 215
728 G 968726 69 250 40 865444 32 48 9 102668 166
729 A 962587 860800 99 18 227 101175 28 7 34 199
730 G 952215 101 188 40 850112 71 29 8 101285 381
731 A 942799 841458 43 0 146 100954 11 5 22 160
732 A 929678 829754 32 7 93 99613 10 3 20 146
733 A 920762 821761 17 6 145 98608 7 11 31 176
734 G 911531 68 129 26 813753 17 24 8 97345 161
735 T 905818 101 807926 68 5 85 97006 31 20 576
736 C 895207 200 127 795994 19 60 48 98549 29 181
737 G 881993 214 135 26 785487 120 40 9 95754 208
738 G 872602 89 115 18 779135 35 25 13 92868 304
739 A 864114 771668 16 2 92 92152 10 3 12 159
740 A 854250 756778 55 1 96 91714 11 399 21 5175
741 C 842790 104 66 750893 13 37 10 91492 11 164
742 C 830580 122 59 738243 17 48 14 91880 10 187
743 C 820128 139 108 726855 24 95 27 92571 24 285
744 A 813065 717102 27 8 118 95618 16 3 28 145
745 G 801531 69 161 26 706382 16 18 3 94697 159
746 G 789739 51 140 23 694432 76 23 4 94331 659
747 A 778862 686628 41 5 70 91933 12 3 16 154
748 A 771530 678000 35 3 98 93238 11 3 13 129
749 A 765204 669663 38 2 57 95268 12 2 12 150
750 T 759053 28 662751 93 0 12 95951 21 10 187
751 G 748035 89 204 22 653184 37 45 10 94264 180
752 C 738076 161 78 649067 13 74 11 88490 12 170
753 T 728285 18 638927 134 4 37 88949 31 13 172
754 G 721906 77 127 25 632022 95 34 17 89387 122
755 A 711227 622482 48 5 78 88441 12 2 29 130
756 G 700026 50 184 37 612818 34 27 3 86771 102
757 A 690467 608104 39 0 55 82095 21 1 19 133
758 T 680941 31 597220 40 2 14 83464 15 6 149
759 C 671134 143 87 586414 14 140 18 84152 41 125
760 G 659961 92 125 25 574672 189 43 8 84677 130
761 A 648984 567261 47 1 46 81447 7 6 13 156
762 A 642084 555703 35 5 82 86098 6 4 19 132
763 G 630431 37 80 15 540576 27 20 8 89561 107
764 A 619645 530184 36 4 37 89239 15 3 14 113
765 T 609752 43 521510 43 3 15 88004 15 4 115
766 C 599328 76 28 511497 16 53 15 87546 9 88
767 T 593695 57 501064 65 8 113 92262 16 6 104
768 C 583707 141 46 489295 31 84 12 93984 19 95
769 A 572136 479502 12 3 45 92261 6 4 18 285
770 T 564833 46 471689 56 0 26 92894 13 12 97
771 C 558001 129 22 463050 26 76 13 94124 23 538
772 T 550116 19 449298 63 2 115 100499 20 9 91
773 T 540022 16 439014 47 1 13 100815 20 2 94
774 T 530101 30 433041 44 3 17 96837 22 7 100
775 C 522280 151 33 426672 21 66 17 95232 15 73
776 T 515294 39 420901 62 0 107 93975 22 5 183
777 G 501967 54 90 19 412614 45 35 14 88993 103
778 G 488412 61 76 22 405812 30 19 1 82270 121
779 C 476675 115 118 395057 29 38 24 81148 21 125
780 A 467854 386623 31 5 93 80683 16 1 26 376
781 C 459729 91 87 378876 11 27 24 80425 18 170
782 G 450071 65 86 7 370981 34 42 6 78763 87
783 G 438999 43 47 12 360445 12 3 5 78315 117
784 T 432172 21 350465 41 1 25 81407 20 18 174
785 C 423938 103 33 343254 20 61 10 80370 17 70
786 T 415236 6 335334 114 4 52 79628 33 6 59
787 G 401973 92 95 11 324911 102 24 3 76636 99
788 C 390591 105 74 315574 13 51 18 74688 17 51
789 A 381396 301581 31 5 44 78291 16 14 19 1395
790 C 371958 69 34 293338 16 38 8 78391 17 47
791 T 364038 17 282790 42 1 34 81068 14 4 68
792 C 355388 110 28 273302 20 79 13 81749 21 66
793 A 348335 259200 20 1 27 88993 12 4 23 55
794 T 337731 18 249963 29 1 19 87627 20 7 47
795 A 325642 239771 4 1 33 85683 14 4 18 114
796 T 316977 15 225582 20 1 18 91268 6 9 58
797 T 310429 15 216746 31 2 39 93488 21 6 81
798 G 303228 23 60 12 212174 53 37 6 90799 64
799 A 295269 206282 17 3 37 88813 17 6 30 64
800 G 289379 14 32 18 201222 16 29 8 87991 49
801 A 281018 192348 12 3 50 88390 3 3 37 172
802 G 270814 35 42 2 185582 19 30 13 85045 46
803 G 263114 17 34 3 178658 50 43 10 84248 51
804 G 250761 21 27 2 171165 32 22 8 79437 47
805 T 241695 8 163839 18 1 74 77545 31 58 121
806 C 231976 49 16 154820 11 82 13 76931 22 32
807 A 222083 146736 11 0 36 75215 13 5 30 37
808 G 210416 7 21 0 138096 13 33 8 72173 65
809 T 200865 9 125846 10 0 65 74858 11 18 48
810 T 194782 7 117929 16 2 22 76739 20 9 38
811 G 182276 21 24 0 109395 69 21 20 72692 34
812 C 175240 29 11 105445 5 31 12 69657 28 22
813 T 169578 4 93647 13 1 42 75814 20 4 33
814 C 163528 36 13 85393 5 98 34 77895 31 23
815 A 158357 81306 6 0 7 76958 14 17 21 28
816 C 151651 16 13 79246 3 79 9 71989 11 285
817 A 145681 73716 3 1 7 71906 8 0 16 24
818 A 139768 66322 2 0 6 73387 8 2 24 17
819 A 133828 63427 1 0 4 70311 29 3 11 42
820 T 127437 1 60098 7 0 20 67268 10 13 20
821 C 120347 15 3 51477 3 63 59 68604 17 106
822 T 114278 1 45811 9 0 30 68393 10 7 17
823 T 106862 0 44948 7 0 12 61859 9 19 8
824 G 98535 3 10 0 41680 26 59 6 56695 56
825 T 92321 9 39663 1 0 21 52569 15 17 26
826 C 86741 11 7 35881 0 56 18 50726 21 21
827 T 83008 6 32796 0 1 147 49596 146 91 225
828 G 74899 0 3 0 28870 52 16 1023 43862 1073
829 C 71170 8 48 28971 6 44 39 42027 15 12
830 C 70822 69 39 27466 14 61 21 43136 10 6
831 C 75142 70 22 26552 18 153 58 48228 26 15
832 G 75682 61 33 7 25470 222 37 197 49522 133
833 C 74369 81 27 23680 11 33 34 50488 7 8
834 C 77093 91 25 22586 15 60 732 52740 88 756
835 T 80417 1 22186 99 3 25 57921 46 78 58
836 G 77975 2 13 0 19559 23 96 11 58248 23
837 T 78142 6 20184 2 1 22 57704 15 111 97
838 G 81052 3 2 1 22064 9 135 18 58709 111
839 T 83504 2 24144 1 0 11 59252 17 44 33
840 G 86050 3 3 1 26408 27 389 34 58883 302
841 T 87066 2 29394 3 0 55 57539 26 5 42
842 A 88040 31789 4 0 4 55882 128 8 46 179
843 T 91278 4 33287 4 2 14 53868 25 1971 2103
844 G 96329 4 12 4 40356 24 125 10 55788 6
845 G 101070 5 7 6 45757 86 91 267 54455 396
846 A 104739 27247 7 1 18 33798 66 18539 67 24996
847 C 110273 25 22 59292 3 18 28 50785 95 5
848 C 118226 26 25 66343 15 142 11 51651 11 2
849 T 127751 9 74651 3 0 123 52934 12 6 13
850 G 133561 98 78 26 81272 42 33 15 51980 17
851 C 138729 83 54 86254 9 20 153 52134 7 15
852 C 147129 102 81 91042 11 33 78 55762 4 16
853 G 155243 22 51 5 94452 18 47 19 60620 9
854 T 164738 17 100426 12 1 8 64257 4 3 10
855 A 173651 104426 8 0 27 69100 43 4 22 21
856 G 184959 8 23 5 112174 6 38 14 72672 19
857 C 194055 30 12 117770 1 21 23 76164 11 23
858 C 202196 27 32 123222 9 13 48 78810 9 26
859 A 210576 127774 7 1 12 82715 29 12 16 10
860 G 217981 9 12 18 134908 15 39 88 82883 9
861 T 224796 12 140709 12 0 11 83997 19 8 28
862 G 232294 19 24 3 148464 17 69 13 83666 19
863 G 236850 17 27 2 157547 6 51 12 79166 22
864 C 245660 44 12 168006 9 24 27 77497 9 32
865 T 258955 8 178111 26 0 5 80766 21 5 13
866 A 267955 187097 15 1 23 80702 42 20 21 34
867 C 277346 27 60 198765 5 25 121 78317 6 20
868 G 290575 29 38 9 210183 32 103 32 80122 27
869 A 301031 221162 13 0 19 79698 33 10 27 69
870 C 312384 56 15 232138 4 34 24 80066 4 43
871 T 323223 4 239315 16 2 7 83775 50 4 50
872 T 328463 9 246712 28 0 11 81608 47 3 45
873 C 338803 59 50 257295 27 39 99 81174 16 44
874 G 350557 51 57 12 266149 49 75 43 84063 58
875 A 362251 270751 9 1 41 91326 20 21 39 43
876 A 373733 279070 6 2 38 94507 41 3 13 53
877 A 386278 286923 6 1 30 99215 17 9 18 59
878 A 399096 292589 17 1 18 106358 32 8 15 58
879 A 409918 302407 15 3 90 107220 80 9 40 54
880 G 419373 19 71 20 315807 32 117 25 103236 46
881 A 428619 322719 21 2 58 105641 82 3 37 56
882 G 433302 26 83 6 331107 30 138 16 101828 68
883 G 442068 31 44 20 345723 17 126 15 96036 56
884 G 450529 46 57 14 356659 22 66 9 93593 63
885 A 459956 369253 43 1 54 90463 13 5 26 98
886 T 469771 31 379342 48 3 20 90247 12 3 65
887 A 480173 386371 39 3 58 92915 116 104 39 528
888 C 493048 78 26 399597 13 40 18 93199 7 70
889 T 503437 35 411171 58 0 12 92027 39 5 90
890 C 517445 109 20 426348 20 32 52 90792 7 65
891 T 527339 18 439103 62 1 9 88010 41 8 87
892 T 535391 9 451225 26 1 6 84023 11 5 85
893 T 550278 10 467284 54 1 2 82814 28 3 82
894 A 561340 478799 35 2 38 82301 54 5 16 90
895 G 571334 36 123 8 487721 22 68 23 83248 85
896 T 584391 56 498645 54 3 11 85328 15 19 260
897 G 593301 60 98 15 505879 15 102 19 87016 97
898 G 603629 45 86 28 513396 10 104 15 89835 110
899 G 611922 101 109 26 518485 20 80 21 92946 134
900 A 617788 525993 45 2 84 91451 42 5 23 143
901 A 625571 535878 48 1 60 89446 11 5 18 104
902 T 636349 36 547035 51 2 18 89079 16 1 111
903 A 646640 558180 50 9 120 88080 99 5 21 76
904 G 656349 38 116 39 571934 21 93 26 83981 101
905 A 668078 585299 46 1 76 82135 35 45 33 408
906 C 681154 112 49 599117 15 33 14 81695 4 115
907 C 693705 113 42 609131 21 31 35 84169 7 156
908 C 703996 155 34 620870 19 28 20 82766 4 100
909 T 710887 32 629218 154 9 11 81277 46 10 130
910 T 718730 34 637189 85 5 8 81243 16 5 145
911 T 725968 50 648712 106 3 10 76910 20 9 148
912 C 734378 178 76 652451 55 37 60 81407 6 108
913 A 748308 662264 30 2 103 85668 54 16 20 151
914 A 758945 668428 44 2 64 90226 41 7 18 115
915 A 768713 677164 52 30 60 91122 58 19 18 190
916 C 781321 157 34 687351 22 49 15 93587 5 101
917 T 795467 22 700278 144 4 6 94797 59 5 152
918 G 807500 119 219 35 713614 20 91 24 93257 121
919 C 819393 127 43 723121 13 32 13 95899 37 108
920 T 831571 35 734602 110 8 4 96546 55 16 195
921 T 842860 92 745955 102 9 18 96468 17 4 195
922 C 853830 211 50 758566 40 53 72 94687 5 146
923 A 864091 768067 45 4 125 95590 66 26 25 143
924 A 874245 778742 25 7 86 95198 36 6 15 130
925 A 884459 788138 17 3 79 96017 24 7 12 162
926 A 893943 797731 41 21 116 95723 27 14 23 247
927 C 902754 176 79 808865 21 32 52 93372 6 151
928 A 914136 821386 43 5 106 92391 31 7 26 141
929 G 923783 149 222 40 832599 30 54 26 90513 150
930 C 931733 208 83 838135 34 32 26 93054 10 151
931 C 941006 193 131 846532 31 48 39 93810 13 209
932 A 952826 859922 45 9 94 92520 26 7 13 190
933 A 963556 870710 22 3 85 92518 48 10 12 148
934 G 971706 66 225 31 882131 13 48 24 89032 136
935 T 982768 61 894076 67 7 5 88132 15 6 399
936 A 991769 903875 86 5 77 87533 20 6 15 152
937 T 1002917 58 915600 107 2 12 86973 13 2 150
938 A 1012429 928410 90 11 106 83504 45 7 14 242
939 C 1022887 245 307 937063 43 29 68 84977 8 147
940 A 1035408 947863 31 20 206 87076 30 9 26 147
941 G 1041507 77 294 38 954001 16 61 15 86837 168
942 C 1050791 215 77 964048 21 34 22 86191 13 170
943 C 1060632 232 79 973632 49 41 24 86391 7 177
944 T 1070150 70 979068 176 4 12 90615 29 4 172
945 A 1078924 988594 14 3 97 89961 47 6 17 185
946 A 1089442 1002254 50 5 86 86832 14 4 15 182
947 T 1098643 69 1012157 100 2 16 86072 11 9 207
948 C 1107171 307 107 1017697 49 35 69 88760 6 141
949 A 1115309 1020064 30 20 301 94597 65 7 39 186
950 G 1123931 88 284 54 1029138 10 64 22 94078 193
951 A 1128102 1032345 60 2 160 95065 15 14 31 410
952 C 1138142 153 98 1040164 48 43 33 97381 8 214
953 C 1147518 254 175 1046177 27 64 189 100387 9 236
954 G 1156314 196 275 44 1053852 23 97 13 101636 178
955 A 1165756 1063684 60 7 87 101650 12 10 45 201
956 A 1172936 1068059 56 2 146 104247 27 40 25 334
957 C 1180284 210 281 1073134 51 74 276 106060 10 188
958 G 1186023 165 281 48 1083316 25 122 14 101891 161
959 A 1194294 1091199 109 3 137 102482 81 27 50 206
960 G 1199463 92 300 38 1094639 37 57 55 103987 258
961 A 1206097 1095534 44 3 95 110094 52 52 14 209
962 A 1211904 1097576 65 1 115 113853 11 13 38 232
963 T 1217008 76 1102214 134 2 28 114202 55 9 288
964 C 1223033 266 77 1107075 39 58 33 115258 23 204
965 C 1230356 244 172 1108982 53 94 79 120489 15 228
966 A 1233182 1105598 26 11 290 126934 66 15 44 198
967 G 1236713 143 276 48 1108904 38 72 45 126964 223
968 C 1243813 362 200 1116241 43 75 69 126599 12 212
969 A 1246522 1119630 100 7 152 126073 55 19 36 450
970 C 1249747 273 141 1122345 31 54 35 126670 14 184
971 A 1252720 1123657 157 13 141 128308 39 15 26 364
972 C 1254940 272 116 1125710 29 64 73 128418 17 241
973 A 1260001 1125756 40 9 214 133673 21 15 36 237
974 A 1263972 1129266 67 12 188 134098 93 6 18 224
975 G 1265220 54 247 55 1128474 51 70 18 135974 277
976 A 1265504 1129684 68 4 140 135305 35 12 32 224
977 G 1263072 98 153 24 1131683 30 39 14 130807 224
978 T 1261742 102 1127187 107 6 64 133048 35 59 1134
979 C 1263807 292 141 1125228 68 85 56 137677 23 237
980 A 1266150 1124213 33 12 254 141330 26 11 40 231
981 G 1260959 77 359 41 1120143 25 79 20 140006 209
982 C 1261884 299 208 1116719 55 120 42 144177 27 237
983 T 1266157 68 1116226 141 5 35 149425 31 9 217
984 G 1262758 111 313 47 1111728 59 120 16 150148 216
985 G 1258624 80 153 29 1110704 41 47 14 147347 209
986 T 1258041 59 1107978 131 7 88 147899 61 118 1700
987 G 1258417 114 231 31 1111047 55 61 13 146694 171
988 T 1263675 70 1116106 105 5 36 146601 35 66 651
989 G 1263964 147 285 50 1116339 47 146 38 146665 247
990 G 1264064 66 237 56 1115308 44 98 48 147953 254
991 A 1263679 1108496 111 3 140 154558 63 23 36 249
992 T 1265385 99 1104597 97 5 46 160179 39 48 275
993 G 1261250 176 256 68 1105505 67 132 30 154705 311
994 G 1260268 197 208 48 1108429 103 86 27 150940 230
995 C 1260690 329 233 1110778 71 98 98 148830 31 222
996 A 1261740 1111538 94 3 153 149607 59 13 22 251
997 T 1261722 60 1111514 265 10 29 149455 61 18 310
998 G 1260822 265 292 50 1117162 75 98 27 142672 181
999 C 1259777 244 286 1115506 49 95 57 143286 25 229
1000 A 1261746 1109697 51 10 184 151448 43 23 49 241
1001 A 1263373 1107136 67 7 113 155744 35 18 22 231
1002 T 1262136 51 1102923 108 5 19 158744 30 9 247
1003 T 1261123 74 1099933 99 7 51 160627 14 23 295
1004 C 1261321 303 80 1096052 44 91 31 164459 32 229
1005 T 1262173 89 1091426 218 14 147 169972 55 9 243
1006 G 1257490 268 321 49 1085983 69 142 135 170285 238
1007 C 1256019 311 138 1088436 36 173 33 166653 21 218
1008 T 1258295 62 1082002 236 12 33 175520 163 12 255
1009 G 1260369 162 277 47 1079740 84 119 108 179657 175
1010 C 1262504 295 141 1081613 58 182 42 179936 25 212
1011 A 1264258 1082172 35 6 114 181580 38 27 96 190
1012 T 1263774 46 1079812 99 2 22 183409 67 23 294
1013 T 1268012 40 1078333 127 5 57 189185 51 12 202
1014 T 1266814 70 1076991 243 7 64 189146 52 28 213
1015 G 1257654 88 308 76 1076420 96 172 34 180224 236
1016 A 1259088 1077370 80 8 164 181090 59 15 47 255
1017 A 1258476 1078225 76 23 202 179571 83 9 54 233
1018 G 1251075 66 255 38 1072259 56 118 27 178034 222
1019 A 1248867 1068278 106 4 134 180021 32 12 26 254
1020 T 1243826 60 1066531 94 2 35 176844 30 14 216
1021 C 1241484 203 65 1064636 58 126 46 176074 46 230
1022 T 1248367 82 1065774 192 6 142 181946 37 12 176
1023 A 1247937 1064010 20 6 135 183436 34 11 39 246
1024 A 1245354 1064465 51 4 124 180364 92 8 25 221
1025 G 1240259 42 235 73 1060613 53 100 39 178907 197
1026 A 1236717 1062733 85 3 133 173459 39 10 42 213
1027 G 1232395 70 246 22 1063326 32 74 19 168432 174
1028 T 1231092 86 1056072 108 6 159 172127 63 157 2314
1029 A 1228221 1059407 67 1 100 168385 36 9 28 188
1030 T 1229724 96 1055158 92 6 33 174089 21 8 221
1031 T 1231730 108 1057068 77 4 80 174142 19 3 229
1032 A 1239292 1057129 101 2 170 181542 74 8 48 218
1033 A 1241653 1054269 40 9 97 186912 46 14 34 232
1034 G 1244327 41 208 19 1055946 33 133 29 187744 174
1035 C 1245236 321 66 1058615 28 127 39 185818 27 195
1036 T 1246178 21 1060484 171 8 29 185136 49 16 264
1037 T 1246377 99 1063397 129 4 43 182419 32 18 236
1038 C 1241380 303 118 1064468 95 131 80 175950 33 202
1039 A 1240150 1063109 97 4 180 176460 30 19 23 228
1040 T 1235267 79 1055925 117 2 68 178801 32 8 235
1041 C 1237327 305 96 1050030 75 211 80 186291 40 199
1042 A 1239878 1043742 92 12 228 195342 186 25 58 193
1043 G 1233388 76 247 91 1043392 47 166 32 189116 221
1044 A 1235434 1045453 63 8 196 189208 191 59 54 202
1045 G 1233578 94 204 26 1048213 75 182 23 184523 238
1046 G 1225312 90 163 27 1048595 72 139 22 175915 289
1047 G 1229394 226 255 56 1057601 60 93 53 170740 310
1048 A 1228610 1056379 103 11 156 171396 54 31 45 435
1049 C 1231880 102 110 1057672 34 62 39 173565 62 234
1050 C 1239279 221 136 1058006 40 229 50 180305 51 241
1051 A 1247895 1061465 47 7 100 185947 64 26 39 200
1052 A 1246933 1059485 49 5 97 186933 84 10 36 234
1053 A 1243859 1057259 37 26 207 185895 111 19 89 216
1054 G 1237092 68 65 20 1056186 54 86 20 180380 213
1055 T 1236624 61 1054106 109 7 140 181240 40 98 823
1056 A 1234618 1056140 55 0 103 177996 112 9 24 179
1057 T 1236753 69 1062434 122 0 59 173665 97 17 290
1058 C 1239073 214 67 1063362 37 108 75 174973 13 224
1059 C 1242100 181 97 1062398 40 160 54 178756 26 388
1060 C 1248109 197 80 1060331 26 191 48 186921 16 299
1061 C 1253956 217 101 1056428 55 255 33 196607 29 231
1062 A 1260826 1057163 52 17 146 203057 71 56 31 233
1063 A 1258309 1054706 52 9 137 202885 187 16 112 205
1064 G 1256129 111 347 57 1054021 78 287 24 201002 202
1065 G 1255088 89 149 31 1063060 40 192 137 191165 225
1066 G 1248849 95 188 27 1069346 176 130 13 178575 299
1067 G 1242766 115 159 40 1064856 242 124 18 176954 258
1068 G 1240632 220 238 31 1060825 107 277 23 178717 194
1069 A 1240288 1054568 45 2 92 184972 245 16 83 265
1070 A 1243128 1056252 78 4 126 186109 268 14 36 241
1071 A 1243902 1058842 60 50 116 184133 37 54 257 353
1072 C 1244798 61 61 1057780 11 80 286 186319 19 181
1073 T 1247390 37 1058938 213 7 267 187600 88 11 229
1074 T 1250424 43 1063249 165 2 20 186416 269 9 251
1075 T 1251601 105 1066689 134 9 37 184268 56 6 297
1076 C 1251389 224 101 1072221 46 67 80 178317 90 243
1077 C 1253724 186 146 1080496 63 131 54 172318 94 236
1078 A 1250717 1083136 107 6 149 166764 121 65 36 333
1079 C 1250739 318 61 1080599 46 112 39 169352 30 182
1080 T 1254446 62 1076055 120 5 69 177837 106 13 179
1081 A 1258805 1068930 91 10 140 189133 212 79 43 167
1082 G 1258449 58 285 77 1068520 64 245 36 188961 203
1083 A 1257286 1070762 52 6 146 185927 77 49 55 212
1084 G 1258771 78 241 49 1076729 45 239 13 181112 265
1085 G 1255282 67 281 43 1078039 52 111 26 176439 224
1086 A 1254801 1084227 95 4 123 169935 54 10 51 302
1087 G 1252202 95 235 27 1085312 78 83 14 166176 182
1088 T 1254109 88 1089005 180 8 215 162574 64 132 1843
1089 A 1252662 1091557 99 6 189 160426 33 13 80 259
1090 C 1253624 163 102 1091455 36 103 81 161420 24 240
1091 A 1259911 1095013 56 7 150 164369 96 8 27 185
1092 A 1260712 1099119 83 3 145 160980 102 7 14 259
1093 A 1259228 1100111 72 6 88 158672 19 20 11 229
1094 T 1256924 55 1101449 119 5 24 154965 31 10 266
1095 T 1259062 40 1108077 155 6 31 150436 37 7 273
1096 G 1257445 143 309 34 1111869 31 98 30 144703 228
1097 C 1257890 303 75 1112006 25 72 40 145126 28 215
1098 T 1260873 38 1112744 164 9 22 147605 40 8 243
1099 T 1261560 127 1110994 119 11 66 149945 36 8 254
1100 C 1265016 295 96 1109873 73 140 67 154247 31 194
1101 A 1270335 1109804 67 7 167 159925 52 17 32 264
1102 A 1267914 1104096 49 6 114 163307 44 13 36 249
1103 A 1265614 1102313 31 6 91 162905 25 5 17 221
1104 T 1265556 67 1104291 143 6 39 160736 32 12 230
1105 G 1263273 129 282 69 1106283 61 67 32 156182 168
1106 A 1262358 1110037 74 3 134 151819 33 9 29 220
1107 A 1260332 1111069 27 4 126 148808 26 9 27 236
1108 A 1263492 1107904 26 6 136 155080 21 14 33 272
1109 A 1261765 1105386 84 154 106 155577 36 39 24 359
1110 C 1263046 194 82 1107502 25 89 38 154916 26 174
1111 A 1267278 1110026 101 3 133 156740 31 17 29 198
1112 T 1269719 62 1112752 108 4 21 156497 27 12 236
1113 G 1269510 141 280 61 1116118 45 173 37 152434 221
1114 G 1265011 67 151 48 1115092 44 75 33 149250 251
1115 A 1264093 1116352 73 3 156 147156 56 13 34 250
1116 T 1266153 106 1119727 155 10 24 145809 35 49 238
1117 G 1266461 115 295 44 1118233 57 99 83 147332 203
1118 C 1264993 297 84 1115673 57 93 109 148452 21 207
1119 T 1267705 39 1119217 189 4 49 147940 34 9 224
1120 A 1269322 1120986 139 2 116 147710 38 87 22 222
1121 T 1269716 97 1125851 125 6 33 143315 29 5 255
1122 G 1269444 178 249 69 1123571 58 170 105 144825 219
1123 G 1265756 102 254 40 1120876 154 108 18 143982 222
1124 A 1264324 1118578 89 3 158 145054 52 5 118 267
1125 A 1264908 1119255 71 4 161 145020 119 11 24 243
1126 T 1262673 69 1118551 122 3 32 143579 34 10 273
1127 C 1265493 317 84 1120026 49 108 52 144655 27 175
1128 A 1267914 1116809 89 5 213 150448 50 8 29 263
1129 A 1263831 1111632 93 5 128 151640 58 8 26 241
1130 G 1257642 68 149 27 1108454 25 87 25 148625 182
1131 T 1258256 104 1109250 99 9 97 148213 34 19 431
1132 A 1260184 1109982 89 6 99 148592 82 49 61 1224
1133 C 1256856 199 105 1107332 33 63 34 148872 21 197
1134 T 1259573 66 1108848 130 3 55 150191 34 8 238
1135 C 1260758 300 65 1108513 57 115 32 151457 30 189
1136 T 1261878 81 1104525 212 21 129 156584 54 11 261
1137 T 1262463 62 1101674 183 10 41 160167 44 19 263
1138 G 1257261 136 292 56 1096119 73 81 26 160291 187
1139 A 1258425 1093275 105 5 133 164548 54 14 29 262
1140 A 1256729 1089094 72 5 171 166923 53 23 47 341
1141 C 1256587 200 76 1090699 39 86 43 165184 30 230
1142 T 1259407 29 1092339 196 10 31 166497 47 17 241
1143 G 1260607 152 298 53 1094924 65 134 40 164755 186
1144 A 1260845 1088384 73 10 209 171836 67 10 40 216
1145 G 1258225 75 40 33 1084058 46 62 19 173735 157
1146 A 1257670 1084669 63 2 144 172454 56 19 25 238
1147 A 1257710 1087209 21 5 125 170052 37 14 33 214
1148 G 1254148 89 309 48 1086623 37 79 33 166735 195
1149 C 1250818 302 221 1088028 31 103 122 161754 24 233
1150 A 1252025 1086129 84 24 311 165101 83 22 59 212
1151 G 1246370 58 186 29 1084104 45 98 23 161617 210
1152 G 1244695 134 122 21 1084548 75 41 39 159495 220
1153 T 1245105 118 1080911 105 5 86 162412 52 100 1316
1154 A 1244536 1083988 89 5 118 159915 47 15 32 327
1155 C 1242504 174 77 1083401 30 66 49 158492 30 185
1156 T 1247359 57 1084472 154 9 52 162304 40 34 237
1157 G 1247123 132 242 49 1085894 86 190 32 160251 247
1158 G 1242015 133 178 37 1081587 54 86 28 159627 285
1159 G 1238024 183 233 57 1080748 57 85 32 156365 264
1160 C 1237026 274 205 1074782 49 80 142 161171 32 291
1161 C 1236038 225 163 1071992 30 119 81 163141 31 256
1162 A 1235537 1066761 122 5 137 168192 48 25 29 218
1163 T 1234304 50 1060994 79 2 56 172882 40 9 192
1164 A 1233525 1058965 21 3 185 174020 56 9 60 206
1165 A 1240384 1065183 52 14 173 174528 113 9 117 195
1166 G 1236978 76 244 47 1057237 96 107 72 178891 208
1167 A 1237264 1054250 70 2 114 182492 40 16 45 235
1168 A 1238680 1055338 83 5 123 182516 89 55 39 432
1169 C 1239465 113 97 1053479 20 70 36 185345 23 282
1170 C 1245580 237 103 1055545 43 209 41 189134 29 239
1171 A 1248923 1060766 59 10 211 187519 59 20 78 201
1172 G 1245454 62 148 43 1057511 104 146 24 187193 223
1173 A 1243686 1056785 61 4 142 186327 38 15 72 242
1174 A 1244507 1056178 42 4 119 187730 154 8 46 226
1175 G 1245571 75 185 21 1060110 47 108 26 184844 155
1176 T 1248427 88 1062064 96 6 92 184589 174 101 1217
1177 G 1248249 135 245 51 1066756 178 287 40 180327 230
1178 G 1243362 53 316 43 1066628 42 137 37 175897 209
1179 A 1243148 1065379 77 8 266 176875 89 22 196 236
1180 G 1240162 121 196 62 1065363 50 322 34 173767 247
1181 G 1235444 94 240 67 1065214 72 237 20 169280 220
1182 A 1232698 1061570 77 4 135 170291 71 74 180 296
1183 A 1231999 1059751 64 2 160 171412 187 135 48 240
1184 A 1229958 1058487 56 70 116 170584 37 26 212 370
1185 C 1229243 179 119 1058047 22 342 48 170225 19 242
1186 A 1224410 1053945 108 12 118 169220 325 61 40 581
1187 C 1223396 225 58 1051149 27 99 312 171304 24 198
1188 T 1224212 94 1049709 155 9 78 173907 39 13 208
1189 A 1223711 1052278 13 3 118 170671 63 5 340 220
1190 A 1223021 1049589 43 6 87 173037 31 19 26 183
1191 T 1220295 85 1052447 101 1 50 166854 421 9 327
1192 C 1220289 299 86 1041400 50 164 63 177988 46 193
1193 A 1224406 1037767 65 8 145 185676 457 24 41 223
1194 A 1220273 1038049 69 2 90 181265 62 20 366 350
1195 C 1224111 262 90 1034966 38 122 83 188304 36 210
1196 A 1233664 1032738 63 10 162 200286 109 22 56 218
1197 G 1230762 60 186 60 1032771 57 146 37 197251 194
1198 A 1231839 1033643 73 11 199 197398 204 13 72 226
1199 G 1227757 93 96 20 1032032 49 98 48 195044 277
1200 G 1222150 124 78 24 1030197 101 83 20 191220 303
1201 G 1216339 112 181 48 1028134 41 73 35 187458 257
1202 C 1218375 207 161 1032094 42 118 62 185325 44 322
1203 C 1223296 209 99 1032618 30 118 38 189888 26 270
1204 T 1230892 64 1033368 153 4 193 196790 66 14 240
1205 C 1229655 82 48 1026804 58 139 73 202221 26 204
1206 T 1230841 73 1024398 277 21 135 205538 92 35 272
1207 G 1223950 161 288 59 1025449 75 84 30 197571 233
1208 C 1223418 278 358 1027056 47 107 533 194812 47 180
1209 A 1223507 1024369 55 8 302 198065 404 24 65 215
1210 G 1218550 59 229 43 1024924 39 146 37 192872 201
1211 G 1213155 114 120 35 1035364 362 52 25 176869 214
1212 T 1207369 77 1032183 203 7 58 173493 61 87 1200
1213 C 1209178 243 128 1035050 50 92 378 172984 27 226
1214 A 1214308 1036670 50 15 136 177067 72 23 46 229
1215 A 1216883 1039497 63 4 98 176595 77 12 283 254
1216 A 1220139 1036546 73 4 90 182892 249 11 28 246
1217 T 1221953 62 1037079 106 4 26 184127 37 217 295
1218 C 1224954 306 106 1046804 29 143 204 177161 23 178
1219 A 1226567 1049986 49 11 206 175918 151 17 35 194
1220 G 1222836 83 255 39 1053206 34 133 30 168881 175
1221 T 1222002 121 1056628 112 14 59 164147 39 80 802
1222 G 1216693 111 231 33 1052420 47 84 21 163495 251
1223 T 1216292 140 1055757 202 12 53 159412 38 61 617
1224 G 1217578 326 252 46 1061679 67 87 32 154838 251
1225 C 1218323 221 418 1057733 58 86 113 159429 21 244
1226 A 1221992 1052555 33 7 146 168922 40 14 29 246
1227 A 1225763 1053049 115 7 102 171771 45 40 32 602
1228 C 1229958 126 111 1055712 22 43 69 173612 18 245
1229 C 1235233 238 74 1061363 32 111 30 173129 30 226
1230 T 1240487 72 1063804 362 21 41 175841 74 28 244
1231 G 1241352 349 265 42 1065505 125 92 34 174740 200
1232 C 1246260 289 169 1069387 49 99 49 175990 24 204
1233 A 1253867 1072281 36 8 128 181078 29 19 44 244
1234 T 1256883 95 1075322 75 6 25 181003 35 65 257
1235 T 1261976 21 1073908 130 1 84 187545 36 11 240
1236 T 1265678 46 1075146 143 2 33 189966 33 65 244
1237 T 1269872 44 1078434 110 17 37 190899 30 72 229
1238 C 1270972 270 80 1080356 43 97 68 189863 18 177
1239 T 1272011 61 1078764 206 10 30 192603 129 9 199
1240 G 1265320 216 298 41 1080591 48 126 105 183666 229
1241 T 1263809 173 1089095 198 9 40 173720 69 42 463
1242 G 1263492 229 298 57 1093338 59 108 73 169122 208
1243 C 1267112 293 153 1095459 78 123 124 170656 27 199
1244 A 1273453 1099391 64 6 145 173495 27 26 51 248
1245 A 1276300 1103536 45 5 134 172220 32 17 74 237
1246 A 1280035 1100730 38 5 165 178607 214 5 45 226
1247 G 1277397 61 157 60 1099863 60 107 31 176836 222
1248 A 1274322 1104672 56 3 154 169103 52 10 52 220
1249 A 1274984 1107991 47 4 145 166443 35 24 45 250
1250 A 1271433 1106949 67 29 111 162496 72 92 59 1558
1251 C 1270611 113 71 1110765 17 112 36 159262 29 206
1252 C 1275430 187 97 1112549 31 81 118 162149 12 206
1253 T 1279130 86 1117335 207 3 36 160954 84 69 356
1254 C 1277689 239 59 1118748 41 74 42 158207 27 252
1255 C 1280841 255 118 1116933 49 154 43 163031 15 243
1256 C 1281948 250 106 1118661 48 201 48 162358 72 204
1257 A 1282183 1119202 54 4 73 162503 28 19 73 227
1258 T 1278062 49 1121097 104 5 33 156456 29 9 280
1259 T 1276812 57 1125138 113 2 23 151102 22 12 343
1260 T 1276635 74 1126627 293 13 54 149178 40 69 287
1261 G 1270970 178 327 53 1131994 58 126 55 137933 246
1262 A 1268297 1129488 140 5 178 138064 57 20 35 310
1263 C 1269408 220 201 1130254 39 91 44 138330 36 193
1264 A 1275789 1133412 33 3 141 141909 18 27 14 232
1265 A 1274953 1132617 58 6 97 141829 62 14 15 255
1266 A 1273489 1133362 62 22 127 139394 48 23 36 415
1267 C 1271722 166 74 1130623 38 57 36 140483 19 226
1268 C 1269451 268 89 1129540 45 127 38 139078 14 252
1269 A 1265235 1126470 62 9 96 138278 56 11 35 218
1270 A 1261066 1126171 54 4 136 133992 20 25 48 616
1271 C 1256423 171 117 1125934 41 35 32 129851 19 223
1272 C 1256816 288 87 1128009 52 134 30 127966 36 214
1273 A 1256566 1129216 87 6 107 126899 25 27 21 178
1274 T 1251876 110 1125480 145 6 28 125654 36 11 406
1275 C 1249372 332 105 1127732 79 107 24 120779 17 197
1276 A 1250292 1125879 81 5 123 123962 24 14 24 180
1277 T 1244315 92 1121477 123 4 15 122315 21 9 259
1278 G 1237802 178 258 50 1117052 50 70 17 119830 297
1279 G 1234441 190 231 35 1116444 48 62 14 117186 231
1280 C 1231036 328 251 1113985 68 72 55 116016 48 213
1281 A 1223807 1107874 51 9 272 115315 18 7 36 225
1282 G 1212743 178 275 42 1100417 33 45 16 111546 191
1283 C 1206893 285 188 1096116 43 73 30 109890 45 223
1284 A 1200536 1093636 73 7 134 106414 41 3 17 211
1285 T 1195682 45 1086645 124 4 16 108589 17 6 236
1286 T 1191599 94 1082198 95 11 38 108900 23 3 237
1287 C 1186219 298 125 1076643 62 79 29 108751 10 222
1288 A 1184093 1071614 93 17 148 111732 54 10 22 403
1289 C 1176353 267 86 1062648 48 68 40 112957 26 213
1290 T 1173412 52 1057098 189 14 25 115801 29 12 192
1291 G 1165919 137 195 47 1049342 52 74 16 115815 241
1292 G 1155417 123 173 36 1040514 47 68 20 114209 227
1293 G 1149367 142 232 45 1034296 54 47 10 114343 198
1294 A 1142626 1027436 71 3 148 114540 20 21 20 367
1295 A 1137034 1022843 69 1 137 113694 21 0 46 223
1296 T 1129481 48 1017201 89 4 19 111879 17 38 186
1297 A 1123309 1012052 139 9 191 110434 36 4 173 271
1298 C 1119006 264 207 1007859 31 95 62 110256 22 210
1299 A 1113065 1004177 107 23 271 108081 175 4 42 185
1300 G 1099648 75 319 79 990912 28 52 26 108013 144
1301 A 1097150 986077 64 7 177 110394 46 127 33 225
1302 G 1090250 121 285 33 980487 27 79 121 108900 197
1303 G 1081609 102 179 58 973751 161 65 10 107072 211
1304 G 1072371 176 263 49 965687 47 108 10 105867 164
1305 A 1064591 955494 79 4 158 108519 9 9 95 224
1306 A 1053529 943796 69 9 150 109312 22 4 35 132
1307 G 1045598 106 263 53 934909 30 99 8 109963 167
1308 A 1040521 927287 45 3 89 112838 7 4 47 201
1309 A 1034593 916370 68 3 112 117761 14 15 26 224
1310 C 1026113 137 85 905851 26 72 28 119699 15 200
1311 A 1017364 895691 77 12 93 121252 19 6 30 184
1312 T 1010235 54 887064 82 4 19 122799 29 6 178
1313 C 1002411 253 82 879490 44 137 23 122202 24 156
1314 A 994051 873705 55 18 300 119741 24 9 41 158
1315 G 981574 87 193 45 865255 35 60 19 115717 163
1316 A 974163 859352 72 5 117 114385 16 6 23 187
1317 C 964545 180 94 849574 37 74 21 114343 35 187
1318 A 956260 840650 55 4 116 115257 12 2 23 141
1319 T 946914 39 832221 98 3 14 114374 14 9 142
1320 G 933496 94 225 76 823488 32 51 19 109354 157
1321 A 921514 814850 61 5 143 106250 18 5 30 152
1322 G 912530 100 264 36 805540 22 77 8 106334 149
1323 G 902977 86 119 23 798425 77 42 5 104010 190
1324 G 892921 170 166 39 789421 46 31 17 102852 179
1325 C 885313 214 134 782448 43 77 48 102146 29 174
1326 A 874405 771723 77 8 174 102172 38 6 48 159
1327 G 866696 65 172 33 763503 39 36 13 102729 106
1328 A 860546 757530 40 0 73 102690 8 5 38 162
1329 A 853211 751247 35 2 105 101610 36 8 20 148
1330 A 846229 743187 23 3 67 102735 43 3 29 139
1331 T 839560 33 735373 76 2 21 103868 10 7 170
1332 T 830096 25 726885 56 2 45 102928 11 25 119
1333 A 820413 717094 53 0 73 103019 42 2 21 109
1334 T 812306 61 706777 71 2 50 105187 22 7 129
1335 A 802734 696956 13 5 137 105454 21 3 28 117
1336 A 796609 685750 44 19 128 110472 13 8 57 118
1337 G 786322 44 218 31 674160 33 75 8 111631 122
1338 G 776947 48 137 27 666575 57 65 8 109928 102
1339 A 767691 658184 56 0 72 109197 26 10 24 122
1340 T 759718 45 650892 55 3 18 108527 20 19 139
1341 G 749526 57 198 29 642889 59 49 5 106165 75
1342 A 738170 633454 65 2 93 104382 26 4 15 129
1343 T 726424 75 623947 77 1 19 102142 15 14 134
1344 G 717945 81 144 22 614367 56 47 14 103111 103
1345 G 706327 67 121 38 603176 83 73 10 102664 95
1346 A 691581 590666 35 1 127 100531 56 8 29 128
1347 A 682977 581678 49 8 90 100964 13 48 33 94
1348 G 673131 73 180 24 571677 19 91 11 100957 99
1349 G 666007 68 98 14 563674 25 68 10 101941 109
1350 T 657370 52 554142 102 3 138 101401 99 260 1173
1351 G 646184 304 129 20 545363 92 37 56 100095 88
1352 C 634410 115 249 534637 27 105 61 99069 25 122
1353 A 621892 521297 23 1 127 100300 30 4 28 82
1354 A 611641 509017 14 2 42 102410 6 24 18 108
1355 A 601947 497519 20 0 41 104243 15 8 9 92
1356 A 590189 486596 39 4 47 103231 10 60 18 184
1357 C 582801 39 26 483011 11 32 14 99556 10 102
1358 C 571462 103 41 468913 17 141 21 102119 12 95
1359 A 561257 452708 44 5 79 108260 15 5 67 74
1360 G 553025 25 155 26 445170 77 23 5 107468 76
1361 A 545843 440856 17 1 40 104819 10 9 18 73
1362 A 536644 426117 26 0 65 110266 8 6 67 89
1363 G 525025 37 123 21 414106 85 31 8 110549 65
1364 A 513827 401247 16 2 49 112421 17 7 16 52
1365 A 505024 384839 33 1 63 120009 17 1 16 45
1366 A 497423 372403 17 1 41 124839 29 4 28 61
1367 T 489263 26 360416 43 5 38 128626 24 26 59
1368 G 479329 56 50 7 350478 55 43 5 128560 75
1369 T 468555 38 342746 48 5 71 125498 38 32 79
1370 C 460310 65 30 335737 22 82 23 124233 31 87
1371 C 452159 37 36 328623 10 159 31 123186 26 51
1372 T 448685 23 320207 50 2 189 128115 32 11 56
1373 T 438517 56 315064 58 3 94 123124 38 11 69
1374 C 427020 96 16 309555 14 119 27 117118 26 49
1375 C 419016 135 39 305068 21 260 57 113357 33 46
1376 A 409079 297141 26 9 182 111502 57 23 83 56
1377 G 396012 49 86 15 291151 56 66 18 104530 41
1378 G 386332 5 10 0 285771 36 47 15 100420 28
1379 G 375103 48 83 11 278404 41 59 12 96391 54
1380 G 362449 23 112 15 271416 32 87 23 90694 47
1381 C 352590 102 84 265515 10 46 160 86520 73 80
1382 G 346360 103 130 16 262644 52 105 44 83232 34
1383 G 337280 52 96 14 258267 34 70 15 78685 47
1384 G 336929 59 97 20 256719 49 103 24 79770 88
1385 G 331150 40 50 13 254178 87 23 14 76687 58
1386 A 336438 248796 24 2 40 72361 41 28 7554 7592
1387 G 336841 25 43 9 254733 35 54 11 81847 84
1388 T 860047 17 488924 38 6 284 315862 153 17795 36968
1389 C 883070 60 23 548497 7 174 147 333570 170 422
1390 T 899065 41 582923 127 15 174 315117 231 56 381
1391 T 906954 38 579341 78 2 96 327154 127 20 98
1392 C 923348 108 126 585467 33 196 1107 335381 63 867
1393 G 942198 114 226 52 598998 229 767 439 340264 1109
1394 A 949866 606421 13 1 87 342455 133 46 245 465
1395 G 964375 56 215 13 612760 111 333 70 350596 221
1396 C 982510 149 44 637293 17 178 100 343994 188 547
1397 T 1006598 7 671844 98 7 36 333570 333 52 651
1398 C 1022212 35 53 674968 17 170 143 346567 32 227
1399 T 1040444 19 684343 103 4 71 355415 203 30 256
1400 C 1055731 137 165 686941 21 204 775 367309 46 133
1401 G 1067465 125 197 30 702074 275 523 382 363298 561
1402 G 1073812 68 160 45 716426 63 148 45 356753 104
1403 A 1083887 727253 46 1 157 350263 108 29 1669 4361
1404 C 1099542 83 166 757681 17 198 569 340472 40 316
1405 G 1114575 129 274 50 773401 129 268 118 340060 146
1406 A 1126512 785246 52 1 118 340147 71 19 294 564
1407 A 1138567 802550 46 6 128 335476 111 16 112 122
1408 A 1145574 824049 34 20 145 320783 321 31 83 108
1409 G 1145466 72 242 23 833587 1619 306 61 305963 3593
1410 G 1145210 78 163 36 855544 75 187 39 288956 132
1411 G 1145662 108 190 23 875354 47 87 24 269702 127
1412 C 1152626 193 229 898065 31 101 213 251593 805 1396
1413 A 1161608 914680 62 16 358 245943 71 60 124 294
1414 G 1160254 89 281 31 935137 65 169 40 224186 256
1415 C 1165932 184 252 952613 23 117 405 211961 91 286
1416 G 1179133 164 311 37 968859 71 139 33 209389 130
1417 A 1186348 980475 57 3 79 205009 36 11 253 425
1418 A 1190949 993988 61 1 100 196273 52 56 52 366
1419 C 1194593 109 132 1009825 19 470 27 182411 24 1576
1420 C 1200927 172 78 1029743 24 108 58 170542 19 183
1421 C 1206363 211 159 1043321 31 102 217 162095 10 217
1422 G 1208149 207 364 51 1054720 120 150 471 150378 1688
1423 A 1211234 1063231 88 5 94 146552 57 49 138 1020
1424 T 1211701 93 1064887 93 3 185 145878 46 31 485
1425 C 1213516 217 176 1066487 31 104 101 146180 26 194
1426 G 1213708 284 239 42 1069238 112 75 98 143434 186
1427 T 1215910 71 1076196 193 12 58 136725 37 455 2163
1428 G 1218407 309 338 41 1089951 59 123 40 127378 168
1429 C 1220255 167 136 1091993 44 39 63 127325 117 371
1430 C 1222385 160 110 1099457 21 64 46 122116 25 386
1431 C 1224340 113 97 1114596 22 91 19 109223 9 170
1432 T 1224820 40 1120439 158 5 33 100418 720 28 2979
1433 C 1224750 103 77 1128989 53 49 41 95282 14 142
1434 T 1223828 48 1133043 376 6 34 89950 85 17 269
1435 T 1222916 27 1141531 113 8 13 81011 48 2 163
1436 T 1221069 44 1146604 87 5 20 73663 38 19 589
1437 T 1219387 55 1150528 165 10 10 68371 40 6 202
1438 G 1216761 124 393 69 1147185 30 1491 24 60352 7093
1439 A 1214662 1153460 177 12 210 58670 109 25 76 1923
1440 C 1212406 238 201 1157888 51 32 21 53703 21 251
1441 A 1211647 1161038 79 7 186 50071 25 16 13 212
1442 T 1210108 50 1165305 141 12 17 44375 5 13 190
1443 G 1208954 132 471 93 1169536 19 71 4 38433 195
1444 A 1206970 1172169 116 3 188 33762 11 1 45 675
1445 G 1205399 103 295 47 1175408 10 16 3 29354 163
1446 T 1203801 122 1161763 115 12 50 24913 13 995 15818
1447 A 1201937 1178585 42 8 102 22872 11 2 7 308
1448 A 1199604 1179788 92 7 92 19472 2 8 2 141
1449 T 1197369 77 1179455 121 6 66 17262 10 4 368
1450 G 1196647 128 366 100 1179704 19 35 6 16130 159
1451 A 1194834 1179167 111 7 110 14962 0 0 13 464
1452 A 1193666 1179217 64 7 129 14088 1 1 8 151
1453 G 1192431 80 320 35 1178500 180 6 0 12861 449
1454 G 1191338 72 336 50 1177680 15 5 3 13065 112
1455 A 1189792 1175579 85 3 125 12529 0 2 68 1401
1456 T 1188470 85 1175504 121 2 23 12231 1 9 494
1457 C 1187642 127 73 1174955 26 9 5 12261 3 183
1458 T 1186852 86 1174134 142 9 27 12252 4 2 196
1459 T 1185738 25 1173566 189 6 16 11790 3 1 142
1460 A 1184446 1172329 51 2 96 11269 96 2 1 600
1461 T 1183447 70 1172236 118 4 3 10855 2 2 157
1462 T 1182477 77 1171612 119 1 5 10469 1 1 192
1463 T 1181525 82 1170660 123 3 11 10324 5 0 317
1464 C 1179951 276 75 1165911 46 8 394 8997 2 4242
1465 T 1179251 35 1169557 198 10 18 9267 6 1 159
1466 T 1177970 62 1169007 106 5 8 8606 2 1 173
1467 C 1176511 298 164 1167314 32 16 76 7621 5 985
1468 G 1175732 260 290 70 1167327 28 13 12 7516 216
1469 G 1174623 89 274 67 1166889 5 7 1 7158 133
1470 A 1173739 1163898 95 3 268 6773 6 1 154 2541
1471 G 1172841 107 348 74 1165199 7 1 2 6652 451
1472 A 1172107 1164608 127 6 174 6359 2 3 19 809
1473 C 1171562 170 128 1164541 24 16 1 6361 8 313
1474 A 1170978 1164278 44 10 157 6304 3 7 2 173
1475 A 1169994 1163520 66 3 95 5967 4 1 1 337
1476 T 1169144 86 1161310 149 5 59 5623 3 4 1905
1477 G 1168533 196 368 64 1162053 10 10 2 5573 257
1478 C 1167662 275 243 1161483 56 8 0 5369 5 223
1479 A 1167002 1161019 97 20 304 5132 2 3 5 420
1480 G 1166302 87 330 73 1160491 6 2 0 4934 379
1481 A 1165469 1160060 74 8 172 4755 0 0 4 396
1482 G 1164705 114 328 56 1159340 2 1 0 4713 151
1483 G 1163874 75 248 55 1158832 2 1 1 4554 106
1484 A 1162853 1155642 66 10 166 4242 1 0 66 2660
1485 G 1161683 131 288 28 1157115 2 1 1 4017 100
1486 T 1160860 87 1113555 140 6 11 3449 2 393 43217
1487 A 1160160 1155954 83 4 233 3705 2 0 2 177
1488 C 1158913 178 229 1154441 36 12 1 3497 1 518
1489 G 1155141 242 292 77 1150957 10 0 2 3295 266
1490 A 1149556 1145628 166 5 216 3171 1 3 2 364
1491 C 1147826 184 156 1143682 46 23 2 3151 1 581
1492 A 1143799 1140265 87 8 135 3103 6 2 13 180
1493 A 1139297 1136017 80 2 100 2943 5 1 2 147
1494 T 1135336 82 1131362 111 3 22 2879 1 5 871