# amino-acid counts among definitively called codons
# POSITION TOTAL_COUNTS WT N_A N_C N_D N_E N_F N_G N_H N_I N_K N_L N_M N_N N_P N_Q N_R N_S N_T N_V N_W N_Y N_STOP
1 1679153 M 0 0 0 0 0 0 0 618 163 132 1677745 0 0 0 4 0 241 250 0 0 0
2 1681622 A 1680158 0 0 469 0 84 0 0 0 0 0 0 27 0 1 265 134 484 0 0 0
3 1684996 S 9 77 0 0 167 0 0 0 0 0 0 1 318 0 0 1684153 77 0 0 194 0
4 1689004 Q 0 0 0 52 0 0 154 0 368 100 0 0 13 1687803 296 0 0 0 0 0 218
5 1692733 G 57 399 235 1 0 1691526 0 0 0 0 0 1 0 0 71 161 0 282 0 0 0
6 1695927 T 330 0 0 0 0 0 0 170 0 1 0 194 10 0 0 177 1695045 0 0 0 0
7 1700727 K 0 0 0 218 0 0 0 83 1700016 1 1 142 0 18 176 0 8 0 0 0 64
8 1707885 R 0 0 0 0 0 53 0 0 0 296 0 0 41 266 1706913 0 0 0 316 0 0
9 1711568 S 6 109 0 0 150 0 0 0 0 0 0 0 226 0 1 1710495 98 0 0 483 0
10 1714797 Y 0 200 6 0 43 0 221 0 0 16 0 38 0 0 0 6 0 0 0 1714059 208
11 1715230 E 5 0 129 1713919 0 240 0 0 219 0 0 0 0 115 0 0 0 130 0 0 473
12 1716519 Q 0 0 0 73 0 0 587 0 440 140 0 0 19 1714764 247 1 0 0 0 1 247
13 1706943 M 0 0 0 0 0 0 0 572 145 138 1705733 0 1 0 8 0 175 171 0 0 0
14 1693746 E 6 0 53 1692743 0 282 0 0 183 0 0 0 0 81 1 0 0 99 0 0 298
15 1686637 T 188 0 0 0 0 0 0 72 0 0 0 353 42 0 0 155 1685827 0 0 0 0
16 1675644 D 2 0 1674323 156 0 275 101 0 0 0 0 189 0 0 0 0 0 149 0 449 0
17 1647893 G 55 0 0 199 0 1646624 0 0 4 0 0 0 0 0 321 0 0 311 378 0 1
18 1626082 E 4 0 50 1624964 0 247 0 0 354 1 0 0 0 71 0 0 0 72 0 0 319
19 1586229 R 0 323 0 0 0 48 547 0 0 348 0 0 88 0 1584614 260 0 0 0 0 1
20 1549792 Q 0 0 0 74 0 0 504 0 301 127 0 0 20 1548058 454 0 0 0 0 0 254
21 1502464 N 0 0 132 0 0 0 5 118 81 0 0 1501875 0 0 0 172 4 0 0 77 0
22 1436127 A 1434650 0 0 371 0 68 0 0 3 0 0 0 69 0 0 329 274 363 0 0 0
23 1395416 T 190 0 0 0 0 0 0 68 1 0 0 370 7 0 1 163 1394616 0 0 0 0
24 1341568 E 10 0 360 1340253 0 222 0 0 176 0 0 0 0 83 0 0 0 100 0 0 364
25 1254785 I 0 0 0 0 81 0 0 1254261 2 4 79 86 0 0 0 5 121 146 0 0 0
26 1174306 R 0 0 0 0 0 288 0 300 97 0 0 0 0 0 1173378 60 87 0 0 0 96
27 1099955 A 1098974 0 0 321 0 62 0 0 0 0 0 0 27 0 1 230 98 242 0 0 0
28 1059669 S 4 55 0 0 44 0 0 0 0 0 0 0 116 0 0 1059128 71 0 0 250 1
29 1020441 V 98 0 87 0 204 5 0 213 0 31 0 0 0 0 0 0 0 1019803 0 0 0
30 500291 G 17 1 0 39 0 499892 0 0 0 0 0 0 0 0 127 0 0 98 117 0 0
31 497785 K 0 0 0 76 0 0 0 0 497364 0 40 179 0 1 80 0 2 0 0 0 43
32 495479 M 0 0 0 0 0 0 0 208 34 43 495065 0 0 0 1 0 64 64 0 0 0
33 515839 I 0 0 0 0 40 0 0 515651 0 2 2 40 0 0 1 1 44 58 0 0 0
34 538622 D 3 0 538142 56 1 97 40 0 0 0 0 62 0 0 0 0 0 64 0 157 0
35 563454 G 30 0 0 45 0 563023 0 0 0 0 0 0 0 0 105 0 0 127 0 0 124
36 589369 I 0 0 0 0 22 0 0 589168 0 2 4 37 0 0 0 2 50 84 0 0 0
37 611811 G 28 0 0 59 0 611351 0 0 0 1 0 0 0 0 127 0 0 111 0 0 134
38 638451 R 0 0 0 0 0 25 0 0 0 180 0 0 16 100 637953 0 0 0 0 0 177
39 661409 F 0 0 0 0 660979 0 0 45 0 294 0 0 0 0 0 60 0 2 0 29 0
40 684265 Y 0 108 6 0 78 0 135 0 0 0 0 61 0 1 0 2 0 0 0 683676 198
41 705953 I 0 0 0 0 52 0 0 705643 0 8 27 53 0 0 0 0 88 82 0 0 0
42 729562 Q 0 0 0 17 0 0 17 0 189 42 0 0 5 729107 90 0 0 0 0 0 95
43 752713 M 0 0 0 0 0 0 0 303 27 58 752198 0 0 0 3 0 65 59 0 0 0
44 782967 C 0 782159 0 0 202 14 0 1 0 0 0 0 0 0 125 115 0 0 42 119 190
45 805300 T 113 0 0 0 0 0 0 76 0 0 0 162 12 0 0 103 804834 0 0 0 0
46 823854 E 2 0 77 823229 0 90 0 0 120 0 0 0 0 52 0 0 0 39 0 0 245
47 845288 L 0 0 0 0 62 0 32 136 2 844932 0 0 103 1 7 0 0 13 0 0 0
48 863810 K 0 0 0 81 0 0 0 30 863445 3 0 88 0 2 90 0 5 0 0 0 66
49 875095 L 0 0 0 0 41 0 40 138 0 874745 0 0 108 0 6 0 0 17 0 0 0
50 887755 S 0 59 0 0 0 198 0 99 0 0 0 57 0 0 124 887198 20 0 0 0 0
51 905024 D 1 0 904413 76 0 86 43 0 0 0 0 72 0 0 0 0 0 58 0 275 0
52 923969 Y 0 128 2 0 51 0 81 2 0 0 0 13 0 0 0 1 0 0 0 923600 91
53 943034 E 12 0 228 942032 0 253 0 0 112 0 1 0 0 65 0 0 0 76 0 0 255
54 957308 G 41 0 0 140 0 956697 0 0 0 0 0 0 0 0 137 0 0 113 180 0 0
55 965871 R 0 0 0 0 0 65 0 0 0 266 0 0 40 186 965037 1 0 0 0 0 276
56 976212 L 0 0 0 0 0 0 0 0 0 975815 70 0 213 69 14 0 0 31 0 0 0
57 989486 I 0 0 0 0 92 0 0 989061 0 3 38 83 0 0 0 2 125 82 0 0 0
58 1003617 Q 0 0 0 41 0 0 341 0 219 74 0 1 5 1002600 201 0 0 0 0 0 135
59 1005182 N 0 0 100 0 0 0 5 75 235 0 0 1004560 0 0 0 137 2 0 0 68 0
60 1005093 S 0 20 0 0 0 113 0 290 0 0 0 80 0 0 284 1004279 26 0 0 1 0
61 1017781 L 0 0 0 0 91 0 0 57 0 1017409 0 0 0 0 0 105 0 1 0 0 118
62 1037369 T 120 0 0 0 0 0 0 107 188 0 0 0 7 0 26 104 1036817 0 0 0 0
63 1049524 I 1 0 0 0 0 0 0 1048996 63 100 172 0 0 0 3 0 105 84 0 0 0
64 1060373 E 3 0 323 1059364 0 134 0 0 70 0 0 0 0 79 0 0 0 42 0 0 358
65 1060971 R 0 0 0 0 0 144 0 274 87 0 0 0 0 0 1060251 70 54 0 0 0 91
66 1066031 M 0 0 0 0 0 0 0 435 100 54 1065207 0 0 0 5 0 100 130 0 0 0
67 1063209 V 191 0 0 168 0 18 0 2 0 184 120 0 0 0 0 0 0 1062526 0 0 0
68 1069285 L 0 0 0 0 110 0 79 285 0 1068651 0 0 112 0 12 0 0 36 0 0 0
69 1063491 S 4 66 0 0 67 0 0 0 0 0 0 0 189 0 0 1062906 66 0 0 193 0
70 1052488 A 1051557 0 280 0 0 43 0 0 0 0 0 0 40 0 0 301 190 77 0 0 0
71 1050502 F 0 5 0 0 1050116 0 0 44 0 174 0 0 0 0 0 112 0 10 0 41 0
72 1039192 D 7 0 1038277 211 4 181 65 0 1 0 0 116 0 0 0 0 0 86 0 244 0
73 1037027 E 2 0 49 1036328 0 105 0 0 141 1 0 0 1 43 0 0 0 75 0 0 282
74 1045157 R 0 0 0 0 0 133 0 241 62 0 0 0 0 0 1044494 84 71 0 0 0 72
75 1044542 R 0 0 0 0 0 132 0 0 86 1 242 0 0 0 1043677 299 46 0 59 0 0
76 1041047 N 0 0 136 0 0 0 6 70 99 0 0 1040514 0 0 0 131 1 0 0 90 0
77 1032057 K 0 0 0 132 0 0 0 39 1031692 1 0 52 0 2 104 0 4 0 0 0 31
78 1033086 Y 0 82 6 0 55 0 67 0 0 0 0 87 0 0 0 4 0 0 0 1032706 79
79 1033005 L 0 0 0 0 0 0 0 0 0 1032338 281 0 226 96 10 0 0 54 0 0 0
80 1027899 E 3 0 46 1027265 1 149 0 0 74 0 0 0 0 43 0 1 0 64 0 0 253
81 1019132 E 4 0 92 1018423 0 122 0 0 104 0 0 0 0 47 0 0 0 76 0 0 264
82 1010235 H 0 0 36 0 0 0 1009688 0 0 51 1 183 2 79 80 0 0 0 0 115 0
83 1009415 P 39 0 0 0 0 0 218 1 0 87 0 0 1008711 0 47 87 225 0 0 0 0
84 1022539 S 0 12 0 0 0 186 0 247 0 0 0 68 0 0 319 1021693 14 0 0 0 0
85 1015945 A 1015112 0 0 217 0 22 0 0 0 0 0 0 31 0 0 279 140 144 0 0 0
86 1013002 G 50 0 0 123 0 1012320 0 0 0 0 0 0 0 0 115 0 0 194 200 0 0
87 1015149 K 0 0 0 215 0 0 0 0 1014252 0 70 351 0 5 170 0 8 0 0 0 78
88 1019430 D 1 0 1018812 86 1 120 42 0 0 0 0 64 0 0 0 0 0 85 0 219 0
89 1022650 P 29 0 0 0 0 0 242 0 0 78 0 0 1021952 1 51 69 227 1 0 0 0
90 1030945 K 0 0 0 150 1 0 0 0 1030524 0 33 96 0 2 120 0 7 0 1 0 11
91 1032153 K 0 0 0 101 0 0 0 28 1031852 0 0 18 0 2 109 0 2 0 0 0 41
92 1023370 T 94 0 0 0 1 0 0 55 0 0 0 175 39 0 0 84 1022922 0 0 0 0
93 1023194 G 56 0 0 77 0 1022577 0 0 0 0 0 0 0 0 174 0 0 105 0 0 205
94 1025245 G 36 0 0 99 0 1024617 0 0 0 0 0 0 0 0 142 0 0 223 0 0 128
95 1020581 P 20 0 0 0 0 0 200 0 0 108 0 0 1019977 0 35 122 119 0 0 0 0
96 1016766 I 0 0 0 0 0 0 0 1016265 99 101 80 0 0 0 2 0 109 110 0 0 0
97 1010090 Y 0 118 2 0 118 0 85 0 0 0 0 86 0 0 0 2 0 0 0 1009353 326
98 1009237 K 0 0 0 192 0 0 1 1 1008364 0 62 351 0 6 174 0 21 0 0 0 65
99 1000119 R 0 0 0 0 0 126 0 212 51 0 0 0 0 0 999566 65 38 0 0 0 61
100 995708 V 98 0 0 127 0 12 1 88 0 245 0 0 0 0 0 0 0 995137 0 0 0
101 1000983 D 2 1 1000222 128 0 85 72 0 0 0 0 87 0 0 0 0 1 75 0 310 0
102 995160 R 0 0 0 0 0 123 0 136 59 0 0 0 0 0 994673 54 62 0 1 0 52
103 1002860 K 0 0 0 135 0 0 0 0 1002319 0 35 213 0 4 116 0 3 0 0 0 35
104 1000478 W 0 303 0 0 0 3 0 0 0 259 0 0 0 0 205 39 0 0 999484 0 185
105 993070 M 0 0 0 0 0 0 0 527 105 89 992083 0 0 0 7 0 126 133 0 0 0
106 977524 R 0 0 0 0 0 221 0 0 90 0 249 0 0 0 976665 150 42 0 107 0 0
107 971963 E 4 0 79 970904 0 137 0 0 498 0 0 0 0 53 0 1 0 51 0 0 236
108 973380 L 0 0 0 0 66 0 74 118 0 972978 0 0 119 0 3 0 0 22 0 0 0
109 966958 V 134 0 86 0 143 10 0 202 0 27 0 0 0 0 0 0 0 966356 0 0 0
110 957604 L 0 0 0 0 68 0 34 234 0 957087 0 0 124 0 7 0 0 50 0 0 0
111 952513 Y 0 110 4 0 77 0 111 0 0 0 0 17 0 0 0 1 0 0 0 952104 89
112 929539 D 7 0 928484 265 3 179 71 0 1 0 0 141 0 0 0 0 0 119 0 269 0
113 921707 K 0 0 0 102 0 0 0 57 921348 0 0 52 0 7 91 0 7 0 0 0 43
114 930441 E 5 0 49 929887 0 103 0 0 62 0 0 0 0 56 1 0 0 56 0 0 222
115 936127 E 2 0 48 935576 0 120 0 0 87 0 0 0 0 41 0 0 0 52 0 0 201
116 931416 I 0 0 0 0 0 0 0 930971 49 47 169 0 0 0 0 0 88 92 0 0 0
117 936758 R 0 0 0 0 0 151 0 0 89 1 214 0 0 0 935997 201 40 0 65 0 0
118 938699 R 0 0 0 0 0 45 0 0 2 253 0 0 39 151 938053 0 0 0 0 0 156
119 937805 I 0 0 0 0 30 0 0 937496 0 2 40 63 0 1 0 3 94 76 0 0 0
120 940510 W 0 180 0 0 0 8 0 0 0 171 0 0 0 0 248 33 0 0 939672 0 198
121 943405 R 0 259 0 0 0 61 281 0 0 213 0 0 40 0 942333 218 0 0 0 0 0
122 946507 Q 0 0 0 43 0 0 51 0 208 49 0 0 3 945878 151 0 0 0 0 0 124
123 941226 A 940398 0 212 0 0 26 0 0 0 0 0 0 32 0 0 274 147 137 0 0 0
124 952381 N 0 0 139 0 0 0 7 80 108 0 0 951942 0 0 0 81 4 1 0 19 0
125 965625 N 0 0 84 0 0 1 6 73 63 0 0 965252 0 0 1 94 5 0 0 46 0
126 958457 G 32 257 91 0 0 957802 0 0 0 0 0 2 0 0 49 108 0 116 0 0 0
127 961633 D 6 0 960874 100 0 109 74 0 0 0 0 84 0 0 0 0 1 92 0 293 0
128 962974 D 3 0 962260 85 0 94 62 0 0 0 0 92 0 0 0 0 0 104 0 274 0
129 977369 A 976367 0 0 239 0 41 0 0 0 1 0 0 47 0 0 245 253 176 0 0 0
130 982307 T 100 0 0 0 0 0 0 73 256 0 0 0 3 0 35 78 981762 0 0 0 0
131 988072 A 987286 0 296 0 0 33 0 0 0 0 0 0 29 0 0 312 67 49 0 0 0
132 975806 G 39 237 74 0 0 975183 0 0 0 0 0 1 0 0 34 98 0 140 0 0 0
133 967816 L 0 0 0 0 2 0 0 0 0 967244 261 0 215 33 12 0 0 49 0 0 0
134 960805 T 97 0 0 0 0 0 0 70 0 0 0 210 6 0 0 131 960291 0 0 0 0
135 965993 H 0 0 57 0 0 0 964984 0 0 95 0 290 9 308 142 0 0 0 0 108 0
136 978168 M 0 0 0 1 0 0 0 481 80 67 977251 0 0 0 6 0 136 146 0 0 0
137 984735 M 0 0 0 0 0 0 0 401 93 82 983866 0 0 0 5 0 146 142 0 0 0
138 979303 I 0 0 0 0 68 0 0 978923 0 4 62 67 0 0 0 3 95 81 0 0 0
139 984282 W 0 267 0 0 0 10 0 0 0 235 0 0 0 0 301 48 0 0 983109 0 312
140 985661 H 0 0 69 0 0 0 984846 0 0 66 0 276 10 40 142 0 0 0 0 212 0
141 991827 S 2 43 0 0 91 0 1 0 0 0 0 0 146 0 0 991231 46 0 0 266 1
142 982687 N 0 0 138 0 0 0 11 43 50 0 0 982304 0 0 0 90 2 0 0 49 0
143 982739 L 0 0 0 0 357 0 0 0 0 982086 75 0 0 1 0 152 0 7 5 0 56
144 989596 N 0 0 162 0 1 0 5 40 90 0 0 989078 0 0 0 143 4 0 0 73 0
145 979905 D 2 0 979172 74 0 83 58 0 0 0 0 81 0 0 0 0 0 103 0 332 0
146 976554 T 182 0 0 0 0 0 0 131 221 0 0 0 4 0 33 95 975888 0 0 0 0
147 976797 T 126 0 0 0 0 0 0 85 261 0 0 0 8 0 43 100 976174 0 0 0 0
148 969230 Y 0 118 7 0 74 0 104 0 0 0 0 50 0 0 0 9 0 0 0 968691 177
149 973864 Q 0 0 0 48 0 0 335 0 278 75 0 0 7 972788 232 0 0 0 0 0 101
150 966744 R 0 0 0 0 0 142 0 0 119 0 257 0 0 0 965902 219 59 0 46 0 0
151 964564 T 147 0 0 0 0 0 0 140 160 0 0 0 8 0 31 145 963933 0 0 0 0
152 966375 R 0 0 0 0 0 156 0 105 56 0 0 0 0 0 965906 40 37 0 0 0 75
153 971330 A 970666 0 250 0 0 22 0 0 0 0 0 1 25 0 0 250 67 49 0 0 0
154 979304 L 0 0 0 0 64 0 72 157 0 978845 0 0 111 0 7 0 0 48 0 0 0
155 978329 V 107 0 120 1 197 2 0 107 0 24 0 0 0 0 0 0 0 977771 0 0 0
156 977486 R 1 192 0 0 0 39 335 0 0 180 0 1 41 1 976444 252 0 0 0 0 0
157 980653 T 127 0 0 0 0 0 0 155 0 0 0 121 4 0 0 98 980148 0 0 0 0
158 977624 G 34 204 262 0 0 976607 0 1 0 0 0 0 0 0 50 264 0 202 0 0 0
159 976602 M 0 0 0 0 0 0 0 390 42 85 975837 0 0 0 2 0 97 149 0 0 0
160 988613 D 3 0 988032 92 0 113 34 0 0 0 0 80 1 0 0 0 0 61 0 197 0
161 989420 P 36 0 0 0 0 0 186 0 0 103 0 0 988760 0 35 101 199 0 0 0 0
162 999380 R 0 0 0 0 0 217 0 0 97 0 274 0 0 0 998458 267 34 0 33 0 0
163 1000793 M 0 0 0 0 0 0 0 365 47 64 1000110 0 0 0 6 0 89 112 0 0 0
164 1000713 C 0 999593 0 0 243 16 0 0 0 0 0 0 0 0 134 152 0 0 50 279 246
165 991904 S 21 57 0 0 80 0 0 0 0 0 0 0 130 0 0 991331 64 0 0 221 0
166 994087 L 0 0 0 0 0 0 0 0 1 993423 302 0 225 66 13 0 0 57 0 0 0
167 1006444 M 0 0 0 0 0 0 0 650 85 97 1005318 0 0 0 8 0 179 107 0 0 0
168 1012419 Q 0 0 0 47 0 0 277 0 285 69 0 0 18 1011199 293 0 0 0 0 0 231
169 1004221 G 24 203 100 0 0 1003639 0 0 0 0 0 1 0 0 28 68 0 158 0 0 0
170 1013305 S 7 0 0 0 0 0 0 0 0 251 0 0 79 1 0 1012663 76 0 32 0 196
171 1016083 T 103 0 0 0 0 0 0 84 0 0 0 245 12 0 0 157 1015482 0 0 0 0
172 1018349 L 0 0 0 0 49 0 89 268 0 1017673 0 0 204 0 6 0 0 60 0 0 0
173 1019707 P 41 0 0 0 1 0 313 0 0 85 0 0 1018887 0 67 97 216 0 0 0 0
174 1019785 R 0 0 0 0 0 151 1 0 71 0 240 0 0 0 1019044 168 57 0 53 0 0
175 1017394 R 0 0 0 0 0 165 0 0 64 0 197 0 0 0 1016729 151 24 0 64 0 0
176 1028723 S 5 53 0 0 75 0 0 0 0 0 0 0 141 0 0 1028253 61 0 0 135 0
177 1043275 G 41 0 0 76 0 1042664 0 1 0 0 0 1 0 0 205 0 0 126 0 0 161
178 1058393 A 1057586 0 289 0 0 29 0 0 0 0 0 0 32 0 0 281 97 79 0 0 0
179 1071946 A 1070765 0 0 265 0 43 0 0 0 0 0 0 60 0 0 303 306 204 0 0 0
180 1070510 G 17 153 77 2 0 1069943 0 0 0 1 0 0 0 0 41 63 0 213 0 0 0
181 1069237 A 1068488 0 97 0 2 11 0 0 0 0 0 0 32 0 0 284 252 71 0 0 0
182 1077565 A 1076178 0 0 281 0 41 0 0 0 0 0 0 52 0 0 291 319 403 0 0 0
183 1080308 V 144 0 80 3 222 7 0 56 0 32 0 0 0 0 0 0 0 1079764 0 0 0
184 1090516 K 0 0 0 144 0 0 0 82 1089979 0 0 112 0 5 116 0 6 0 0 0 72
185 1098001 G 28 0 0 74 0 1097339 0 0 1 0 0 0 0 0 125 0 0 230 0 0 204
186 1106974 V 114 0 75 0 201 4 0 70 0 22 0 0 0 0 0 0 0 1106488 0 0 0
187 1118907 G 56 0 0 164 0 1117991 0 0 1 0 0 0 0 0 180 0 0 231 284 0 0
188 1120976 T 171 0 0 0 0 0 0 180 256 0 0 0 7 0 39 137 1120186 0 0 0 0
189 1134578 M 0 0 0 0 0 0 0 518 75 74 1133691 2 0 0 4 0 103 111 0 0 0
190 1135242 V 174 0 2 131 0 17 0 0 0 191 105 0 0 0 0 0 0 1134622 0 0 0
191 1134930 M 0 0 0 0 1 0 0 421 104 145 1133998 0 0 0 8 0 121 132 0 0 0
192 1135635 E 11 0 230 1134588 0 288 0 0 90 0 0 0 0 54 0 0 0 117 0 0 257
193 1132096 L 0 0 0 0 382 0 0 0 0 1131383 88 0 0 0 0 164 0 8 5 0 66
194 1136342 I 0 0 0 0 0 0 0 1135810 39 122 137 0 0 1 6 0 120 107 0 0 0
195 1131993 R 0 0 0 0 0 171 0 0 83 1 335 0 0 0 1130985 285 52 0 81 0 0
196 1134257 M 0 0 0 0 0 0 0 524 116 97 1133254 1 0 0 6 0 148 111 0 0 0
197 1137149 I 1 0 0 0 106 0 0 1136575 1 2 55 142 0 0 0 3 130 134 0 0 0
198 1133625 K 0 0 0 144 0 0 0 17 1133226 1 0 83 0 3 127 0 2 0 0 0 22
199 1132060 R 0 128 0 0 0 32 179 0 0 248 0 0 45 0 1131199 229 0 0 0 0 0
200 1141662 G 37 0 0 108 0 1140822 0 0 1 0 0 0 0 0 187 0 0 212 295 0 0
201 1128819 I 0 0 0 0 126 0 0 1128302 1 5 51 58 0 0 0 4 128 144 0 0 0
202 1121643 N 0 0 190 0 0 0 7 51 110 0 0 1121102 0 0 0 135 6 0 0 42 0
203 1123699 D 5 1 1122935 111 0 96 63 0 0 0 0 100 0 0 0 0 0 128 0 260 0
204 1126118 R 0 1 0 0 0 25 0 0 0 225 0 0 57 231 1125371 0 0 0 208 0 0
205 1127813 N 0 0 160 0 0 0 4 34 126 0 0 1127270 0 0 0 177 2 0 0 40 0
206 1115959 F 0 6 0 0 1115453 0 0 26 0 328 0 0 0 0 0 94 0 2 0 50 0
207 1103359 W 0 292 0 0 0 8 0 0 0 255 0 0 0 0 366 51 0 0 1102189 0 198
208 1098711 R 0 0 0 0 0 214 0 322 65 0 0 0 0 0 1097861 77 73 0 0 0 99
209 1103306 G 28 239 86 1 0 1102658 1 0 1 0 0 0 0 0 31 121 0 140 0 0 0
210 1109125 E 4 0 61 1108359 0 177 0 0 137 0 0 0 0 37 0 0 1 82 0 0 267
211 1109718 N 0 0 136 0 0 0 2 96 50 0 1 1109311 0 0 0 96 0 1 0 25 0
212 1112697 G 46 0 0 111 0 1111883 0 0 1 0 0 0 0 0 212 0 0 205 0 0 239
213 1107899 R 0 0 0 0 1 49 2 0 1 277 0 0 36 221 1107026 0 0 0 0 0 286
214 1098329 K 0 0 0 161 0 0 0 16 1097996 0 0 22 0 6 103 0 3 0 0 0 22
215 1093990 T 105 0 0 0 0 0 0 69 149 0 0 0 41 0 27 84 1093515 0 0 0 0
216 1087841 R 0 0 0 0 0 195 0 0 79 0 206 0 0 0 1087049 209 40 1 62 0 0
217 1080839 S 0 73 0 0 0 135 0 85 0 0 0 95 0 0 130 1080300 21 0 0 0 0
218 1072869 A 1072001 0 286 0 0 42 0 0 0 0 0 1 36 0 0 308 124 71 0 0 0
219 1082932 Y 0 108 6 0 77 0 135 0 0 0 0 28 0 0 0 4 0 0 0 1082334 240
220 1086449 E 5 0 336 1085427 0 116 0 0 182 0 0 0 0 46 0 0 1 81 0 0 255
221 1090495 R 0 0 0 0 0 154 0 275 115 0 0 0 0 0 1089776 55 44 0 0 0 76
222 1073071 M 0 0 0 0 0 0 0 426 90 57 1072271 0 0 0 6 1 113 107 0 0 0
223 1060701 C 0 1059507 0 0 252 23 0 0 0 2 0 0 0 0 221 203 0 0 64 175 254
224 1059687 N 0 0 146 0 0 0 8 115 219 0 0 1059009 0 0 0 124 3 0 0 63 0
225 1063586 I 0 0 0 0 79 0 0 1063258 0 6 2 55 0 0 0 1 110 75 0 0 0
226 1064503 L 0 0 0 0 50 0 100 275 0 1063855 1 0 158 3 9 0 0 52 0 0 0
227 1062254 K 0 0 0 125 0 0 0 98 1061812 0 0 52 0 6 123 0 4 0 0 0 34
228 1050535 G 36 0 0 79 0 1049880 0 0 3 0 0 0 0 0 135 0 0 186 0 0 216
229 1043925 K 0 0 0 146 0 0 0 33 1043496 0 0 108 0 3 111 0 1 0 0 0 27
230 1045370 F 0 4 0 0 1044909 0 0 58 0 213 0 0 0 0 0 139 0 5 0 41 1
231 1036056 Q 0 0 0 59 4 0 33 0 335 46 0 0 5 1035146 314 1 0 0 0 0 113
232 1027498 T 111 0 0 0 0 0 0 94 255 0 0 0 36 0 34 58 1026909 1 0 0 0
233 1024686 A 1023899 0 290 0 0 36 0 0 0 0 0 0 34 0 0 270 76 81 0 0 0
234 1014529 A 1013517 0 0 232 0 50 0 0 2 0 0 0 50 0 0 220 319 139 0 0 0
235 1001592 Q 0 0 0 24 0 0 79 0 210 33 0 0 6 1000952 137 0 0 0 0 0 151
236 991604 R 0 0 0 0 0 157 0 0 65 0 267 0 0 0 990880 176 28 0 31 0 0
237 983269 A 982426 0 0 244 0 51 0 0 0 0 0 0 41 0 0 172 134 201 0 0 0
238 964932 M 0 0 0 0 0 0 0 427 80 38 964189 0 0 0 4 0 93 101 0 0 0
239 949435 M 0 0 0 0 0 0 0 429 85 93 948598 0 0 0 7 0 101 122 0 0 0
240 927862 D 1 0 927288 89 0 107 34 0 0 0 0 78 0 0 0 0 0 48 0 217 0
241 899356 Q 0 0 0 56 0 0 47 0 242 62 0 0 8 898656 196 0 0 0 0 0 89
242 873599 V 94 0 0 61 0 7 0 0 0 231 60 0 0 0 0 0 0 873146 0 0 0
243 858371 R 0 0 0 0 0 138 0 250 68 0 0 0 0 0 857683 117 40 0 0 0 75
244 827646 E 0 0 39 827103 0 143 0 0 96 0 0 0 0 38 0 0 0 42 0 0 185
245 806238 S 0 17 1 0 0 138 0 126 0 0 0 67 0 0 110 805753 26 0 0 0 0
246 777461 R 0 0 0 0 0 19 0 0 1 130 0 0 26 210 776952 0 0 0 123 0 0
247 744696 N 0 0 87 1 0 0 2 52 116 0 0 744327 0 0 0 94 1 0 0 16 0
248 716014 P 15 0 0 0 0 0 0 0 0 106 0 0 715559 136 24 54 120 0 0 0 0
249 685129 G 21 0 0 48 0 684674 0 0 2 0 0 0 0 0 90 0 0 136 0 0 158
250 662226 N 0 0 96 0 0 0 3 38 28 0 0 661970 0 0 0 57 2 0 0 32 0
251 638539 A 637979 0 160 0 0 13 0 0 0 0 0 0 21 0 0 200 88 78 0 0 0
252 612590 E 5 0 221 612019 0 77 0 0 76 0 0 0 0 25 0 0 0 47 0 0 120
253 586179 I 0 0 0 0 37 0 0 586001 0 0 14 31 0 0 0 2 40 54 0 0 0
254 555425 E 1 0 40 555058 0 44 0 0 88 0 0 0 0 24 0 0 0 47 0 0 123
255 521342 D 4 0 521091 46 0 37 15 0 0 0 0 37 0 0 0 0 0 35 0 77 0
256 489295 L 0 0 0 0 26 0 56 74 0 489051 0 0 63 0 7 1 0 16 0 0 1
257 462834 I 0 0 0 0 11 0 0 462652 0 1 26 44 0 0 0 0 55 45 0 0 0
258 432916 F 0 1 0 0 432742 0 0 19 0 92 0 0 0 0 0 44 0 2 0 16 0
259 412493 L 0 0 0 0 0 0 0 0 0 412230 143 0 60 39 0 0 0 21 0 0 0
260 386484 A 386076 0 0 114 0 28 0 1 0 0 0 0 20 0 0 72 58 115 0 0 0
261 360265 R 0 0 0 0 0 11 0 0 0 83 0 0 6 64 360018 0 0 0 83 0 0
262 335204 S 1 18 0 0 33 0 0 0 0 0 0 0 41 0 0 334992 19 0 0 100 0
263 301500 A 301138 0 0 96 0 13 0 0 2 0 0 0 9 0 0 87 84 71 0 0 0
264 273333 L 0 0 0 0 34 0 15 65 0 273162 0 0 41 0 1 0 0 15 0 0 0
265 239686 I 0 0 0 0 0 0 0 239562 17 20 33 0 0 0 1 0 27 26 0 0 0
266 212115 L 0 0 0 0 72 0 0 0 0 211983 13 0 0 0 0 30 0 1 2 0 14
267 192284 R 0 0 0 0 0 34 0 29 13 0 0 0 0 0 192161 15 18 0 0 0 14
268 171091 G 2 0 0 17 0 170971 0 0 0 0 0 0 0 0 32 0 0 34 35 0 0
269 146621 S 1 0 0 0 0 0 0 0 0 16 0 0 16 0 0 146525 6 0 0 0 57
270 117821 V 10 0 9 0 19 0 0 6 0 0 0 0 0 0 0 0 0 117777 0 0 0
271 93586 A 93507 0 25 0 0 5 0 0 0 0 0 0 0 0 0 22 18 9 0 0 0
272 79217 H 0 0 5 0 0 0 79136 0 0 4 0 34 0 19 7 0 0 0 0 12 0
273 63371 K 0 0 0 6 0 0 0 2 63353 0 0 1 0 0 6 0 0 0 0 0 3
274 45575 S 0 3 0 0 3 0 0 0 0 0 0 0 7 0 0 45547 1 0 0 14 0
275 39214 C 0 39188 0 0 10 0 0 0 0 0 0 0 0 0 4 0 0 0 0 3 9
276 28411 L 0 0 0 0 0 0 0 0 0 28396 8 0 0 6 1 0 0 0 0 0 0
277 22649 P 5 0 0 0 0 0 67 0 0 38 0 0 22474 0 13 45 7 0 0 0 0
278 19782 A 19572 0 78 0 0 11 0 0 0 0 0 1 7 0 0 28 58 27 0 0 0
279 16134 C 0 16022 0 0 10 0 0 0 0 0 0 0 0 0 93 0 0 0 1 2 6
280 21509 V 1 0 0 1 0 0 0 0 0 3 3 0 0 0 0 0 0 21501 0 0 0
281 27850 Y 0 3 0 0 4 0 3 0 0 0 0 2 0 0 0 0 0 0 0 27833 5
282 21662 G 2 0 0 4 0 21640 0 0 0 0 0 0 0 0 7 0 0 3 0 0 6
283 59316 P 3 0 0 0 0 0 24 0 0 25 0 0 59203 0 15 21 25 0 0 0 0
284 81413 A 81070 0 82 0 0 9 0 0 0 0 0 0 26 0 0 78 97 51 0 0 0
285 94494 V 12 0 0 17 0 1 0 22 0 55 0 0 0 0 0 0 0 94387 0 0 0
286 112155 A 112078 0 30 0 0 1 0 0 0 0 0 0 5 0 0 23 8 10 0 0 0
287 127738 S 0 7 0 0 0 12 0 10 0 0 0 7 0 0 11 127675 16 0 0 0 0
288 148447 G 1 24 16 0 0 148358 0 0 0 0 0 0 0 0 3 19 0 26 0 0 0
289 178086 Y 0 20 0 0 14 0 26 0 0 0 0 8 0 0 0 1 0 0 0 177989 28
290 210138 D 0 0 209975 56 0 19 9 0 0 0 0 29 0 0 0 0 0 12 0 38 0
291 239226 F 0 0 0 0 239092 0 0 4 0 94 0 0 0 0 0 26 0 2 0 8 0
292 266152 E 0 0 6 265978 0 39 0 0 49 0 0 0 0 11 2 0 1 9 0 0 57
293 286819 K 0 0 0 30 0 0 0 15 286731 0 0 18 0 1 17 0 1 0 0 0 6
294 315773 E 2 0 84 315501 0 56 0 0 19 0 0 0 0 20 0 0 0 20 0 0 71
295 345629 G 14 0 0 46 0 345419 0 0 0 0 0 0 0 0 51 0 0 55 0 0 44
296 378843 Y 0 57 3 0 39 0 48 0 0 0 0 31 0 0 0 2 0 0 0 378578 85
297 411097 S 0 19 0 0 20 0 0 0 0 0 0 0 58 0 0 410861 35 0 0 104 0
298 451075 L 0 0 0 0 35 0 0 9 0 450966 0 0 0 0 0 54 0 1 0 0 10
299 487514 V 53 0 0 53 0 3 0 0 0 131 36 0 0 0 0 0 0 487238 0 0 0
300 513254 G 26 0 0 96 0 512865 0 1 0 0 0 0 0 0 72 0 0 108 0 0 86
301 535769 I 0 0 0 0 0 0 0 535454 35 49 118 1 0 0 1 1 51 59 0 0 0
302 571597 D 1 0 571163 122 0 73 39 0 0 0 0 38 0 0 0 0 0 45 0 116 0
303 609052 P 21 0 0 0 0 0 152 0 0 34 0 0 608671 0 19 42 113 0 0 0 0
304 637029 F 0 2 0 0 636520 1 0 34 0 314 0 0 0 0 0 104 0 4 0 50 0
305 662052 K 0 0 0 103 2 0 0 40 661731 1 0 80 0 2 64 0 2 0 0 0 27
306 687264 L 0 0 0 0 0 0 0 0 0 686919 156 0 140 22 4 0 1 22 0 0 0
307 722840 L 0 0 0 0 43 0 34 127 0 722507 0 0 107 1 8 0 0 13 0 0 0
308 758481 Q 0 0 0 40 0 0 31 0 211 45 0 0 2 757978 125 0 0 0 0 0 49
309 787583 N 0 0 79 0 0 0 3 41 192 0 0 787118 0 0 0 113 20 0 0 17 0
310 820882 S 0 43 0 0 0 106 0 218 0 0 0 143 0 0 238 820095 39 0 0 0 0
311 846038 Q 0 0 0 31 0 0 25 0 193 45 0 0 9 845512 93 0 0 0 0 0 130
312 880673 V 66 0 0 61 0 7 0 66 0 255 0 0 0 0 0 0 0 880218 0 0 0
313 913674 Y 0 105 2 0 89 0 104 0 0 0 0 58 0 2 0 10 0 0 0 913020 284
314 945788 S 0 31 0 0 0 205 0 291 0 0 0 77 0 0 254 944894 36 0 0 0 0
315 971178 L 0 0 0 0 0 0 0 230 1 970650 0 0 175 69 4 0 0 49 0 0 0
316 998671 I 0 0 0 0 49 0 0 998316 0 5 49 67 0 0 0 2 97 86 0 0 0
317 1016536 R 0 0 0 0 0 300 0 278 86 1 0 0 0 0 1015729 60 54 0 0 0 28
318 1036038 P 47 0 0 0 0 0 0 0 0 173 0 0 1035292 250 27 98 151 0 0 0 0
319 1056348 N 0 0 85 0 0 1 7 56 255 0 0 1055739 0 0 0 144 2 0 0 59 0
320 1074542 E 2 0 329 1073479 0 136 0 0 163 0 0 0 0 48 0 0 1 107 0 1 276
321 1082390 N 0 0 92 0 0 0 3 64 76 0 0 1081995 0 0 0 115 1 0 0 44 0
322 1090245 P 39 0 0 0 0 0 0 0 1 170 0 0 1089414 234 52 74 261 0 0 0 0
323 1096666 A 1095614 0 0 349 0 43 0 0 2 0 0 0 47 0 0 272 140 199 0 0 0
324 1108864 H 0 0 30 0 0 0 1107826 1 0 154 0 265 13 300 140 0 0 0 0 135 0
325 1110008 K 0 0 0 209 0 0 0 0 1109192 0 65 301 0 9 181 0 12 0 0 0 39
326 1110779 S 0 67 0 0 0 138 0 152 0 0 0 97 0 0 111 1110190 24 0 0 0 0
327 1105569 Q 0 0 0 68 0 0 390 0 290 32 0 0 11 1104394 245 0 0 0 0 1 138
328 1095601 L 0 0 0 0 0 0 0 0 0 1095038 295 0 140 68 5 0 0 55 0 0 0
329 1095149 V 128 0 0 59 0 7 0 0 0 182 77 0 0 0 0 0 0 1094696 0 0 0
330 1101213 W 0 290 0 0 0 5 0 0 0 281 0 0 0 0 174 49 0 0 1100204 0 210
331 1093506 M 0 0 0 0 0 0 0 489 99 112 1092567 0 0 0 5 0 96 138 0 0 0
332 1091690 A 1090627 0 0 323 0 70 0 0 1 0 0 0 45 0 0 204 194 226 0 0 0
333 1093767 C 0 1092559 0 0 283 9 0 0 0 1 0 0 0 0 259 109 0 1 48 259 239
334 1086874 N 0 0 181 0 0 0 10 64 56 0 0 1086395 0 0 0 112 6 0 0 50 0
335 1077255 S 7 43 0 0 78 0 0 1 0 0 0 0 97 0 0 1076659 71 0 0 299 0
336 1070156 A 1069051 0 304 0 0 36 0 0 0 0 0 0 48 0 0 316 265 136 0 0 0
337 1063379 A 1062413 0 1 291 0 57 0 0 0 0 0 0 46 0 0 273 158 140 0 0 0
338 1059464 F 0 5 0 0 1059072 0 0 44 0 176 0 0 0 0 0 126 0 2 0 39 0
339 1061146 E 8 0 98 1060344 0 162 1 0 88 2 0 0 0 71 0 0 0 73 0 0 299
340 1046855 D 4 0 1046206 60 0 132 37 0 0 0 0 66 0 0 0 0 0 100 0 250 0
341 1042105 L 0 0 0 1 0 0 0 197 1 1041577 0 0 188 80 6 0 0 55 0 0 0
342 1039337 R 0 0 0 0 0 121 0 228 41 0 0 0 0 0 1038740 88 70 0 0 0 49
343 1034308 V 107 0 2 82 0 6 0 66 0 264 0 0 0 0 0 0 0 1033781 0 0 0
344 1033643 L 0 0 0 0 97 0 0 91 1 1033264 0 0 0 0 1 75 0 6 0 0 108
345 1039422 S 0 38 0 0 1 96 0 204 0 0 0 40 0 0 355 1038669 19 0 0 0 0
346 1040667 F 0 4 0 0 1039850 0 0 21 0 560 0 0 0 0 0 128 0 8 0 96 0
347 1036614 I 0 0 0 0 96 0 0 1036072 1 4 73 77 0 0 0 1 115 175 0 0 0
348 1027422 R 0 0 0 0 0 225 0 242 73 0 0 0 0 0 1026633 69 89 0 0 0 91
349 1034770 G 27 0 0 90 0 1034176 0 0 0 0 0 0 0 0 120 0 0 159 198 0 0
350 1035906 T 154 0 1 0 0 0 0 110 1 0 0 96 8 0 0 137 1035399 0 0 0 0
351 1033388 K 0 0 0 98 0 0 0 48 1033027 0 0 60 0 7 96 0 5 0 0 0 47
352 1031853 V 106 0 0 58 0 6 0 65 0 79 0 0 0 0 0 1 0 1031536 0 2 0
353 1044091 S 0 37 0 0 64 0 0 0 0 0 0 0 114 0 0 1043600 67 0 0 209 0
354 1041431 P 26 0 0 0 0 0 0 0 1 100 0 0 1040776 207 55 76 190 0 0 0 0
355 1037144 R 0 0 0 1 0 133 0 0 108 4 337 0 0 0 1036280 177 56 0 48 0 0
356 1045252 G 40 0 0 111 0 1044646 0 0 0 0 0 0 0 0 119 0 0 158 178 0 0
357 1031965 K 0 0 0 90 0 0 0 69 1031524 0 0 107 0 2 124 0 4 0 0 0 45
358 1036564 L 0 0 0 0 60 0 36 53 0 1036188 0 0 203 0 7 0 6 11 0 0 0
359 1050336 S 9 45 0 0 98 0 0 0 0 0 0 0 132 0 0 1049728 105 0 0 219 0
360 1067069 T 149 0 0 0 0 0 0 61 0 0 0 310 6 0 0 153 1066390 0 0 0 0
361 1052337 R 0 0 0 0 0 137 0 278 56 1 0 0 1 0 1051644 57 75 0 0 0 88
362 1062256 G 41 0 0 66 0 1061508 0 0 0 0 0 0 0 0 127 0 0 274 0 0 240
363 1067924 V 178 0 0 84 0 7 0 92 1 257 0 0 0 0 0 0 0 1067305 0 0 0
364 1074516 Q 0 0 0 36 0 0 80 1 160 55 0 0 7 1073930 148 0 0 0 0 0 99
365 1081860 I 0 0 0 0 71 0 0 1081515 0 6 6 55 0 0 0 5 116 86 0 0 0
366 1094302 A 1093422 0 297 2 0 25 0 0 0 0 0 0 34 0 0 305 142 75 0 0 0
367 1094618 S 11 0 0 0 3 0 0 0 6 92 0 0 115 0 0 1093918 120 0 1 0 352
368 1085005 N 0 0 112 0 0 0 6 31 71 0 0 1084645 0 0 0 89 5 0 0 46 0
369 1092825 E 3 0 30 1092118 0 131 0 0 126 0 0 0 0 69 0 0 0 70 0 0 278
370 1089438 N 0 0 133 0 0 1 6 84 210 0 0 1088723 0 0 0 104 151 0 0 26 0
371 1093771 M 0 0 0 0 0 0 0 469 60 99 1092900 0 0 0 4 0 107 132 0 0 0
372 1099908 D 3 0 1099308 111 0 151 48 0 0 0 0 66 0 0 0 0 0 72 0 149 0
373 1102523 A 1101651 0 291 2 1 56 0 0 0 0 0 0 43 0 0 287 109 83 0 0 0
374 1106505 M 0 0 0 0 0 0 0 488 96 140 1105535 0 0 0 6 0 125 115 0 0 0
375 1102323 E 3 0 74 1101619 0 156 0 0 97 0 0 0 0 40 0 0 0 86 0 0 248
376 1101794 S 3 0 0 0 0 0 0 0 0 83 0 0 119 0 0 1101170 67 0 0 0 352
377 1092819 S 0 92 0 0 0 124 0 147 0 0 0 67 0 0 115 1092247 27 0 0 0 0
378 1085787 T 95 0 0 0 0 0 0 105 0 0 0 192 6 0 0 118 1085271 0 0 0 0
379 1086751 L 0 0 0 0 65 0 79 294 0 1086028 0 0 209 0 20 0 0 56 0 0 0
380 1076582 E 5 0 77 1075792 0 133 0 0 133 5 0 0 0 55 0 0 0 97 0 0 285
381 1074325 L 0 0 0 0 0 0 0 0 0 1073861 197 0 191 28 10 0 0 38 0 0 0
382 1070697 R 0 0 0 0 0 206 0 40 75 0 0 0 0 0 1070209 63 32 0 0 0 72
383 1069610 S 0 21 0 0 0 124 0 306 0 0 0 88 0 0 331 1068694 46 0 0 0 0
384 1065568 R 0 0 0 0 0 308 0 0 56 0 178 1 0 0 1064775 138 29 0 83 0 0
385 1062069 Y 0 116 5 0 84 0 102 0 0 1 0 114 0 0 0 5 0 0 0 1061444 198
386 1061386 W 0 208 0 0 0 9 0 0 0 239 0 0 0 0 206 49 0 0 1060414 0 261
387 1055414 A 1054436 0 269 0 0 49 0 0 0 0 0 0 55 0 0 227 180 198 0 0 0
388 1042688 I 0 0 0 0 0 0 0 1042128 50 123 177 0 0 0 1 0 74 135 0 0 0
389 1040864 R 1 0 0 0 0 170 0 243 72 0 0 0 0 0 1040212 70 46 0 0 0 50
390 1034091 T 122 0 0 0 0 0 0 97 1 0 0 110 5 0 0 102 1033654 0 0 0 0
391 1041851 R 0 0 0 1 0 208 0 145 59 0 0 0 0 0 1041273 64 43 0 0 0 58
392 1038512 S 0 42 0 0 0 118 0 179 0 0 0 72 0 0 97 1037983 21 0 0 0 0
393 1043954 G 41 0 0 51 0 1043128 0 0 0 0 0 0 0 0 183 1 0 309 0 0 241
394 1041791 G 67 0 1 82 0 1041032 0 0 6 0 0 0 0 0 173 0 0 238 0 0 192
395 1034865 N 0 0 158 0 0 0 2 54 196 0 0 1034211 0 0 0 111 69 0 0 64 0
396 1030918 T 116 0 0 0 0 0 0 57 0 0 0 222 11 0 1 132 1030379 0 0 0 0
397 1031624 N 0 0 115 0 0 0 3 43 85 0 0 1031273 0 0 0 86 6 0 0 13 0
398 1022927 Q 0 0 0 48 0 0 69 0 287 63 0 0 8 1022224 143 0 0 0 0 0 85
399 1015179 Q 0 0 0 37 0 0 244 0 257 62 0 0 8 1014325 160 0 0 0 0 0 86
400 1008921 R 0 0 0 0 0 197 0 0 89 0 94 0 0 0 1008348 102 19 0 72 0 0
401 1012558 A 1011827 0 198 1 0 40 0 0 0 0 0 0 45 0 2 179 106 160 0 0 0
402 1007840 S 4 57 0 0 47 0 0 0 2 1 0 0 146 0 1 1007443 61 0 0 78 0
403 1001793 A 1000635 0 0 269 0 47 0 0 0 0 0 0 56 0 0 281 156 349 0 0 0
404 1005870 G 33 221 108 0 0 1005293 0 0 0 0 0 0 0 0 42 56 1 116 0 0 0
405 1025927 Q 0 0 0 49 0 0 67 0 239 50 0 0 14 1025248 134 0 0 0 0 0 126
406 1018752 I 0 0 0 0 70 0 0 1018387 0 4 29 62 0 0 0 4 106 90 0 0 0
407 1031501 S 0 47 0 0 0 196 0 248 0 0 0 81 0 1 143 1030747 38 0 0 0 0
408 1033637 V 201 0 0 138 0 12 0 0 0 257 108 0 0 0 0 0 0 1032921 0 0 0
409 1036778 Q 0 0 0 57 0 0 119 0 216 33 0 0 7 1035789 144 1 0 0 0 0 412
410 1037260 P 21 1 0 0 0 0 230 0 0 72 0 0 1036672 0 31 108 124 1 0 0 0
411 1049383 A 1048242 0 0 286 0 47 0 0 0 0 0 0 39 0 0 261 339 168 0 0 1
412 1057365 F 0 1 0 0 1056993 0 0 94 0 121 0 0 0 0 0 129 0 6 0 21 0
413 1062585 S 3 42 0 0 77 0 0 0 0 0 0 0 109 0 0 1062055 42 0 0 257 0
414 1067743 V 191 0 0 172 0 9 0 1 0 333 212 0 0 0 0 1 0 1066824 0 0 0
415 1079310 Q 0 0 0 76 0 0 49 0 290 62 0 0 6 1078535 143 0 0 1 0 0 148
416 1080253 R 0 0 0 0 0 160 0 155 60 0 0 0 0 0 1079724 59 59 0 0 0 36
417 1089815 N 0 0 141 0 0 0 4 66 128 0 0 1089294 0 0 0 108 29 0 0 45 0
418 1098796 L 0 0 0 0 96 0 84 186 0 1098191 0 0 206 0 2 0 0 31 0 0 0
419 1102877 P 47 0 0 0 0 0 3 0 2 103 0 0 1102067 238 48 118 251 0 0 0 0
420 1103939 F 0 2 0 0 1103529 0 0 48 0 188 0 0 0 0 0 111 0 5 0 56 0
421 1115835 D 5 0 1114716 254 8 175 53 0 1 0 0 176 0 0 0 0 0 132 0 315 0
422 1116324 K 0 0 0 141 0 0 0 58 1115904 0 0 83 0 3 96 0 6 0 0 0 33
423 1110575 P 36 0 0 0 0 2 0 0 0 88 0 0 1109911 260 42 72 164 0 0 0 0
424 1111759 T 133 0 0 1 0 0 0 113 0 0 0 169 4 0 0 93 1111246 0 0 0 0
425 1114753 I 0 0 0 0 85 0 0 1114221 0 6 78 109 0 0 0 6 141 107 0 0 0
426 1103844 M 0 0 0 0 0 0 0 478 89 86 1102945 0 0 0 4 0 122 120 0 0 0
427 1099242 A 1098153 0 0 326 0 66 0 0 0 0 0 0 35 0 0 228 187 247 0 0 0
428 1081850 A 1080864 0 0 278 0 40 0 0 0 0 0 0 42 0 0 267 176 183 0 0 0
429 1066815 F 0 10 0 0 1066093 1 0 45 0 477 0 0 0 0 0 93 0 3 0 93 0
430 1049395 T 145 0 0 0 0 0 0 84 0 0 0 261 15 0 0 139 1048751 0 0 0 0
431 1028329 G 36 0 0 121 0 1027631 0 0 1 0 0 0 0 0 176 0 0 170 194 0 0
432 1010041 N 0 0 145 0 0 0 3 67 51 0 0 1009568 0 0 0 136 1 0 0 70 0
433 995402 T 183 0 0 0 0 0 0 203 257 0 0 0 9 0 31 135 994584 0 0 0 0
434 973132 E 7 0 315 972113 0 174 0 0 68 0 0 1 0 77 0 0 0 62 0 0 315
435 948535 G 49 0 0 170 0 947734 0 0 0 1 0 0 0 0 156 0 0 253 1 1 170
436 923998 R 0 0 0 0 0 148 0 258 105 0 1 0 0 0 923316 48 53 0 0 0 69
437 891600 T 110 0 0 0 0 0 0 84 133 0 0 0 3 0 26 67 891177 0 0 0 0
438 867568 S 3 0 0 0 0 0 0 0 0 80 0 0 82 0 0 867057 53 1 0 0 292
439 846149 D 5 0 845425 216 0 116 45 0 0 0 0 83 0 0 0 0 0 72 0 187 0
440 820162 M 0 0 0 0 0 0 0 394 39 58 819456 0 0 0 3 0 98 114 0 0 0
441 795897 R 0 0 0 0 0 140 0 0 98 0 257 0 0 0 795164 141 36 0 61 0 0
442 768498 A 767748 0 0 209 0 42 0 0 1 0 0 0 37 0 0 165 164 132 0 0 0
443 747482 E 0 0 35 747074 0 70 0 0 64 0 0 0 0 31 0 0 0 39 0 0 169
444 723500 I 0 0 0 0 22 0 0 723298 0 2 2 33 0 0 0 2 76 65 0 0 0
445 694342 I 0 0 0 0 0 0 0 693955 60 51 137 0 0 0 2 0 69 68 0 0 0
446 665405 R 0 0 0 0 0 120 0 0 43 0 215 0 0 0 664792 164 29 0 42 0 0
447 640009 M 0 0 0 0 0 0 0 282 45 54 639501 0 0 0 3 0 54 70 0 0 0
448 612390 M 0 0 0 0 0 0 0 247 75 67 611837 0 0 0 1 0 75 88 0 0 0
449 579668 E 1 0 56 579240 0 124 0 0 62 2 0 0 0 35 0 0 0 33 0 0 115
450 551894 G 14 176 65 0 0 551447 0 0 0 0 0 0 0 0 23 72 0 97 0 0 0
451 520385 A 519565 0 0 111 0 26 0 0 2 1 0 1 18 0 0 127 293 241 0 0 0
452 485145 K 0 0 0 42 0 0 0 20 484984 0 0 43 0 2 40 0 0 0 0 0 14
453 451669 P 11 0 0 0 0 0 1 0 0 38 0 0 451442 100 17 24 36 0 0 0 0
454 424549 E 1 0 26 424271 0 37 0 0 21 0 0 0 0 25 0 0 0 17 0 0 151
455 382965 E 2 0 33 382702 0 44 0 0 30 0 0 0 0 20 0 0 0 16 0 0 118
456 347633 M 0 1 0 0 0 1 0 111 25 16 347400 0 0 0 3 0 38 38 0 0 0
457 326524 S 5 22 0 0 30 0 0 0 0 0 0 0 44 0 0 326322 38 0 0 63 0
458 307018 F 0 3 0 0 306722 0 0 21 0 157 0 0 0 0 0 57 0 2 0 56 0
459 289018 Q 0 0 0 20 0 0 101 0 128 23 0 0 9 288522 178 0 0 0 1 0 36
460 268469 G 10 0 0 48 0 268323 0 0 0 0 0 0 0 0 4 0 0 79 5 0 0
461 253106 R 0 0 0 3 0 7 0 0 0 121 0 0 15 97 252781 1 0 0 81 0 0
462 238177 G 13 0 0 38 0 237900 0 0 1 0 0 0 0 0 78 0 0 50 0 0 97
463 208730 V 18 0 11 0 43 1 0 23 0 9 0 0 0 0 0 0 0 208625 0 0 0
464 573579 F 0 2 0 0 573140 0 0 40 0 268 0 0 0 0 0 77 0 14 0 38 0
465 588564 E 1 0 219 587863 0 84 1 0 111 0 0 0 0 50 0 0 0 13 0 0 222
466 627527 L 0 0 0 0 44 0 7 145 0 627223 0 0 87 0 5 0 0 16 0 0 0
467 673726 S 3 0 0 0 0 0 0 0 0 161 0 0 102 0 0 673285 18 1 21 0 135
468 704986 D 1 0 704432 87 0 151 44 0 0 0 0 68 0 0 0 0 0 45 0 158 0
469 766057 E 1 0 48 765403 0 110 0 0 127 0 0 1 0 48 0 0 0 49 0 0 270
470 814729 R 0 0 0 0 0 144 0 0 68 0 239 0 0 0 814035 188 21 0 34 0 0
471 865984 A 865233 0 0 182 0 30 0 0 0 0 0 0 23 0 0 187 107 222 0 0 0
472 932258 A 931410 0 0 180 0 22 0 0 0 0 0 0 31 0 0 279 88 248 0 0 0
473 973568 N 0 0 78 0 0 0 3 60 122 0 0 973149 0 0 0 98 1 0 0 57 0
474 1021884 P 24 0 0 0 0 0 0 0 0 155 1 0 1021226 201 30 76 171 0 0 0 0
475 1057944 I 0 0 0 0 88 0 0 1057541 0 5 30 93 0 0 0 3 93 91 0 0 0
476 1064001 V 191 0 1 69 0 12 0 0 0 280 283 0 0 0 0 1 0 1063164 0 0 0
477 1087610 P 44 0 0 0 0 0 158 0 0 110 0 0 1086976 0 21 135 166 0 0 0 0
478 1115114 S 5 53 0 0 76 0 0 0 0 0 0 0 155 0 0 1114682 40 0 0 102 1
479 1136452 F 0 5 0 0 1136104 0 0 27 0 178 0 0 0 0 0 86 0 8 0 44 0
480 1142724 D 12 0 1141473 285 11 210 69 0 0 0 0 123 0 0 0 0 0 162 0 379 0
481 1159135 M 0 0 0 0 1 0 0 682 50 85 1157979 0 0 0 12 0 140 186 0 0 0
482 1153950 S 0 116 0 0 0 171 0 293 0 0 0 103 0 0 134 1153086 47 0 0 0 0
483 1175356 N 0 0 102 0 0 0 8 92 83 0 0 1174933 0 0 0 90 6 0 0 42 0
484 1176709 E 6 0 71 1175821 0 110 0 0 126 0 0 0 0 99 0 0 1 111 0 0 364
485 1175235 G 49 0 0 71 0 1174345 0 0 0 0 0 0 0 0 115 1 0 336 0 0 318
486 1173689 S 2 26 0 0 73 0 0 0 0 0 0 0 121 0 0 1173255 85 0 0 127 0
487 1171695 Y 0 95 6 0 49 0 188 2 0 0 0 22 0 0 0 1 1 0 0 1171258 73
488 1165787 F 0 3 0 0 1165062 0 0 77 0 439 0 0 0 0 0 123 0 1 0 82 0
489 1167466 F 0 5 0 0 1166722 0 0 35 0 526 0 0 0 0 0 106 0 10 0 62 0
490 1163894 G 67 0 0 89 0 1162848 0 0 0 0 0 0 0 0 330 0 0 274 0 0 286
491 1163579 D 5 0 1162552 194 0 174 74 0 0 0 0 106 0 0 0 0 0 127 0 347 0
492 1161013 N 0 0 157 0 0 0 10 66 90 0 0 1160548 0 0 0 95 3 0 0 44 0
493 1160931 A 1159729 0 0 275 0 56 0 0 0 0 0 0 64 0 0 368 196 243 0 0 0
494 1159052 E 8 0 383 1157927 0 171 0 0 86 0 0 0 0 73 0 0 0 74 0 0 330
495 1154886 E 10 0 316 1153951 0 165 0 0 75 0 0 0 0 55 0 0 0 66 1 0 247
496 1111760 Y 0 227 6 0 78 0 140 0 0 0 0 86 0 0 0 4 0 0 0 1111016 203
497 1143443 D 5 0 1142225 227 0 216 76 0 1 0 0 238 0 0 0 0 0 166 0 289 0
498 1131193 N 0 0 132 1 0 0 7 79 83 0 0 1130702 0 0 2 98 2 1 0 86 0
