# amino-acid counts among definitively called codons
# POSITION TOTAL_COUNTS WT N_A N_C N_D N_E N_F N_G N_H N_I N_K N_L N_M N_N N_P N_Q N_R N_S N_T N_V N_W N_Y N_STOP
1 1814099 M 0 0 0 0 0 0 0 671 191 147 1812491 0 0 0 6 0 240 353 0 0 0
2 1816518 A 1814837 0 0 391 0 99 0 0 0 0 0 0 35 0 0 202 143 811 0 0 0
3 1819759 S 53 76 0 3 239 0 323 74 0 481 8 430 468 101 2 1816228 1000 21 0 252 0
4 1823794 Q 368 25 27 78 966 68 380 1180 599 765 215 1079 59 1814395 416 1001 1499 358 4 65 247
5 1827224 G 179 499 345 0 0 1825233 3 0 0 3 0 5 8 0 260 433 2 245 0 9 0
6 1830208 T 394 0 0 0 1 0 0 177 2 0 0 173 16 0 0 163 1829282 0 0 0 0
7 1834833 K 0 0 0 223 0 0 0 99 1834000 0 0 191 0 25 206 1 11 0 0 0 77
8 1841433 R 0 0 0 0 0 48 0 0 0 315 0 0 41 353 1840182 0 0 0 494 0 0
9 1842808 S 209 104 0 0 150 0 0 0 0 84 7 34 264 36 0 1841292 211 1 0 406 10
10 1848230 Y 30 366 42 23 71 1 566 112 12 48 0 31 41 79 1 155 3 45 14 1846355 235
11 1848540 E 60 0 179 1846952 0 348 0 0 340 0 0 0 0 113 0 2 1 144 0 0 401
12 1848880 Q 568 60 6 132 9 5 744 4 1543 330 23 102 90 1842147 602 1579 573 24 2 37 300
13 1838015 M 0 0 0 1 0 1 0 687 168 151 1836489 0 0 1 22 14 234 245 0 0 2
14 1821979 E 7 0 91 1820643 0 376 0 4 227 16 0 6 0 101 102 0 1 104 0 1 300
15 1814183 T 234 0 0 0 0 11 4 144 0 45 0 301 61 0 1 169 1813204 9 0 0 0
16 1804006 D 13 1 1802386 256 0 425 108 0 0 0 0 262 2 1 0 0 2 159 0 391 0
17 1771103 G 173 13 1 261 0 1768995 1 2 146 2 1 17 179 65 328 82 130 302 405 0 0
18 1746026 E 119 14 122 1742602 3 721 57 58 400 1 4 25 680 260 4 279 247 168 0 0 262
19 1703458 R 3 477 0 0 0 45 673 0 0 388 0 0 88 0 1701500 265 5 0 0 0 14
20 1662909 Q 0 0 0 81 0 5 477 0 283 168 0 0 2263 1658724 628 0 1 0 0 0 279
21 1605787 N 13 2 180 0 0 6 147 115 360 63 1 1601893 24 8 193 651 1901 137 0 91 2
22 1530548 A 1525130 3 0 374 0 79 36 1 314 17 0 2 216 26 1694 509 1115 1032 0 0 0
23 1482055 T 424 0 1 0 5 174 45 90 33 41 2 396 25 290 22 2568 1477919 7 3 10 0
24 1418885 E 19 0 381 1416826 1 290 0 8 279 7 11 0 0 274 3 27 153 287 1 1 317
25 1328467 I 2 0 32 0 90 0 6 1327749 0 7 74 82 58 8 0 7 154 187 0 0 11
26 1251624 R 0 0 0 0 0 369 0 319 175 0 7 2 12 0 1250506 66 70 0 0 1 97
27 1166710 A 1165179 3 0 321 0 66 11 1 54 0 0 0 32 2 192 302 177 345 0 0 25
28 1119398 S 58 216 0 0 103 548 9 0 385 2 0 1990 161 0 135 1115471 94 4 0 218 4
29 1074266 V 128 16 95 0 161 3 0 673 0 29 0 1 0 0 0 0 0 1073158 0 0 2
30 491379 G 29 0 0 75 0 490832 1 0 0 1 0 2 0 0 191 4 0 100 144 0 0
31 488503 K 4 6 0 74 0 1 2 0 488103 0 35 119 0 4 117 1 7 0 0 0 30
32 487285 M 0 0 1 0 0 3 0 205 28 51 486835 0 0 0 2 0 65 93 0 0 2
33 510552 I 0 1 0 1 28 27 0 510264 3 1 4 39 0 0 0 5 48 129 0 0 2
34 532377 D 362 1 530608 59 31 312 67 113 0 277 1 90 0 0 17 63 90 155 0 131 0
35 556517 G 36 0 0 67 0 556050 2 0 2 1 0 3 2 0 124 0 2 116 0 0 112
36 583250 I 0 0 0 0 26 0 0 583011 0 20 4 28 0 0 0 7 37 102 0 0 15
37 607786 G 36 0 0 75 3 607345 0 0 0 0 0 0 3 3 126 0 0 87 0 0 108
38 635668 R 0 0 0 0 0 32 3 1 0 143 0 0 18 119 635158 0 0 0 0 0 194
39 657950 F 94 80 0 0 657180 1 0 52 0 324 45 0 12 0 0 67 18 16 0 61 0
40 681043 Y 0 135 12 0 66 0 375 0 0 0 0 65 0 0 2 7 0 3 1 680198 179
41 702659 I 11 0 0 1 61 170 86 699189 1 1970 49 97 17 69 27 12 807 91 0 0 1
42 724345 Q 0 0 0 33 0 3 20 1 165 52 0 0 11 723877 92 0 1 0 0 1 89
43 747878 M 3 0 0 0 1 0 0 309 35 68 747313 7 1 0 8 0 64 69 0 0 0
44 778517 C 4 777632 2 0 170 18 0 0 0 35 8 0 6 0 133 136 8 18 37 144 166
45 798513 T 140 39 0 0 0 2 0 67 0 33 0 165 13 0 11 126 797730 187 0 0 0
46 817573 E 6 0 82 816943 0 119 0 21 108 2 5 0 20 50 0 1 14 35 0 3 164
47 837650 L 0 11 0 0 70 0 34 128 1 837220 1 1 135 1 23 0 0 22 0 0 3
48 856673 K 3 0 0 122 4 0 0 28 856161 3 0 108 7 3 91 15 48 8 0 0 72
49 865834 L 6 1 0 0 80 0 46 146 0 865294 0 0 190 4 13 3 7 37 3 0 4
50 877913 S 1292 458 12 42 13 1986 69 99 35 60 0 311 573 168 184 871976 602 32 0 1 0
51 894676 D 35 0 893871 69 1 151 37 11 0 2 0 123 18 4 12 1 39 78 0 208 16
52 914415 Y 39 174 7 1 92 47 118 19 1 80 0 30 1 1 4 321 178 10 5 913182 105
53 931404 E 21 0 497 930073 0 292 1 0 128 1 0 1 0 70 4 19 1 81 3 0 212
54 945938 G 402 0 1 176 1 944452 2 4 1 4 4 77 11 4 381 85 24 125 174 0 10
55 953183 R 4 12 2 0 0 79 6 1 2 329 5 0 44 239 951965 90 13 0 0 0 392
56 963037 L 2 0 1 1 0 6 12 26 1 962030 99 2 260 66 18 83 301 129 0 0 0
57 974832 I 6 0 0 0 110 1 0 973258 0 731 45 79 1 3 10 16 164 408 0 0 0
58 986505 Q 1 0 1 46 0 6 276 0 178 87 0 64 33 985376 238 1 0 0 0 2 196
59 987636 N 9 2 132 2 0 3 31 90 179 1 0 986924 3 0 1 169 14 4 0 70 2
60 986683 S 0 29 0 0 0 185 0 208 1 15 21 97 0 0 295 985789 41 1 0 0 1
61 999736 L 25 9 4 2 91 0 2 827 3 997577 25 1 5 0 5 157 1 830 13 8 151
62 1015016 T 280 3 0 1 0 0 0 91 138 6 0 51 23 4 36 1080 1013295 2 0 5 1
63 1025291 I 3 3 0 0 0 1 0 1024526 83 74 221 1 3 0 2 1 137 235 0 0 1
64 1035520 E 6 0 296 1034423 1 192 0 4 73 32 0 0 1 81 6 0 0 64 0 2 339
65 1035948 R 0 0 0 0 0 156 0 246 161 1 0 70 0 0 1035108 85 52 0 0 0 69
66 1039373 M 1 0 0 1 0 0 0 453 71 58 1038538 3 1 0 5 0 96 134 0 0 12
67 1034460 V 148 0 0 159 0 74 0 49 0 171 159 0 4 0 0 1 0 1033695 0 0 0
68 1040557 L 1 1 0 0 130 0 94 499 0 1039528 0 5 136 4 24 1 1 133 0 0 0
69 1034192 S 21 60 0 0 85 6 10 0 0 0 0 2 216 0 0 1033499 106 0 0 179 8
70 1020576 A 1018833 3 214 0 0 66 0 7 0 5 0 0 31 0 0 410 869 118 1 0 19
71 1016246 F 0 9 0 1 1015336 0 10 45 0 230 0 9 3 5 1 140 4 35 6 412 0
72 1002516 D 10 2 1001571 235 2 215 66 0 0 0 1 132 0 0 2 0 1 92 0 180 7
73 997993 E 240 702 47 992752 223 360 83 38 300 1348 0 1 0 545 31 106 190 396 21 366 244
74 1002942 R 14 0 0 0 3 222 0 247 495 24 4 2 1 0 1001720 84 61 0 0 0 65
75 1001769 R 0 1 0 0 0 167 0 6 146 0 233 0 0 0 1000826 276 41 0 70 0 3
76 997386 N 5 0 154 0 0 0 12 73 120 81 1 996393 3 3 4 221 27 211 0 71 7
77 985618 K 101 811 5 164 2 17 42 85 982679 76 0 103 0 180 579 295 173 261 0 4 41
78 985145 Y 0 93 3 0 135 0 413 0 1 0 0 81 0 0 0 8 0 0 0 984319 92
79 984811 L 16 0 10 2 0 0 0 50 0 984064 221 0 250 107 19 0 18 34 0 0 20
80 980515 E 83 1 120 978994 28 166 73 62 90 2 0 4 0 58 20 373 67 131 8 19 216
81 972915 E 12 83 157 971572 12 378 2 21 127 4 1 30 1 71 12 45 13 121 30 19 204
82 965558 H 24 7 30 7 87 3 960832 57 81 164 126 357 9 1456 736 499 144 68 59 808 4
83 964457 P 274 79 0 0 14 298 212 32 1 123 3 12 962564 102 67 330 248 85 0 11 2
84 975130 S 688 24 0 6 3 722 126 281 10 503 39 296 20 12 327 971752 34 277 0 1 9
85 969463 A 966293 31 4 198 0 209 130 427 0 1 0 27 241 17 176 403 937 158 2 207 2
86 967459 G 79 7 0 146 34 962943 1175 13 138 411 35 464 104 387 496 194 503 149 172 5 4
87 969672 K 1 0 0 350 0 2 0 0 968608 0 79 311 0 5 181 2 9 0 0 8 116
88 972240 D 5 182 967894 99 0 116 32 0 1 2 0 3155 0 0 1 494 0 63 0 186 10
89 973379 P 714 50 7 0 279 101 271 2 2 119 0 12 971118 2 80 225 176 4 81 107 29
90 979681 K 105 5 4 153 0 319 336 32 973945 732 81 406 0 37 2950 66 460 19 0 17 14
91 979403 K 0 0 0 123 0 0 4 25 978544 1 0 32 0 2 605 5 6 0 0 0 56
92 971986 T 103 0 1 0 0 0 0 47 0 0 0 153 49 0 1 85 971547 0 0 0 0
93 972707 G 50 0 0 109 0 972032 0 0 1 1 0 0 0 0 221 0 17 97 0 2 177
94 973618 G 35 0 0 117 0 972955 0 0 0 0 0 0 1 0 176 0 0 169 0 0 165
95 968722 P 98 0 0 0 0 0 219 0 0 114 0 1 967959 0 18 187 109 0 0 0 17
96 964598 I 0 2 0 0 0 0 0 963688 79 221 168 0 2 0 7 0 122 305 0 0 4
97 958533 Y 0 154 11 0 121 2 151 1 0 3 0 64 0 0 1 8 0 0 0 957790 227
98 958206 K 0 8 24 210 0 0 3 0 957072 9 117 328 3 43 294 0 16 2 0 0 77
99 949933 R 65 0 0 0 0 191 2 199 158 1 0 7 0 0 949082 99 37 0 0 3 89
100 945144 V 880 129 0 432 12 63 3 201 4 337 182 308 421 57 64 194 8 941784 0 55 10
101 952097 D 15 0 951212 134 0 126 63 0 0 7 0 119 32 0 4 22 12 90 0 254 7
102 946375 R 1342 55 1 0 0 378 34 144 296 143 4 2 4 10 943590 170 55 1 29 61 56
103 953898 K 111 0 0 154 1 5 11 25 952654 3 26 163 1 17 506 15 40 109 2 3 52
104 954829 W 1 246 0 0 0 8 0 0 0 200 0 0 2 5 226 25 1 0 953842 0 273
105 947648 M 19 6 8 0 0 29 89 636 160 179 945696 0 0 113 21 122 184 368 0 6 12
106 935331 R 5 0 0 0 0 291 0 0 194 28 247 2 0 0 934317 123 28 1 95 0 0
107 930926 E 11 8 133 929754 0 157 0 0 547 0 0 0 0 59 1 4 0 53 0 0 199
108 932258 L 0 93 0 0 91 24 82 147 0 931366 0 0 385 2 15 11 4 35 0 0 3
109 926606 V 213 91 89 0 99 5 1 281 1 75 442 0 0 28 4 33 1 925243 0 0 0
110 918305 L 0 0 0 0 104 0 41 305 0 917651 0 0 135 0 12 0 18 36 0 0 3
111 913100 Y 13 141 2 1 73 0 272 350 0 240 44 84 0 0 0 14 575 61 0 911110 120
112 892407 D 21 37 891087 224 8 248 58 2 0 8 0 351 14 0 1 0 25 130 0 193 0
113 886210 K 0 0 0 113 0 0 0 34 885827 1 1 62 2 13 101 0 10 0 0 0 46
114 895830 E 1 2 122 895011 26 129 0 0 116 43 0 0 6 63 9 2 0 83 0 0 217
115 900585 E 4 0 51 899999 0 126 1 0 112 0 0 1 5 31 0 0 4 66 0 0 185
116 894953 I 5 35 0 0 3 0 0 894063 72 54 213 2 0 0 5 0 89 411 0 0 1
117 901171 R 10 0 0 1 6 201 0 44 183 5 200 3 3 14 900182 206 45 5 63 0 0
118 905245 R 0 4 0 0 0 51 4 0 1 218 0 1 32 206 904528 1 17 0 0 0 182
119 905098 I 69 16 0 0 25 0 0 904394 9 35 23 71 0 12 0 3 266 175 0 0 0
120 908724 W 0 164 0 0 1 26 0 0 0 170 0 0 0 0 299 41 0 0 907737 0 286
121 912372 R 2 355 0 1 0 82 404 17 26 203 1 0 49 1 910764 234 16 9 3 198 7
122 915464 Q 48 18 1 35 0 41 199 239 159 78 0 0 13 913601 185 3 521 193 0 0 130
123 909515 A 908604 11 182 10 0 52 0 0 0 0 1 0 44 0 0 235 222 152 1 1 0
124 919813 N 5 0 147 0 0 2 34 93 121 0 0 919284 0 0 0 92 11 0 1 21 2
125 931713 N 5 45 189 0 0 74 24 127 87 180 0 930325 0 0 145 359 25 0 3 125 0
126 923626 G 33 270 124 0 0 922549 19 7 80 148 0 7 2 9 61 156 35 103 0 7 16
127 927281 D 118 3 924437 199 106 236 210 108 10 110 0 326 20 26 12 564 1 303 0 492 0
128 928259 D 185 8 924509 136 4 222 60 10 203 554 56 571 1 44 74 453 724 194 2 247 2
129 943743 A 941675 4 0 249 0 420 0 1 53 8 154 0 45 1 63 285 538 232 0 4 11
130 948447 T 154 0 2 0 0 0 63 93 525 2 11 29 163 2 110 70 947170 3 0 0 50
131 953979 A 951317 0 247 0 2 31 15 0 19 0 0 16 1238 41 9 717 166 154 0 3 4
132 943164 G 26 237 119 0 0 942479 0 0 3 0 0 4 0 0 31 148 0 108 0 0 9
133 935866 L 0 0 0 1 0 0 0 249 10 934961 230 0 286 51 14 0 3 60 0 0 1
134 928353 T 265 3 1 0 0 0 2 81 0 0 0 172 12 0 0 160 927618 24 0 8 7
135 933346 H 0 1 52 1 0 1 932400 0 4 108 0 255 15 218 167 0 0 1 0 114 9
136 944643 M 0 4 0 1 3 40 0 900 83 469 942745 3 0 0 18 0 163 213 0 0 1
137 949927 M 0 1 0 0 0 0 1 369 105 65 949081 1 1 0 6 0 134 163 0 0 0
138 943826 I 0 0 0 0 75 0 6 943338 0 13 55 71 1 0 0 3 125 137 0 0 2
139 947991 W 0 204 0 0 0 43 0 0 0 224 0 0 8 0 420 43 0 0 946644 0 405
140 947650 H 1 0 66 0 0 0 946773 0 0 57 0 252 7 159 121 1 0 1 0 198 14
141 954309 S 19 42 0 0 107 2 0 2 0 0 7 1 214 0 0 953623 66 0 0 224 2
142 947013 N 0 0 147 0 0 0 11 43 71 1 0 946556 0 0 0 102 7 0 0 51 24
143 947041 L 0 0 2 0 291 0 0 0 0 946415 50 0 0 0 1 178 0 16 9 0 79
144 951886 N 8 10 184 0 2 0 13 37 96 0 5 951236 6 23 0 175 18 9 0 64 0
145 941576 D 13 0 940856 82 0 118 44 0 0 0 0 126 0 0 0 0 1 94 0 242 0
146 938358 T 807 3 0 9 0 2 0 149 165 2 0 0 9 0 36 1186 935985 0 0 0 5
147 940336 T 169 0 0 0 0 0 0 109 191 0 0 0 9 1 33 100 939724 0 0 0 0
148 932503 Y 0 149 4 0 67 1 116 0 0 0 0 41 0 0 2 4 7 0 0 931936 176
149 936424 Q 0 0 0 32 0 0 305 0 228 87 0 0 16 935361 253 0 0 15 0 0 127
150 930397 R 0 0 0 0 1 195 0 0 126 2 196 1 0 0 929598 189 43 0 46 0 0
151 926943 T 177 0 0 0 0 0 0 131 133 0 1 5 10 0 28 131 926325 1 0 0 1
152 930288 R 0 0 0 2 0 218 1 114 122 1 0 0 0 0 929650 32 45 0 0 0 103
153 935123 A 934360 1 192 0 2 31 17 8 0 1 0 9 39 2 9 271 81 70 0 1 29
154 943928 L 0 4 0 0 78 0 88 1112 0 942257 5 0 170 0 7 0 1 150 0 0 56
155 943667 V 178 2 101 6 171 40 0 257 16 58 0 17 0 2 8 15 2 942767 0 0 27
156 941589 R 15 269 0 0 0 39 363 0 0 160 0 2 52 0 940460 221 0 6 1 0 1
157 943376 T 417 104 7 0 2 4 0 764 0 73 15 114 8 3 5 346 940925 589 0 0 0
158 940558 G 100 233 352 0 0 939298 4 0 0 3 0 1 4 0 45 380 2 131 1 4 0
159 936626 M 0 0 0 0 0 5 0 424 49 1153 934628 0 0 0 7 1 145 205 0 0 9
160 947282 D 17 24 946572 94 3 156 41 1 0 0 0 124 9 2 3 0 2 51 0 183 0
161 945326 P 645 5 3 0 1 100 195 2 0 134 0 23 942874 11 82 968 180 101 0 1 1
162 951135 R 0 4 1 0 0 300 0 8 115 8 223 1 2 2 950152 247 44 2 22 0 4
163 951274 M 74 157 0 0 49 11 2 419 34 106 949591 25 0 0 7 3 498 291 0 7 0
164 949528 C 751 947163 0 0 216 18 0 40 4 4 153 250 2 0 143 129 29 61 38 318 209
165 939643 S 303 72 2 0 69 7 0 0 0 0 3 775 159 0 0 937974 82 0 0 195 2
166 941896 L 12 0 4 7 0 0 0 38 0 940902 458 2 273 130 14 3 8 45 0 0 0
167 952869 M 0 0 0 0 0 0 0 582 89 615 951288 0 1 0 14 0 149 117 7 1 6
168 959076 Q 361 0 0 54 0 1 277 0 181 62 1 0 24 957383 385 65 4 4 0 0 274
169 951948 G 35 158 121 1 2 951367 15 0 0 6 0 3 0 2 29 103 4 102 0 0 0
170 960543 S 10 13 0 0 1 2 3 0 0 318 2 0 94 4 0 959771 73 1 47 0 204
171 961876 T 194 2 0 0 0 2 0 92 0 0 2 186 10 0 0 129 961254 0 0 0 5
172 962816 L 0 2 0 0 64 0 101 246 0 962048 10 0 245 7 15 2 8 68 0 0 0
173 963623 P 90 13 0 0 1 2 293 1 4 69 0 4 962529 89 43 138 243 104 0 0 0
174 964752 R 0 0 0 0 0 151 0 0 75 19 219 0 0 0 963985 190 59 0 46 0 8
175 960875 R 0 0 0 0 0 195 3 1 1144 0 204 1 1 0 959091 120 22 11 78 0 4
176 973973 S 72 35 2 0 81 16 1 0 0 1 0 0 148 0 0 973372 85 0 0 148 12
177 987805 G 41 0 0 92 0 987140 0 0 1 0 0 1 0 1 223 5 0 139 0 1 161
178 1000461 A 999313 0 268 0 0 31 0 0 1 18 20 107 99 35 46 254 148 119 2 0 0
179 1014428 A 1013251 0 0 232 1 41 0 0 0 1 0 0 52 0 0 246 425 179 0 0 0
180 1012754 G 24 136 122 0 0 1012172 0 0 2 0 0 1 0 0 58 90 0 149 0 0 0
181 1012007 A 1010861 0 117 28 45 48 67 0 0 12 3 0 38 0 15 292 315 93 71 2 0
182 1017627 A 1016035 0 1 265 2 54 19 0 0 0 0 100 43 0 4 234 348 520 0 0 2
183 1020191 V 165 0 94 3 213 15 0 234 1 31 0 0 0 0 4 36 126 1019269 0 0 0
184 1029275 K 0 0 0 152 0 0 0 70 1028642 1 0 161 0 16 127 0 8 0 3 0 95
185 1035289 G 36 0 8 100 0 1034574 0 0 0 0 0 1 0 0 159 1 0 207 0 0 203
186 1043173 V 127 1 60 0 162 12 0 699 0 39 0 0 25 1 4 2 57 1041984 0 0 0
187 1054983 G 61 0 0 189 0 1054085 0 5 3 1 0 0 0 0 201 0 0 183 255 0 0
188 1059392 T 232 0 0 0 0 0 2 168 149 0 0 0 11 0 48 229 1058550 1 1 1 0
189 1074379 M 11 239 0 8 0 2 31 712 77 301 1072619 10 0 20 12 7 146 181 0 2 1
190 1076896 V 323 32 0 130 0 240 0 78 0 158 137 1 0 0 0 5 30 1075761 1 0 0
191 1078428 M 15 20 0 0 0 0 0 434 83 430 1077104 5 0 1 17 0 164 155 0 0 0
192 1078826 E 5 0 227 1077715 0 380 0 0 97 0 0 0 8 44 8 0 0 107 8 0 227
193 1079063 L 7 2 0 0 289 15 0 83 0 1078113 79 0 3 0 0 318 2 90 10 0 52
194 1085867 I 34 1 0 0 0 3 0 1084798 65 143 203 0 5 0 5 0 241 355 5 2 7
195 1083723 R 0 0 0 0 0 166 21 0 108 1 266 0 2 0 1082808 236 40 0 75 0 0
196 1089157 M 13 19 0 9 4 19 1 446 99 193 1087883 0 0 62 54 1 124 226 4 0 0
197 1094612 I 1 3 0 0 113 39 0 1093631 2 18 99 163 4 0 1 12 186 325 0 4 11
198 1094143 K 0 0 0 160 40 0 0 16 1093641 7 0 98 0 7 125 13 17 0 0 0 19
199 1095707 R 1 179 0 0 0 47 270 1 0 244 0 0 39 1 1094715 209 1 0 0 0 0
200 1110269 G 48 1 0 180 0 1109283 0 0 1 0 1 0 16 0 282 1 38 202 216 0 0
201 1100112 I 12 17 0 0 103 3 0 1098753 2 32 60 81 10 5 2 6 285 736 5 0 0
202 1097110 N 2 1 287 0 0 0 11 65 105 275 0 1096042 11 16 6 142 66 4 7 70 0
203 1103219 D 3 0 1102391 119 0 134 64 0 0 0 0 135 0 0 0 0 2 109 0 262 0
204 1108696 R 2 0 0 0 2 52 0 1 0 179 0 0 53 327 1107772 0 0 0 307 0 1
205 1112641 N 174 75 197 0 7 1 5 49 146 0 0 1111434 0 0 1 297 12 0 8 223 12
206 1106120 F 9 22 2 1 1105208 0 0 208 0 424 9 0 0 0 1 130 0 45 0 61 0
207 1096539 W 0 228 0 0 154 14 0 0 0 209 0 0 0 0 430 67 0 0 1095095 24 318
208 1095305 R 1 1 0 0 0 256 0 224 101 32 0 1 3 0 1094444 94 46 3 0 0 99
209 1102924 G 33 205 155 1 0 1102196 0 0 0 1 0 0 0 0 46 171 3 111 0 0 2
210 1114051 E 12 6 843 1112412 0 228 0 0 195 0 0 0 0 43 0 0 0 98 0 0 214
211 1116907 N 264 173 331 513 22 151 143 160 70 406 40 1109749 601 356 0 818 829 2242 0 39 0
212 1119836 G 62 6 0 123 0 1118868 0 0 0 0 1 0 0 0 300 0 45 177 0 0 254
213 1116385 R 0 0 1 0 1 49 2 0 0 207 0 0 34 263 1115493 1 3 0 0 0 331
214 1109373 K 3 0 0 180 0 0 228 37 1107108 44 0 54 0 65 394 1 1037 6 23 173 20
215 1107593 T 385 1 0 0 0 306 0 105 147 2 0 2 234 0 23 306 1105873 209 0 0 0
216 1103554 R 0 0 0 0 0 272 0 1 156 0 235 0 0 0 1102578 208 30 0 74 0 0
217 1099040 S 310 83 0 0 0 209 7 104 6 223 0 675 9 19 161 1097135 87 8 0 0 4
218 1090007 A 1088378 0 224 0 0 50 0 1 0 10 0 1 52 0 1 980 202 107 0 1 0
219 1102969 Y 2 128 13 0 89 0 190 0 0 1 0 17 0 0 0 13 10 3 2 1102301 200
220 1106990 E 7 0 296 1105748 0 242 0 2 243 0 0 0 0 54 0 21 24 82 0 0 271
221 1111650 R 0 0 0 3 0 241 0 224 508 0 0 0 0 0 1110482 69 44 0 0 0 79
222 1096656 M 0 1 0 0 390 108 46 496 128 60 1094836 82 0 0 18 38 126 146 0 181 0
223 1082674 C 0 1081186 0 0 209 30 0 0 0 1 0 1 0 0 228 265 214 0 66 240 234
224 1078989 N 0 0 152 0 0 0 9 116 220 0 0 1078252 0 0 0 171 10 0 0 59 0
225 1081512 I 1 276 0 0 66 6 0 1080337 0 41 18 49 1 0 0 19 477 221 0 0 0
226 1083468 L 0 0 0 0 98 2 128 186 1 1082779 0 0 213 3 9 0 0 49 0 0 0
227 1083137 K 0 0 0 191 0 0 0 84 1082592 0 0 68 0 7 131 0 15 0 0 0 49
228 1070435 G 42 9 0 136 5 1069657 0 0 1 1 0 0 0 0 149 10 0 197 1 0 227
229 1063049 K 7 0 0 169 0 0 0 32 1062530 0 0 132 0 5 132 0 4 0 0 0 38
230 1064841 F 0 14 0 0 1064348 1 0 56 0 209 0 0 0 0 0 147 0 24 0 41 1
231 1054227 Q 26 3 0 54 3 55 38 1 224 235 0 0 64 1052394 762 39 217 0 1 0 111
232 1042146 T 520 2 0 2 0 1 102 107 529 100 0 3 60 57 216 62 1040384 1 0 0 0
233 1038127 A 1035583 9 256 0 0 27 0 0 9 2 0 70 804 4 10 244 972 131 6 0 0
234 1025437 A 1023636 18 0 239 0 70 0 1 0 1 0 0 594 1 1 281 385 210 0 0 0
235 1010328 Q 0 0 0 27 0 1 100 0 177 28 0 0 21 1009661 170 0 0 0 0 1 142
236 998067 R 0 0 13 0 0 292 0 0 532 3 249 18 4 0 996710 176 23 0 46 0 1
237 987162 A 985558 2 0 213 0 192 6 0 28 2 0 4 36 0 1 639 225 238 0 10 8
238 967488 M 3 5 0 0 0 48 0 478 74 161 966399 2 0 8 17 11 134 143 0 0 5
239 949825 M 1 0 0 0 0 1 0 417 94 105 948611 3 0 0 17 24 204 348 0 0 0
240 926127 D 21 0 924320 186 0 266 114 0 0 0 0 370 0 495 0 4 52 87 0 212 0
241 893339 Q 0 0 0 69 0 0 48 0 203 65 0 0 9 892559 279 2 0 0 0 0 105
242 867934 V 182 38 1 97 0 13 0 0 0 201 156 0 1 0 1 0 0 867244 0 0 0
243 851135 R 4 0 0 1 15 218 4 214 943 0 0 12 0 3 849444 131 48 1 0 0 97
244 818301 E 15 0 40 817685 0 188 0 0 123 1 0 8 2 42 0 0 0 42 0 0 155
245 797907 S 268 16 1 0 0 544 0 124 0 0 0 119 47 0 111 796296 380 0 0 0 1
246 766195 R 20 0 0 0 0 19 0 0 6 136 0 0 27 249 765564 0 0 7 160 7 0
247 733680 N 80 34 130 0 0 7 10 49 128 1 2 733000 0 0 0 183 22 7 1 25 1
248 705441 P 18 41 0 0 0 0 0 0 0 88 0 1 704960 138 23 62 110 0 0 0 0
249 673903 G 18 0 0 82 0 673422 0 0 2 0 0 1 1 0 117 0 0 132 0 0 128
250 650418 N 49 0 96 0 0 3 9 33 66 0 0 649965 4 0 3 99 12 0 0 36 43
251 625483 A 624893 0 144 0 0 23 0 0 0 51 0 0 22 0 5 145 114 86 0 0 0
252 598800 E 6 0 169 598260 0 119 0 0 62 0 0 0 0 34 0 0 0 46 0 0 104
253 570960 I 0 0 0 0 37 0 0 570694 0 4 31 20 0 0 0 5 64 105 0 0 0
254 538725 E 2 0 41 538272 0 73 0 0 140 0 0 0 0 32 0 0 0 54 0 0 111
255 504361 D 1 0 504110 32 0 44 11 0 0 2 0 42 0 0 0 0 0 35 0 84 0
256 474756 L 0 42 4 0 45 0 60 86 0 474306 74 0 104 0 12 0 0 23 0 0 0
257 449425 I 0 4 0 0 85 0 29 447893 0 1152 29 37 1 0 0 51 72 64 0 8 0
258 419229 F 0 3 0 0 419019 0 0 28 0 91 0 0 0 0 0 68 0 4 0 16 0
259 398756 L 0 0 0 7 0 2 0 0 0 398446 121 1 71 43 8 1 0 56 0 0 0
260 373774 A 373321 25 0 113 0 32 0 0 0 0 0 0 14 0 0 79 84 104 0 0 2
261 348508 R 1 0 0 0 0 11 0 0 1 75 0 0 5 82 348223 0 0 0 109 0 1
262 324332 S 14 16 0 0 32 8 0 0 0 0 0 0 53 0 0 324101 22 2 0 84 0
263 291587 A 291034 167 1 73 0 12 0 1 0 0 0 1 12 0 1 70 127 87 0 0 1
264 263511 L 0 0 0 0 40 1 26 51 1 263325 0 0 46 6 1 1 1 12 0 0 0
265 231482 I 85 0 0 0 0 0 0 231000 13 154 102 0 3 0 2 0 42 79 0 0 2
266 205343 L 0 0 0 0 134 0 0 1 0 205031 11 0 1 0 1 36 1 109 2 0 16
267 186564 R 0 0 0 0 0 43 0 26 44 0 0 0 0 2 186404 14 11 0 0 0 20
268 167831 G 8 0 0 25 0 166949 0 0 0 0 0 6 3 2 50 549 0 202 37 0 0
269 144614 S 2 0 0 0 0 2 0 0 0 24 0 0 23 0 0 144508 10 0 0 0 45
270 116222 V 14 0 11 0 11 3 0 14 0 5 0 0 0 1 0 3 10 116150 0 0 0
271 91645 A 91550 0 19 0 0 10 0 0 1 0 0 0 2 0 0 27 20 16 0 0 0
272 78271 H 0 0 3 0 0 0 78170 0 0 14 0 29 2 24 12 0 0 0 0 17 0
273 63926 K 0 0 0 5 0 0 0 3 63904 0 0 4 0 2 4 0 0 0 0 0 4
274 46847 S 2 1 0 0 0 0 0 0 0 0 0 2 11 0 0 46811 4 0 0 16 0
275 40738 C 0 40705 0 1 3 1 0 0 0 1 0 0 0 0 5 2 0 0 1 8 11
276 30176 L 1 0 0 0 0 0 0 0 0 30156 9 0 1 6 0 0 0 3 0 0 0
277 24282 P 8 2 0 0 0 0 57 0 0 43 0 0 24110 0 13 40 9 0 0 0 0
278 21364 A 21156 5 47 0 0 29 0 0 0 2 0 0 11 0 0 25 59 29 0 0 1
279 18032 C 0 17897 0 0 2 0 0 0 0 1 0 0 0 0 110 4 0 0 0 5 13
280 23639 V 4 1 0 2 0 0 0 25 0 4 14 0 0 0 0 0 0 23589 0 0 0
281 29777 Y 0 6 1 0 6 0 3 0 0 0 0 0 0 0 0 0 0 0 0 29757 4
282 22992 G 28 0 0 14 0 22932 0 0 1 0 0 0 0 0 2 1 0 5 0 0 9
283 60389 P 242 62 0 3 15 374 62 0 9 69 101 7 58654 30 66 96 513 30 34 22 0
284 82375 A 81860 48 60 0 0 17 0 1 0 15 0 0 15 0 51 68 113 123 0 3 1
285 95146 V 13 13 0 10 2 2 1 36 0 47 0 2 0 0 1 1 1 95017 0 0 0
286 113243 A 113150 0 24 0 0 7 0 0 0 0 0 0 3 8 2 11 13 22 0 3 0
287 128714 S 0 9 0 0 0 21 0 11 0 0 0 16 0 1 43 128592 21 0 0 0 0
288 149065 G 3 29 14 0 0 148976 0 0 0 0 0 0 0 0 2 17 0 24 0 0 0
289 177017 Y 12 26 3 0 8 1 72 5 1 50 0 9 0 0 27 2 0 14 0 176734 53
290 208523 D 1 0 208308 64 0 44 5 0 0 0 0 47 6 1 1 1 0 9 0 36 0
291 237267 F 0 2 0 0 237075 0 1 5 0 118 0 0 0 0 0 49 0 4 0 13 0
292 264601 E 1 1 13 264208 2 136 0 0 74 2 0 1 1 20 2 4 28 57 0 0 51
293 284381 K 0 1 0 28 0 3 81 8 284188 0 0 15 2 1 38 0 12 0 0 0 4
294 312295 E 3 4 162 311360 1 277 7 2 91 139 2 0 0 83 44 12 27 13 0 1 67
295 341858 G 4 0 0 67 0 341631 0 0 0 0 0 1 0 0 51 0 0 57 0 0 47
296 373686 Y 0 58 5 0 41 0 50 2 0 2 0 27 1 0 0 5 0 0 0 373402 93
297 404209 S 3 19 2 0 28 0 0 0 0 0 0 7 59 0 0 403945 38 3 0 105 0
298 442179 L 1 4 0 0 36 0 1 14 1 442052 0 0 0 0 1 46 0 0 0 0 23
299 476234 V 54 0 0 44 7 7 0 0 0 112 47 0 1 0 0 0 0 475961 0 0 1
300 502386 G 22 0 0 102 1 501987 0 0 0 0 0 0 0 0 70 0 0 124 0 0 80
301 524866 I 19 0 0 0 2 0 0 524288 40 80 189 0 0 21 15 29 71 112 0 0 0
302 558239 D 67 0 557473 110 0 88 88 0 0 0 0 143 5 55 8 7 0 52 13 130 0
303 592697 P 31 0 0 0 1 0 138 0 0 62 0 0 592291 0 9 59 102 0 0 0 4
304 618759 F 162 6 0 0 617566 1 0 50 0 418 40 0 8 1 0 160 0 280 0 65 2
305 642323 K 1 0 0 141 0 2 1 72 641722 3 0 78 0 17 246 0 9 0 0 0 31
306 666806 L 2 0 0 3 0 0 0 60 0 666376 146 0 121 43 11 2 1 39 0 0 2
307 701923 L 0 7 0 5 68 4 36 128 0 701476 10 0 139 1 31 0 0 18 0 0 0
308 736176 Q 16 50 1 36 1 37 53 32 177 86 2 0 10 735333 215 10 15 40 0 0 62
309 763213 N 32 6 128 1 3 77 114 43 207 12 3 762126 0 3 65 171 145 55 0 21 1
310 794045 S 84 131 0 1 9 158 0 192 0 0 0 183 0 24 234 792801 221 1 0 0 6
311 819868 Q 1 0 0 36 1 0 42 25 152 79 0 51 13 818655 120 461 35 68 0 0 129
312 851757 V 117 8 0 83 0 9 0 420 0 214 0 0 1 0 1 0 2 850902 0 0 0
313 881684 Y 0 152 3 0 78 0 143 0 0 6 0 45 0 2 5 6 8 5 1 880985 245
314 913221 S 43 401 0 0 0 267 0 220 0 10 0 125 3 0 197 911711 237 6 0 0 1
315 936075 L 0 14 0 0 0 0 0 401 0 935287 0 0 240 72 6 1 2 47 0 5 0
316 962713 I 14 5 0 0 67 0 4 961869 0 346 49 88 0 0 0 13 125 133 0 0 0
317 979793 R 0 0 0 0 0 390 1 194 137 0 0 0 1 0 978907 78 46 1 0 0 38
318 997217 P 65 0 1 1 0 63 20 8 4 267 0 3 996049 298 92 139 103 84 16 4 0
319 1015967 N 88 0 127 0 19 636 42 53 552 99 1 1012565 26 100 1017 556 15 9 0 60 2
320 1034512 E 6 0 258 1033480 0 192 0 0 179 0 0 0 0 41 0 0 0 112 1 0 243
321 1042477 N 0 60 136 0 0 13 3 61 135 4 0 1041567 0 0 14 210 91 127 0 52 4
322 1049652 P 189 11 0 0 0 1 0 0 0 237 3 0 1048401 222 55 88 379 65 1 0 0
323 1054878 A 1052913 6 1 299 4 139 28 36 12 64 0 45 34 66 239 452 295 240 2 3 0
324 1066154 H 0 0 30 0 0 0 1065189 0 0 156 0 214 22 243 149 0 1 0 0 150 0
325 1067706 K 0 0 0 257 0 0 0 0 1066836 0 70 275 0 13 199 0 22 0 0 0 34
326 1068713 S 0 89 0 0 0 323 0 143 0 0 0 143 0 0 130 1067854 31 0 0 0 0
327 1062704 Q 4 0 0 55 0 5 354 0 215 41 0 0 22 1061521 332 12 0 0 0 1 142
328 1051725 L 1 0 0 0 0 14 6 134 1 1050991 282 0 153 53 12 4 3 70 0 0 1
329 1053331 V 133 0 0 96 0 25 0 25 3 163 136 0 8 4 2 12 0 1052710 0 0 14
330 1058804 W 0 283 0 0 0 12 0 1 0 237 0 2 1 0 182 28 0 0 1057741 7 310
331 1052191 M 0 11 0 0 0 2 0 520 96 128 1051106 1 0 0 10 1 102 183 0 0 31
332 1051243 A 1050175 0 4 272 2 70 5 3 0 2 0 0 30 0 0 191 250 237 0 1 1
333 1054742 C 123 1053184 0 4 240 12 0 7 0 24 9 0 0 0 394 144 1 15 59 291 235
334 1050208 N 38 5 188 0 3 7 296 49 49 37 1 1049225 0 0 0 242 15 0 0 53 0
335 1043491 S 3 94 0 0 92 2 0 0 0 2 0 0 132 0 1 1042817 67 0 0 281 0
336 1038055 A 1035618 0 248 0 0 151 0 0 0 992 2 0 31 4 0 293 567 149 0 0 0
337 1033128 A 1032151 0 1 254 0 48 0 0 0 0 0 1 50 0 0 238 224 160 1 0 0
338 1032147 F 17 10 0 0 1031667 4 0 74 0 187 2 0 3 0 0 125 0 15 2 41 0
339 1036273 E 11 1 776 1034725 0 226 0 0 112 1 0 0 1 64 0 0 3 95 0 0 258
340 1023843 D 5 0 1023083 90 0 152 40 0 0 24 0 116 0 0 0 2 1 103 0 227 0
341 1022206 L 2 0 27 0 0 0 0 630 0 1021192 0 1 226 62 8 0 0 58 0 0 0
342 1021057 R 13 0 42 1 3 137 0 212 156 0 0 0 2 0 1020231 163 47 0 1 0 49
343 1018020 V 100 0 1 70 0 20 0 620 0 547 0 0 0 0 0 8 0 1016654 0 0 0
344 1018632 L 1 4 0 0 115 0 0 72 1 1018162 0 0 1 0 0 135 0 10 0 1 130
345 1025770 S 29 32 0 6 0 199 7 203 0 0 0 151 0 0 289 1024732 120 2 0 0 0
346 1029072 F 70 38 11 0 1027987 0 0 53 0 470 0 0 2 0 49 184 0 123 0 85 0
347 1027247 I 0 0 0 0 77 0 0 1026495 3 56 65 111 0 0 0 8 125 300 7 0 0
348 1019832 R 0 0 0 0 0 256 31 198 334 0 0 0 1 0 1018779 88 53 1 0 2 89
349 1027161 G 48 0 0 133 0 1026485 0 0 0 3 0 0 0 0 169 0 4 138 181 0 0
350 1032287 T 409 8 1 0 3 477 9 158 89 124 10 91 14 43 36 480 1030256 79 0 0 0
351 1030568 K 0 0 0 109 0 0 0 53 1030055 2 0 117 0 20 140 0 9 5 0 1 57
352 1032158 V 99 0 0 63 0 11 0 214 1 89 0 0 5 3 0 0 0 1031670 0 3 0
353 1045472 S 10 29 0 0 97 0 17 1 345 352 0 41 800 0 355 1043196 58 0 0 171 0
354 1044532 P 44 8 0 0 0 3 0 0 4 126 0 0 1043796 186 87 113 160 3 2 0 0
355 1041699 R 0 0 0 0 0 164 0 0 175 4 341 0 0 0 1040742 174 47 0 52 0 0
356 1052794 G 30 0 0 121 1 1052179 0 0 0 0 0 0 0 0 196 0 0 113 154 0 0
357 1042894 K 1 0 0 268 0 0 0 77 1042133 1 0 140 0 5 200 0 8 3 0 0 58
358 1048412 L 0 0 0 0 80 0 43 48 0 1047963 3 0 227 0 14 0 8 26 0 0 0
359 1066570 S 10 84 1 0 105 72 0 40 348 142 0 1 285 287 916 1063990 89 18 1 181 0
360 1084615 T 187 0 0 0 0 0 0 93 0 6 0 231 13 0 0 157 1083927 0 0 0 1
361 1072720 R 0 0 0 0 0 155 0 281 128 0 0 0 0 0 1071957 50 61 0 0 0 88
362 1083602 G 41 0 0 97 0 1082913 0 0 0 0 0 0 0 0 150 0 0 202 1 0 198
363 1094174 V 256 2 0 89 2 11 0 141 1 329 1 0 0 0 0 0 0 1093335 0 7 0
364 1098094 Q 6 2 0 41 0 17 84 27 163 110 192 2 43 1096918 151 124 0 52 0 0 162
365 1107602 I 0 0 0 3 117 0 0 1106584 0 484 10 81 0 0 0 8 123 192 0 0 0
366 1117495 A 1116565 0 222 0 0 55 0 0 0 0 0 0 33 0 0 336 175 109 0 0 0
367 1116497 S 147 38 0 3 4 194 15 0 82 114 0 0 161 2 4 1115271 136 8 0 0 318
368 1106584 N 600 28 145 132 7 256 26 51 64 7 1 1103981 0 217 6 559 374 72 0 58 0
369 1113767 E 10 0 57 1113022 0 178 0 2 163 0 0 0 2 52 1 0 0 78 0 1 201
370 1110634 N 0 5 244 30 0 13 38 141 270 23 1 1108922 33 224 25 203 232 180 0 42 8
371 1114345 M 0 57 0 0 0 0 0 1180 54 241 1112421 0 0 0 17 1 188 186 0 0 0
372 1117978 D 6 31 1117092 126 0 315 39 0 0 15 0 129 3 9 0 1 5 60 0 147 0
373 1119266 A 1117796 24 236 0 111 60 6 0 12 102 0 0 69 7 66 306 293 166 8 4 0
374 1122104 M 1 0 0 0 0 0 0 592 86 165 1120838 0 7 0 19 0 149 247 0 0 0
375 1118077 E 8 1 93 1117144 0 204 34 3 165 6 0 0 0 51 0 5 25 99 0 0 239
376 1116600 S 7 0 0 0 0 90 0 3 1 89 0 0 161 0 1 1115576 111 247 0 33 281
377 1108313 S 169 96 0 0 39 351 675 237 2 152 23 201 2 0 304 1105684 44 319 8 7 0
378 1101527 T 353 0 0 12 0 4 2 105 1 0 0 160 17 0 139 266 1100465 0 0 0 3
379 1099371 L 0 0 0 0 72 2 82 274 3 1098536 1 2 289 2 45 0 1 50 0 0 12
380 1088538 E 3 1 144 1087699 0 184 0 0 147 3 0 0 0 43 0 0 0 97 0 0 217
381 1085423 L 0 0 0 0 0 10 0 0 0 1084825 213 0 270 28 23 0 17 37 0 0 0
382 1080358 R 0 0 7 0 0 279 0 99 117 1 0 2 0 3 1079661 74 31 0 0 0 84
383 1080433 S 49 135 0 0 0 224 7 254 1 2 0 169 0 0 313 1079013 63 202 0 0 1
384 1078561 R 1 1 0 1 1 621 0 2 285 8 177 2 0 7 1077028 247 29 41 109 1 0
385 1073824 Y 6 153 13 0 187 0 153 1 0 0 0 95 0 2 24 6 3 0 0 1072990 191
386 1073463 W 31 193 3 0 32 16 0 2 0 253 0 0 0 0 301 33 0 0 1072209 0 390
387 1067663 A 1066391 0 221 0 0 243 0 0 0 0 0 1 61 0 0 252 195 299 0 0 0
388 1054125 I 0 0 0 0 0 5 0 1053203 70 133 350 0 0 1 6 2 166 189 0 0 0
389 1051311 R 1 0 4 0 0 217 0 205 152 0 0 0 0 0 1050554 78 38 0 0 0 62
390 1045204 T 143 0 0 0 0 1 0 62 0 0 0 104 9 0 0 112 1044771 0 0 0 2
391 1050865 R 19 0 0 4 0 260 0 146 104 27 0 2 0 0 1050131 57 42 0 0 0 73
392 1047599 S 6 53 1 0 2 144 0 158 1 0 0 121 0 0 109 1046978 25 0 0 1 0
393 1051589 G 46 0 0 93 0 1050737 0 0 0 0 0 0 11 0 230 5 0 259 0 0 208
394 1049111 G 52 0 1 132 0 1048351 11 0 0 0 0 0 0 0 178 0 0 197 0 4 185
395 1040166 N 3 10 215 0 0 37 195 66 219 8 0 1038657 1 8 161 442 79 8 4 53 0
396 1033733 T 926 7 0 1 57 67 626 176 35 330 4 261 221 27 4928 224 1025412 340 48 43 0
397 1031041 N 30 13 148 0 227 6 21 32 182 42 20 1028867 0 77 994 172 69 16 115 10 0
398 1020579 Q 0 20 1 47 0 4 326 0 1358 73 1 0 36 1014707 3579 3 16 252 13 47 96
399 1012303 Q 97 106 15 52 297 1608 313 54 7930 199 3 1 231 977266 23847 10 8 43 116 0 107
400 1005800 R 2 1 0 1 0 375 4 0 187 0 169 0 9 0 1004839 119 20 0 74 0 0
401 1011424 A 977386 2 193 3 1 264 2 1 2761 4 0 1 224 357 28591 230 1122 273 1 0 8
402 1005490 S 183 74 0 4 74 8 33 6 1565 0 87 0 584 59 688 1001870 162 8 0 85 0
403 995288 A 992619 5 1 210 0 58 206 0 84 2 8 182 65 241 194 306 614 493 0 0 0
404 997878 G 298 289 204 3 0 996568 0 9 0 4 4 0 0 0 45 321 4 129 0 0 0
405 1014923 Q 0 0 0 43 0 0 77 0 171 68 2 1 13 1014215 187 0 0 0 0 0 146
406 1008253 I 0 2 0 0 78 0 0 1007432 23 11 42 77 0 41 0 123 194 230 0 0 0
407 1021363 S 9 57 0 0 0 253 0 210 0 2 0 122 0 0 152 1020526 32 0 0 0 0
408 1023404 V 218 0 0 136 0 20 0 1 1 363 459 0 0 0 0 0 9 1022197 0 0 0
409 1027545 Q 229 132 0 65 0 12 125 173 233 58 160 0 8 1024375 144 163 952 117 106 15 478
410 1029215 P 1373 1 0 0 1 0 272 1 0 88 0 0 1027180 0 33 175 91 0 0 0 0
411 1044140 A 1042033 120 0 240 0 48 0 0 0 0 0 0 44 0 0 576 793 286 0 0 0
412 1053495 F 0 2 0 0 1052559 8 0 101 0 501 149 0 0 0 0 106 0 38 0 31 0
413 1058039 S 5 68 0 1 115 23 1 0 0 14 0 0 123 0 2 1057412 60 0 0 215 0
414 1062854 V 313 255 0 159 0 16 0 86 0 585 293 0 0 0 0 0 5 1061142 0 0 0
415 1077305 Q 645 330 0 66 56 362 59 0 342 354 121 3 23 1067202 2941 1735 335 848 888 800 195
416 1081300 R 0 2 0 0 0 274 2 151 104 0 0 0 0 1 1080595 58 68 0 0 0 45
417 1092559 N 10 35 194 246 15 181 585 157 151 1 4 1087918 252 60 798 500 361 309 107 675 0
418 1099312 L 0 105 0 0 96 0 101 279 0 1098360 20 0 305 2 9 0 0 34 0 0 1
419 1103028 P 70 0 0 27 0 7 0 2 0 148 0 0 1101995 238 48 119 224 149 0 0 1
420 1103468 F 268 11 0 1 1100212 3 222 68 0 319 102 99 4 2 3 230 6 320 0 1597 1
421 1115050 D 251 1591 1104645 241 31 225 1803 237 0 357 1 261 0 59 133 886 0 3963 2 364 0
422 1115892 K 917 2 0 215 19 757 0 84 1111697 72 2 221 0 32 1326 209 297 1 0 9 32
423 1113502 P 345 79 0 3 0 6686 13 25 472 147 0 7 1097163 480 7293 178 424 182 5 0 0
424 1113305 T 435 90 633 6 10 0 187 400 4 173 0 179 23 111 8 322 1110140 575 4 2 3
425 1115686 I 116 622 1 1 78 0 0 1113373 0 45 72 103 0 0 2 21 441 801 0 0 10
426 1103674 M 16 124 1 0 2 0 1 1099 93 356 1100180 27 6 37 27 68 435 1201 0 1 0
427 1100380 A 1088068 54 3 262 1 1810 99 384 3 883 2838 1314 199 129 182 2022 1208 916 0 5 0
428 1082353 A 1077875 147 3 268 31 91 455 0 0 1 1 1 31 11 16 485 2644 241 0 52 0
429 1068786 F 1 15 2 1 1066398 6 1 50 0 590 7 3 0 0 0 163 0 15 7 1525 2
430 1050808 T 444 1 0 7 0 170 115 98 4 60 0 235 149 0 591 1234 1047581 119 0 0 0
431 1029832 G 63 16 0 150 239 1025008 156 6 27 73 2 5 33 108 291 10 55 287 348 2954 1
432 1011279 N 565 625 193 8 103 493 184 71 159 256 0 1007134 10 8 203 558 100 342 0 267 0
433 995706 T 250 91 4 16 493 16 38 427 222 710 2 16 33 0 131 109 993109 21 1 17 0
434 972656 E 116 0 257 970885 0 339 31 0 162 22 0 2 46 62 23 83 54 316 6 0 252
435 947668 G 46 0 0 225 3 946863 0 2 0 0 0 0 0 0 165 0 0 229 0 0 135
436 923811 R 0 0 0 0 0 194 0 234 124 0 0 3 0 0 923053 66 38 7 0 0 92
437 890808 T 161 52 0 46 0 3 0 103 129 0 0 80 15 0 27 285 889905 0 0 1 1
438 867407 S 18 8 1 0 10 2121 45 0 0 116 0 332 144 1 3 864276 65 0 1 9 257
439 846455 D 13 0 845732 187 0 143 43 0 0 2 0 102 0 0 1 6 0 76 0 150 0
440 819711 M 117 16 1 9 28 23 2 367 90 79 818543 0 6 1 20 59 117 129 60 44 0
441 796432 R 16 0 0 0 0 172 1 0 116 1 256 0 1 0 795592 172 28 1 62 14 0
442 769783 A 764108 96 0 226 0 135 0 13 60 19 0 10 30 0 0 1034 3056 982 7 7 0
443 748526 E 5 0 143 747918 0 109 0 0 79 0 0 3 1 47 1 0 1 40 0 0 179
444 724209 I 1 65 0 7 41 1 0 723758 0 39 21 38 0 0 0 8 83 147 0 0 0
445 694146 I 13 12 0 0 0 4 0 693622 39 61 176 0 0 1 10 0 108 100 0 0 0
446 664076 R 110 13 327 2568 3 760 4 11 339 58 187 65 17 37 659036 400 37 66 38 0 0
447 640889 M 53 7 2 0 95 31 5 636 85 237 639232 0 0 0 80 27 158 233 0 8 0
448 613087 M 0 0 2 1 0 0 0 308 83 219 612248 0 0 0 3 0 81 142 0 0 0
449 582026 E 1 0 46 581553 0 160 0 0 72 0 0 0 0 30 0 0 19 49 0 0 96
450 554717 G 19 179 99 2 99 553514 0 7 3 80 3 13 1 47 84 148 171 248 0 0 0
451 521313 A 515501 25 1 170 46 2398 0 3 23 330 13 332 18 390 531 113 813 577 21 8 0
452 485110 K 3 0 0 72 4 43 10 23 484575 68 0 106 84 8 84 1 12 1 1 0 15
453 450554 P 16 128 10 1 0 966 167 0 1 100 0 16 448586 109 47 244 60 31 72 0 0
454 422915 E 1208 129 122 419533 1 530 57 293 169 183 0 0 55 104 0 104 4 274 0 32 117
455 379944 E 136 282 43 376740 22 544 54 31 116 602 77 58 9 386 104 351 148 115 0 20 106
456 345282 M 80 23 0 0 1 193 25 133 48 60 342491 26 9 4 1767 99 126 91 84 22 0
457 323423 S 5 184 0 0 38 124 0 0 0 10 0 0 63 23 0 322864 45 21 0 46 0
458 303230 F 0 1 0 0 302922 0 0 31 0 157 0 0 1 0 0 79 0 2 1 36 0
459 284073 Q 11 0 12 33 0 540 127 1 197 37 0 22 14 276544 6416 6 70 14 0 1 28
460 263101 G 89 19 0 54 0 262747 2 0 5 10 7 0 0 1 64 25 1 72 3 0 2
461 246434 R 3 0 0 0 0 32 0 0 0 109 0 0 29 153 246011 3 0 0 94 0 0
462 231604 G 29 0 0 59 2 231292 0 0 0 7 0 0 2 0 75 0 0 47 0 0 91
463 201493 V 34 5 7 1 38 2 0 160 1 7 2 0 0 0 0 9 0 201226 0 1 0
464 588190 F 0 4 0 0 587668 0 0 56 0 247 0 0 0 0 3 135 0 15 0 62 0
465 602039 E 5 0 195 601350 0 114 0 0 124 0 0 0 0 36 2 0 0 18 4 0 191
466 637488 L 47 3 33 0 501 7 433 1271 0 633258 72 6 372 83 24 190 75 280 128 704 1
467 686502 S 1 0 2 8 0 186 14 53 5 183 1 2 125 11 10 685500 132 114 30 1 124
468 723072 D 15 1 722420 103 0 202 34 0 0 0 0 91 0 0 0 7 0 51 0 148 0
469 781643 E 9 0 58 780507 0 254 1 39 175 8 0 9 0 181 1 50 42 88 0 4 217
470 827465 R 0 0 0 0 0 167 0 0 143 1 214 0 0 0 826664 195 35 0 46 0 0
471 882867 A 882075 0 0 154 0 38 0 0 0 1 0 0 18 0 0 185 120 276 0 0 0
472 938801 A 936939 5 0 165 0 45 4 0 1 3 0 0 40 0 0 322 954 323 0 0 0
473 980529 N 7 0 97 0 0 0 6 62 177 68 0 979416 11 80 393 139 20 0 1 52 0
474 1027991 P 100 10 0 1 0 0 0 0 2 182 0 0 1027112 231 44 120 181 8 0 0 0
475 1064623 I 0 0 0 0 78 2 0 1063772 0 33 43 104 11 0 0 2 144 434 0 0 0
476 1070533 V 1453 82 0 63 0 25 0 0 0 312 456 0 0 1 79 2 2 1068058 0 0 0
477 1095431 P 39 0 0 0 1 0 147 0 0 140 0 0 1094747 0 35 162 160 0 0 0 0
478 1124606 S 64 81 0 0 111 9 15 0 0 44 0 0 276 54 9 1123408 57 329 22 127 0
479 1146607 F 49 175 0 0 1145290 38 0 130 17 610 0 0 9 0 9 130 5 94 7 44 0
480 1155187 D 16 2 1152421 284 13 270 172 0 11 7 0 257 201 20 612 314 32 259 0 296 0
481 1171894 M 13 8 0 0 1 2 0 566 48 99 1170337 0 0 10 265 3 175 301 56 10 0
482 1168859 S 0 109 0 0 0 225 3 263 1 0 0 358 0 0 153 1167709 37 1 0 0 0
483 1190628 N 1 0 160 0 0 0 14 160 492 9 0 1189637 0 0 0 115 5 0 0 35 0
484 1192424 E 10 0 104 1191217 0 154 0 0 200 0 0 36 40 102 0 6 3 185 0 0 367
485 1190722 G 47 44 0 125 158 1186425 46 0 0 0 0 63 1 0 2328 581 0 445 133 10 316
486 1189443 S 3 30 0 0 66 0 0 0 0 0 0 0 142 1 0 1188959 85 0 0 157 0
487 1187518 Y 0 140 2 0 55 0 266 0 0 2 0 10 0 0 1 4 0 0 0 1186947 91
488 1181255 F 0 10 0 0 1180490 0 0 71 0 450 0 0 0 0 0 148 0 10 0 76 0
489 1183194 F 0 3 0 0 1182355 0 0 53 0 480 0 0 0 0 0 118 0 12 0 173 0
490 1179726 G 63 0 0 108 0 1178648 0 0 1 0 0 0 0 0 384 0 1 268 0 0 253
491 1179429 D 85 0 1178135 210 0 313 76 0 0 0 23 140 0 0 0 0 0 174 1 272 0
492 1176864 N 0 0 171 0 0 0 7 77 297 0 0 1176028 0 11 5 181 13 0 0 74 0
493 1176594 A 1174762 0 0 247 0 58 9 1 0 2 0 0 63 0 40 353 654 405 0 0 0
494 1174768 E 23 0 381 1173376 0 255 0 0 271 0 13 0 13 75 1 0 0 89 0 3 268
495 1170225 E 8 0 380 1168967 1 302 0 0 127 1 0 1 6 48 5 12 0 64 1 27 275
496 1119760 Y 0 285 9 0 193 1 176 0 0 8 15 91 0 0 0 5 0 37 183 1118556 201
497 1157872 D 247 8 1145764 207 125 1631 86 238 3 192 601 2838 1 0 142 3046 242 1797 313 323 68
498 1144041 N 768 126 137 6 4 1274 276 1469 10844 91 239 1096384 5 75 28881 1672 1247 391 13 99 40
