# nucleotide counts
# upper case indicates nucleotide called by both reads
# lower case indicates nucleotide called by one read with other ambiguous
# N indicates disagreement between reads, or both ambiguous
# POSITION WT COUNTS A T C G a t c g N
1 A 1824800 1814754 134 13 353 9310 26 4 4 202
2 T 1826620 191 1815222 240 6 4 10249 5 1 702
3 G 1828136 313 284 74 1816310 5 10 2 10732 406
4 G 1828878 143 202 35 1817617 0 6 3 10600 272
5 C 1830816 391 811 1817009 99 5 14 11657 6 824
6 G 1833180 528 233 45 1818877 5 3 4 12874 611
7 T 1835156 1513 1817516 1372 77 9 13632 16 3 1018
8 C 1837401 1111 825 1819840 79 13 9 15203 3 318
9 C 1839635 1118 2099 1819510 300 16 23 16221 6 342
10 C 1841879 4647 2656 1816252 899 54 32 17063 5 271
11 A 1844645 1818898 3491 2867 582 18384 31 46 4 342
12 A 1847246 1820710 2368 2384 1628 19792 38 22 12 292
13 G 1848605 391 557 274 1826857 9 21 11 20095 390
14 G 1850666 363 248 238 1828186 6 22 6 21036 561
15 C 1853899 415 279 1830268 87 12 20 22551 6 261
16 A 1855982 1830288 119 16 394 23710 15 27 10 1403
17 C 1858424 175 180 1832898 45 12 10 24850 2 252
18 C 1862221 405 179 1834279 107 10 17 26951 0 273
19 A 1865589 1835326 77 25 223 29645 4 10 4 275
20 A 1868311 1837339 99 11 207 30308 2 2 11 332
21 A 1870280 1839730 106 86 227 29645 2 6 9 469
22 C 1872863 346 494 1841101 48 16 26 30450 1 381
23 G 1875757 354 316 41 1844010 9 21 9 30719 278
24 G 1879686 315 188 48 1847140 7 13 7 31709 259
25 T 1882931 253 1844620 340 210 6 33196 16 13 4277
26 C 1886250 487 246 1850570 108 15 26 34552 3 243
27 T 1889521 187 1851778 370 197 7 36683 23 7 269
28 T 1892965 294 1851027 733 141 5 40523 28 6 208
29 A 1897841 1851885 276 94 520 44775 24 9 20 238
30 T 1902540 386 1853238 753 138 18 47501 30 6 470
31 G 1904980 343 406 113 1853001 10 55 15 50554 483
32 A 1909162 1854209 144 63 348 53906 11 15 13 453
33 A 1912983 1855821 206 26 571 55908 25 3 18 405
34 C 1917845 2664 1619 1853109 739 90 54 59135 24 411
35 A 1922985 1853714 392 2433 1064 64922 27 77 44 312
36 G 1924934 1925 1173 1114 1851232 67 63 52 69067 241
37 A 1929373 1853170 158 16 249 75435 20 5 17 303
38 T 1933278 170 1848305 249 25 33 81437 41 18 3000
39 G 1936984 387 263 65 1848215 27 55 21 87635 316
40 G 1940276 341 304 119 1845142 28 44 18 93958 322
41 A 1944514 1835566 126 8 484 107017 31 10 55 1217
42 A 1948558 1831785 71 50 402 115826 10 10 34 370
43 A 1951973 1832040 125 109 257 118775 30 36 27 574
44 C 1956214 308 199 1830810 59 40 34 124488 7 269
45 T 1962019 117 1824330 335 61 35 136476 45 26 594
46 G 1963621 265 395 111 1818261 38 91 15 144215 230
47 A 1965890 1815519 160 17 428 149040 33 18 74 601
48 T 1969703 208 1812975 291 58 50 155721 21 32 347
49 G 1970694 563 500 330 1797695 80 155 51 171030 290
50 G 1970148 495 311 562 1787586 76 176 77 180541 324
51 G 1968499 753 699 443 1779169 119 138 59 186814 305
52 G 1966802 874 437 1013 1767563 164 81 115 196194 361
53 A 1966326 1759563 235 1211 872 203464 49 162 143 627
54 A 1963141 1753003 703 618 868 207167 101 117 119 445
55 C 1961497 273 497 1735880 50 98 81 224350 44 224
56 G 1954565 678 393 96 1722783 150 85 82 229867 431
57 C 1951820 374 147 1713732 70 90 34 237011 49 313
58 C 1959818 290 288 1700217 89 159 81 258258 47 389
59 A 1963046 1687451 170 2308 650 271637 52 373 132 273
60 G 1955346 240 390 150 1677399 110 119 38 276622 278
61 A 1951855 1660333 401 351 353 289802 107 64 116 328
62 A 1950548 1635146 326 2260 579 311298 107 440 129 263
63 T 1951164 1451 1615300 1480 525 361 331032 310 166 539
64 G 1939533 1724 393 1961 1591613 398 167 444 342535 298
65 C 1933059 778 1070 1564132 1965 265 302 363757 472 318
66 A 1931336 1534838 469 1172 910 392913 127 346 258 303
67 A 1923226 1510878 2584 429 614 407198 752 148 181 442
68 C 1920316 785 147 1495804 264 414 83 422117 184 518
69 T 1916908 1620 1491965 567 550 545 421008 169 177 307
70 G 1901199 474 359 303 1471933 205 229 93 427306 297
71 A 1892677 1451238 323 205 308 439823 211 99 158 312
72 G 1884102 1089 585 166 1435994 399 291 125 445148 305
73 A 1871806 1408201 107 82 238 462505 65 115 128 365
74 T 1862271 137 1376484 221 13 132 484821 122 34 307
75 C 1852635 349 189 1345958 88 409 159 505137 101 245
76 A 1844217 1317680 106 184 393 524921 201 103 244 385
77 G 1820893 190 336 90 1295636 193 227 61 523901 259
78 A 1803697 1265876 51 77 305 536799 75 51 191 272
79 G 1783255 266 320 248 1233097 214 278 149 548315 368
80 C 1762117 431 369 1223890 288 335 204 536193 170 237
81 A 1744128 1187972 103 141 378 554899 93 84 179 279
82 T 1725941 2652 1160891 314 639 1365 559226 209 342 303
83 C 1709608 2680 112 1148373 1003 1574 200 554820 563 283
84 C 1716153 504 2083 1136042 496 869 1116 574405 327 311
85 G 1697401 708 190 29 1124162 714 266 57 571019 256
86 T 1674035 101 1101907 129 19 171 570439 136 355 778
87 C 1663018 934 394 1087837 105 753 455 571805 282 453
88 G 1630994 407 288 45 1081036 422 351 192 547942 311
89 G 1597868 155 199 75 1057822 139 173 56 538995 254
90 G 668062 105 123 169 509652 59 96 50 157709 99
91 A 658417 509577 38 20 82 148410 36 5 41 208
92 A 650058 501145 35 12 129 148489 75 15 42 116
93 G 645910 102 121 27 502299 44 73 33 143122 89
94 A 644568 500177 48 6 101 144059 19 4 29 125
95 T 649602 34 504914 66 5 18 144388 32 14 131
96 G 652256 73 130 22 517281 29 110 27 134503 81
97 A 654710 521400 32 1 160 132915 19 10 67 106
98 T 657348 45 524832 51 33 26 132182 25 25 129
99 T 661025 47 533282 129 7 21 127380 48 9 102
100 G 663909 353 422 126 541058 102 209 57 121460 122
101 A 668775 544547 591 497 388 122233 181 124 102 112
102 T 674741 574 556961 189 325 162 116245 57 94 134
103 G 678650 109 114 28 562785 42 99 19 115325 129
104 G 685702 75 121 40 569977 23 59 27 115252 128
105 A 690046 575421 52 42 150 114142 25 15 48 151
106 A 695639 588707 43 19 105 106596 22 10 20 117
107 T 698704 44 598293 41 6 18 100144 23 10 125
108 T 708050 151 602177 71 20 49 105426 21 9 126
109 G 715076 100 112 32 613268 23 93 15 101283 150
110 G 720099 78 92 40 624566 19 33 19 95131 121
111 A 726663 631966 105 6 290 93938 37 10 37 274
112 C 737892 103 196 639977 32 36 64 97288 11 185
113 G 748631 124 147 18 647053 31 77 19 101044 118
114 A 756915 656235 62 11 163 100267 17 8 25 127
115 T 764856 117 661383 129 111 33 102885 23 21 154
116 T 770021 61 667790 192 84 18 101665 25 26 160
117 C 774033 192 171 674643 141 42 37 98641 29 137
118 T 784225 65 683396 378 15 24 100131 60 12 144
119 A 792475 691320 74 7 144 100558 43 9 46 274
120 C 800739 161 98 699838 29 45 31 100415 15 107
121 A 811435 703429 189 2038 274 104901 38 364 51 151
122 T 818145 260 710200 850 212 61 106171 139 53 199
123 C 826731 982 117 717316 2206 168 48 105367 392 135
124 C 836195 171 91 727559 36 55 45 108066 10 162
125 A 845746 734311 53 12 98 111053 29 15 19 156
126 A 853199 740437 18 12 123 112382 23 12 25 167
127 A 863064 751393 43 28 72 111306 16 6 7 193
128 T 870647 43 763315 71 8 18 107019 16 7 150
129 G 875735 152 169 40 773951 34 64 30 101161 134
130 T 883479 96 782357 175 42 29 100314 28 18 420
131 G 890878 146 234 76 790349 30 69 16 99806 152
132 C 899372 199 486 794435 63 36 84 103859 21 189
133 A 906148 803180 141 52 331 102056 29 16 46 297
134 C 911864 166 290 808805 79 32 42 102274 20 156
135 T 917840 163 815033 436 134 29 101748 58 25 214
136 G 920528 155 169 71 822577 26 82 38 97267 143
137 A 928273 827634 64 42 120 100181 25 13 27 167
138 A 935129 834892 100 26 176 99551 31 16 40 297
139 C 941181 132 170 842653 22 31 37 97958 16 162
140 T 949686 41 851650 137 35 16 97580 35 9 183
141 T 956828 388 857358 367 90 49 98320 64 15 177
142 A 962624 861964 94 15 136 100162 61 14 22 156
143 A 970355 866891 44 73 93 103009 15 14 34 182
144 A 975962 869345 76 63 105 105884 34 29 41 385
145 C 983129 156 551 874647 43 58 88 107413 10 163
146 T 988999 55 877899 210 17 16 110502 44 9 247
147 C 995627 673 161 881483 285 126 60 112649 30 160
148 A 1002555 882846 788 889 3399 113751 119 119 477 167
149 G 1007340 652 206 2788 888556 90 41 373 114480 154
150 T 1013818 554 893413 2618 1758 103 114233 341 240 558
151 G 1021004 185 225 63 902497 44 101 27 117728 134
152 A 1025821 910811 93 94 164 114392 30 22 30 185
153 T 1030194 98 913064 173 46 43 116544 26 9 191
154 T 1038445 352 919102 201 105 62 118398 43 18 164
155 A 1045500 926087 202 425 356 118090 64 54 57 165
156 T 1051041 178 932791 400 358 41 116965 57 52 199
157 G 1054452 131 237 76 941093 33 77 17 112610 178
158 A 1059253 946837 82 41 303 111650 75 12 52 201
159 G 1061487 379 400 130 948170 60 87 29 112014 218
160 G 1063909 425 274 94 952952 63 102 15 109704 280
161 G 1065814 264 144 524 957491 43 70 52 106938 288
162 G 1067152 224 245 316 963641 37 65 44 102357 223
163 C 1072951 388 500 966383 85 91 127 105087 42 248
164 G 1079522 249 336 153 964383 89 94 28 114002 188
165 A 1082710 968405 245 132 332 113109 47 31 80 329
166 C 1088529 468 214 973494 142 70 49 113901 24 167
167 T 1096206 84 975707 628 52 29 119442 88 16 160
168 G 1098208 666 944 422 975952 98 145 65 119733 183
169 A 1104393 981000 331 528 419 121711 41 81 63 219
170 T 1108806 83 988276 180 24 26 119923 37 45 212
171 C 1116136 403 150 994403 764 78 63 119956 100 219
172 C 1122079 249 201 996139 54 126 67 125016 19 208
173 A 1126945 1000674 87 35 248 125544 93 50 41 173
174 G 1126808 184 296 65 999449 61 113 18 126443 179
175 A 1134661 1000554 75 36 151 133526 28 26 66 199
176 A 1137671 998645 97 26 182 138343 46 8 45 279
177 C 1141090 163 831 995796 31 51 199 143756 48 215
178 A 1143439 999053 183 35 189 143622 106 23 30 198
179 G 1142028 100 252 185 1006037 19 82 98 135064 191
180 C 1143874 288 177 1006268 136 71 45 136634 78 177
181 T 1152558 870 1009754 197 868 144 140275 51 145 254
182 T 1158458 170 1020247 191 32 57 137428 105 7 221
183 A 1162656 1022310 401 857 298 138335 80 131 53 191
184 A 1167921 1027738 553 34 287 138918 93 19 43 236
185 C 1173484 207 101 1029212 587 181 36 142837 106 217
186 A 1179316 1030397 690 1536 246 145875 128 228 52 164
187 A 1178267 1034004 69 13 240 143559 24 5 123 230
188 T 1182301 89 1040227 146 6 46 141450 109 10 218
189 A 1184856 1040147 172 48 243 143920 91 13 54 168
190 G 1184641 79 344 120 1045984 31 94 37 137727 225
191 A 1187218 1047860 102 7 200 138731 55 12 26 225
192 G 1186910 266 269 75 1052678 32 58 29 133314 189
193 A 1190181 1051498 72 63 158 138009 43 22 37 279
194 G 1190386 237 247 54 1050641 73 54 12 138814 254
195 A 1190236 1054401 156 63 265 134999 40 17 42 253
196 A 1193148 1059082 65 7 136 133559 14 4 47 234
197 T 1195127 78 1058951 99 17 37 135644 32 10 259
198 G 1193333 152 272 57 1058227 36 106 13 134202 268
199 G 1195578 209 142 37 1053762 46 45 23 141049 265
200 T 1199309 161 1052721 158 79 67 144638 51 104 1330
201 G 1206325 316 318 94 1057416 69 75 24 147829 184
202 C 1211379 517 260 1057877 136 90 60 152173 34 232
203 T 1217562 104 1057024 141 25 40 159891 43 21 273
204 C 1223762 411 1225 1061937 281 140 229 159284 56 199
205 T 1225012 361 1058201 233 27 139 165768 63 16 204
206 C 1223602 194 85 1054744 324 69 53 167878 75 180
207 T 1226858 208 1049073 707 147 130 176174 153 41 225
208 G 1217601 934 405 33 1043549 253 137 22 172107 161
209 C 1219050 240 131 1039717 111 80 120 178380 63 208
210 T 1225962 143 1038960 352 577 54 185412 122 119 223
211 T 1226881 59 1037548 168 36 51 188648 44 97 230
212 T 1228362 442 1036118 151 16 114 191174 51 24 272
213 T 1228529 96 1029692 361 20 47 197978 72 47 216
214 G 1220718 139 198 70 1025192 134 107 19 194669 190
215 A 1212901 1020178 98 12 224 191997 48 45 65 234
216 C 1212772 190 906 1017427 61 102 279 193421 118 268
217 G 1210404 542 1702 2040 1013521 202 398 450 191356 193
218 A 1210771 1016261 2055 546 1146 189726 432 94 250 261
219 A 1211194 1015630 778 1288 610 192112 180 239 152 205
220 A 1211631 1018341 68 102 239 192448 83 37 86 227
221 G 1206176 503 282 79 1019322 176 108 20 185510 176
222 A 1206350 1022297 81 27 347 183201 59 9 97 232
223 A 1203510 1021642 74 341 168 180869 58 60 78 220
224 G 1200379 148 242 41 1022811 44 105 25 176786 177
225 G 1192818 146 452 101 1020383 102 113 41 171259 221
226 A 1185989 1015617 118 103 383 169380 45 24 83 236
227 A 1186868 1012813 375 74 190 173082 101 18 51 164
228 T 1183943 191 1012709 531 249 119 169692 117 54 281
229 A 1183688 1008874 1119 752 557 171733 207 148 124 174
230 A 1180598 1006986 436 517 1502 170439 103 107 289 219
231 A 1172522 1003893 1223 390 474 165905 241 92 87 217
232 T 1170052 83 1001571 416 3 64 167550 72 25 268
233 A 1169604 1006489 139 7 98 162588 76 27 24 156
234 T 1162432 88 1008342 271 6 40 153392 51 26 216
235 C 1161511 297 93 1011421 66 115 55 149235 37 192
236 T 1164163 141 1003325 289 19 56 160014 68 16 235
237 G 1156305 407 328 160 1000359 98 187 48 154492 226
238 G 1154452 267 623 155 997278 111 147 37 155640 194
239 A 1152374 992004 227 499 244 158917 57 105 92 229
240 A 1151340 990252 216 564 274 159522 103 97 111 201
241 G 1148176 202 394 90 990568 136 128 41 156406 211
242 A 1145113 989662 163 66 515 154281 104 22 104 196
243 A 1145758 987384 408 67 393 156919 76 90 96 325
244 C 1144984 1137 1265 984398 136 255 250 157281 57 205
245 A 1149551 985168 512 448 1062 161738 158 100 181 184
246 T 1147791 1497 980759 1374 1267 294 161779 266 215 340
247 C 1149083 470 274 980507 667 126 86 166669 121 163
248 C 1150765 347 259 980308 618 144 70 168663 104 252
249 C 1156943 386 866 980671 638 165 156 173722 112 227
250 A 1162096 983054 788 314 1716 175439 154 96 316 219
251 G 1154631 459 1129 1128 987855 117 238 213 163297 195
252 C 1149260 1154 1166 986150 501 255 180 159430 190 234
253 G 1145521 1437 628 576 983117 247 148 132 159022 214
254 C 1142465 597 593 984021 453 137 220 155915 199 330
255 G 1142320 1709 749 623 985306 282 245 137 153045 224
256 G 1139229 1531 525 2183 979008 239 182 338 155035 188
257 G 1137975 2365 653 710 980728 370 166 123 152656 204
258 G 1134912 648 1179 1507 980063 183 233 244 150661 194
259 A 1136340 984658 127 10 360 150753 64 17 89 262
260 A 1135910 992301 82 12 206 142564 425 13 81 226
261 G 1134786 298 292 44 992688 67 115 23 141064 195
262 G 1130034 3694 430 35 988596 597 426 15 136034 207
263 A 1126381 990648 66 41 786 134096 390 28 108 218
264 T 1123450 103 989357 2715 26 49 130134 742 15 309
265 C 1120529 280 740 989995 841 80 461 127750 129 253
266 C 1125455 424 415 986757 373 147 368 136645 66 260
267 T 1132651 420 987459 1919 412 146 141501 511 83 200
268 A 1131874 986464 74 3684 609 140083 41 666 83 170
269 A 1130492 988396 871 595 3373 136388 132 62 476 199
270 G 1128556 1649 1954 742 991572 320 267 77 131692 283
271 A 1126703 995455 61 373 128 130381 11 51 38 205
272 A 1127901 993323 26 7 615 133584 85 7 71 183
273 A 1125093 989976 327 32 364 134088 44 7 65 190
274 A 1121817 991496 58 51 105 129569 41 51 40 406
275 C 1121261 156 48 990699 29 75 39 129988 20 207
276 T 1121286 122 986871 618 114 32 133108 106 40 275
277 G 1117258 183 182 58 987533 40 131 18 128892 221
278 G 1117077 116 101 68 989835 37 62 18 126644 196
279 A 1121190 991637 103 30 439 128567 34 13 108 259
280 G 1119932 151 171 29 991942 39 57 14 127325 204
281 G 1117923 147 173 36 991598 63 66 18 125562 260
282 A 1115502 987769 169 745 299 125278 43 159 82 958
283 C 1116876 132 186 988470 99 50 52 127610 20 257
284 C 1119089 244 115 987818 40 82 44 130486 16 244
285 C 1119714 315 249 983218 73 124 61 135370 21 283
286 A 1122075 981902 103 133 309 139289 43 34 52 210
287 T 1118729 86 980534 126 11 53 137685 31 10 193
288 A 1114596 979132 146 32 181 134845 48 13 30 169
289 T 1115782 74 977429 158 13 47 137772 48 8 233
290 A 1113485 975908 128 9 157 136826 44 16 24 373
291 C 1113459 180 304 976784 56 141 63 135594 24 313
292 A 1115117 974773 92 86 240 139601 28 15 56 226
293 A 1115935 972866 130 19 305 142275 60 13 44 223
294 G 1114835 201 294 99 972236 61 73 34 141658 179
295 A 1113278 968664 96 399 262 143415 64 57 55 266
296 G 1108921 175 202 106 965823 47 71 29 142256 212
297 A 1107249 964329 115 290 264 141808 31 44 60 308
298 G 1105062 863 498 670 962789 142 91 98 139723 188
299 T 1105717 891 962349 1435 372 316 137373 208 188 2585
300 A 1106662 963880 542 1087 1159 139352 109 155 187 191
301 G 1104866 133 286 109 967582 42 78 36 136395 205
302 A 1104662 968587 99 82 131 135515 18 22 29 179
303 T 1106982 142 968041 355 37 64 138008 59 16 260
304 A 1108607 964450 353 650 1761 140778 76 110 280 149
305 G 1104231 415 301 1438 962743 133 74 231 138704 192
306 A 1104834 962233 720 1549 487 139151 119 250 93 232
307 A 1107808 968341 75 224 388 138450 37 36 61 196
308 A 1107415 970440 168 174 525 135729 35 47 94 203
309 G 1108874 317 367 47 968759 69 97 36 138977 205
310 T 1111219 109 967526 127 9 107 141622 44 211 1464
311 G 1110922 215 204 29 965897 38 113 32 144168 226
312 G 1109371 70 210 41 966636 34 77 34 142027 242
313 A 1109109 964817 202 322 432 142926 52 51 93 214
314 T 1104065 394 963932 321 75 89 138865 54 41 294
315 G 1103320 485 470 177 966757 96 127 29 135028 151
316 A 1102871 959558 96 237 304 142176 89 40 85 286
317 G 1096683 200 284 34 952878 54 140 13 142882 198
318 G 1093851 210 132 186 952360 58 81 36 140520 268
319 G 1087681 560 213 62 949843 108 79 16 136394 406
320 A 1087183 946960 53 14 168 139637 33 12 41 265
321 A 1084403 946639 115 32 190 136111 48 107 42 1119
322 C 1080764 153 216 946564 59 55 45 133481 24 167
323 T 1079662 84 944686 403 136 33 133885 87 34 314
324 C 1082152 287 238 945642 58 81 63 135576 17 190
325 G 1080614 770 243 61 943221 197 75 48 135772 227
326 T 1081682 124 941359 218 135 52 139310 50 51 383
327 C 1084472 216 152 937441 565 62 69 145675 96 196
328 C 1087786 325 108 936297 36 136 64 150525 25 270
329 T 1089494 44 935765 155 12 74 153196 60 13 175
330 T 1087049 116 933826 150 67 72 152544 63 16 195
331 T 1083603 1075 930613 281 78 215 151069 63 20 189
332 A 1079016 925304 778 609 142 151669 213 118 19 164
333 T 1076323 882 918941 449 329 187 155166 77 76 216
334 G 1070929 388 249 76 915835 115 112 72 153838 244
335 A 1068828 913696 151 61 290 154098 73 30 82 347
336 C 1071036 170 273 910226 81 234 82 159544 40 386
337 A 1076264 908978 49 15 117 166789 47 34 31 204
338 A 1074141 902720 37 12 103 170985 21 18 30 215
339 A 1078333 903278 53 16 350 174272 49 12 106 197
340 G 1079555 122 255 117 911001 145 76 40 167561 238
341 A 1079945 916079 154 11 143 163260 34 13 35 216
342 A 1083285 920455 167 59 173 162119 44 16 55 197
343 G 1078076 123 191 40 925114 104 94 20 152071 319
344 A 1077565 920284 67 13 128 156804 31 9 44 185
345 A 1074226 914726 48 9 162 159049 17 9 31 175
346 A 1073385 913973 85 10 428 158569 36 8 91 185
347 T 1071876 76 908498 96 40 112 162674 39 24 317
348 A 1078838 911576 170 164 220 166380 53 46 62 167
349 A 1081451 915217 84 49 220 165520 44 21 67 229
350 G 1076976 209 266 72 917653 70 100 28 158352 226
351 G 1071867 206 189 23 918615 63 52 32 152469 218
352 C 1070649 283 190 921878 52 93 79 147682 83 309
353 G 1069550 217 220 53 919483 97 69 31 149141 239
354 A 1069648 922469 70 38 137 146647 31 16 46 194
355 A 1070030 920233 47 42 248 149124 41 18 47 230
356 T 1071973 94 922287 340 19 34 148850 84 22 243
357 C 1070815 282 434 925059 123 94 105 144474 46 198
358 T 1076982 78 925294 227 26 65 150864 52 47 329
359 G 1074725 169 176 43 927185 54 69 32 146796 201
360 G 1071552 119 156 24 927824 39 55 34 143052 249
361 C 1076300 329 579 928261 96 88 161 146415 47 324
362 G 1074263 644 235 72 928725 128 49 61 144070 279
363 C 1072649 205 229 931316 221 40 51 140332 55 200
364 C 1080767 959 155 931488 324 269 59 146954 73 486
365 A 1081737 926514 516 588 251 153448 98 103 47 172
366 A 1081410 924151 603 460 443 155210 117 92 99 235
367 G 1078321 233 250 46 927368 97 76 27 150067 157
368 C 1073455 199 156 931006 71 56 44 141697 38 188
369 C 1073786 163 238 932614 40 78 45 140373 19 216
370 A 1076282 933738 24 34 155 142013 35 23 43 217
371 A 1082121 935599 97 17 95 146023 13 30 43 204
372 T 1082240 126 937364 142 6 83 144307 33 11 168
373 A 1085493 941921 358 114 275 142447 108 41 51 178
374 A 1086293 942105 309 89 576 142779 71 51 115 198
375 T 1090870 320 942914 461 81 103 146671 118 26 176
376 G 1089423 277 342 227 940196 73 113 64 147942 189
377 G 1088057 248 266 87 939210 86 67 24 147890 179
378 T 1089157 215 940590 259 324 126 145688 57 162 1736
379 G 1087963 530 1124 380 945582 114 218 90 139743 182
380 A 1087328 946766 640 662 321 138464 118 105 78 174
381 T 1088066 720 947363 808 144 122 138545 115 49 200
382 G 1088796 1931 484 666 945718 363 112 125 139218 179
383 A 1087682 950078 841 1129 579 134447 164 173 86 185
384 T 1088622 871 949611 1009 759 144 135715 193 112 208
385 G 1089809 799 280 103 953836 183 95 33 134293 187
386 C 1089598 311 399 955090 529 98 142 132743 87 199
387 A 1094140 957779 163 793 387 134483 77 127 98 233
388 A 1095713 962622 123 315 161 131991 48 97 35 321
389 C 1097367 671 112 965602 128 195 42 130340 30 247
390 A 1100349 965249 224 102 195 134280 46 35 34 184
391 G 1102647 246 694 1324 967559 91 133 182 132245 173
392 C 1101801 348 156 968450 86 88 83 132402 20 168
393 T 1101878 183 965804 1343 286 56 133777 190 40 199
394 G 1100630 161 256 31 962949 62 107 14 136876 174
395 G 1091392 136 110 26 959099 30 34 20 131767 170
396 T 1087744 100 955932 349 9 33 130619 57 41 604
397 C 1086047 502 221 951445 62 97 51 133519 19 131
398 T 1087440 63 950771 294 14 35 136035 51 7 170
399 G 1081013 483 434 383 947759 93 97 81 131519 164
400 A 1078763 948910 141 14 297 128978 41 27 44 311
401 C 1083085 195 107 949115 44 45 24 133361 15 179
402 T 1084690 113 949047 571 59 37 134551 84 13 215
403 C 1085402 264 127 947313 58 71 35 137364 16 154
404 A 1087742 949011 113 15 170 137968 29 23 37 376
405 C 1089043 206 212 954656 32 49 65 133630 16 177
406 A 1093898 954997 168 319 258 137843 26 76 42 169
407 T 1096909 89 957374 166 62 39 138963 28 17 171
408 G 1095344 216 360 536 962226 37 129 96 131593 151
409 A 1093908 964826 63 7 167 128617 18 7 39 164
410 T 1094646 107 962127 138 7 46 132007 30 7 177
411 G 1095091 128 213 39 963033 48 82 21 131365 162
412 A 1096758 964780 80 21 139 131465 44 13 20 196
413 T 1094067 79 965550 133 5 21 128057 18 11 193
414 C 1094269 263 109 961993 61 99 27 131493 32 192
415 T 1096658 85 961649 345 43 44 134245 57 14 176
416 G 1088699 211 228 51 961518 66 94 22 126312 197
417 G 1084752 205 175 38 962596 49 45 20 121408 216
418 C 1085725 259 212 962306 69 52 50 122529 19 229
419 A 1087955 962195 58 8 139 125298 21 5 27 204
420 T 1090305 73 963576 290 115 14 125951 50 17 219
421 T 1090477 218 966190 218 22 31 123543 45 10 200
422 C 1089300 229 116 967124 184 61 31 121297 29 229
423 C 1090553 235 205 965676 58 109 39 123956 29 246
424 A 1093635 964521 80 13 150 128603 19 10 31 208
425 A 1092525 964712 45 12 123 127382 24 8 20 199
426 T 1091301 80 961009 2272 16 19 127389 287 2 227
427 T 1094485 54 964374 182 19 32 129537 40 7 240
428 T 1096642 68 962510 182 26 19 133603 24 19 191
429 G 1096418 203 250 54 962762 59 126 26 132764 174
430 A 1098121 966846 81 42 201 130661 33 5 36 216
431 A 1097393 964515 54 33 186 132312 19 21 42 211
432 T 1097106 110 960652 136 25 31 135896 29 13 214
433 G 1093243 129 249 44 960806 32 117 34 131657 175
434 A 1090278 962898 96 14 121 126890 18 14 29 198
435 T 1090397 73 960273 160 11 37 129588 35 20 200
436 A 1090833 954951 444 9 831 134015 92 19 131 341
437 C 1091409 177 154 954957 820 84 47 134856 130 184
438 A 1096426 955753 190 961 431 138630 62 138 66 195
439 A 1095510 957576 102 10 176 137246 33 23 40 304
440 C 1095252 194 110 958500 33 88 81 136037 26 183
441 A 1094664 954886 36 25 169 139261 18 15 96 158
442 T 1088738 52 949451 120 5 27 138780 93 12 198
443 A 1088258 948488 69 11 156 138311 24 145 64 990
444 C 1090958 144 95 949742 38 43 46 140609 83 158
445 C 1092349 234 131 947649 48 129 55 143818 107 178
446 A 1101913 951398 104 16 256 149739 151 17 49 183
447 G 1102587 142 250 56 954398 38 100 24 147427 152
448 A 1105192 948983 48 42 199 155509 40 130 55 186
449 G 1103707 129 205 44 946638 35 127 24 156299 206
450 G 1098980 190 153 42 945929 155 68 35 152207 201
451 A 1100301 944957 136 11 184 154431 54 20 71 437
452 C 1100663 144 135 945186 29 56 60 154812 25 216
453 A 1103975 944991 63 93 304 158179 36 38 65 206
454 A 1099333 944047 107 387 221 154177 55 74 42 223
455 G 1101348 143 116 46 947263 115 75 27 153276 287
456 A 1098242 949210 308 60 345 147915 67 16 63 258
457 G 1094592 115 290 68 951792 39 63 26 142041 158
458 C 1097004 234 81 951042 76 74 24 145268 30 175
459 T 1100844 274 953605 238 96 68 146254 51 20 238
460 C 1102011 1142 356 957007 154 203 116 142617 48 368
461 T 1101691 145 962290 174 12 79 138694 49 12 236
462 T 1106954 1254 960868 405 180 235 143639 73 71 229
463 G 1105895 305 225 59 959964 64 80 13 144996 189
464 T 1103575 165 955649 197 57 43 147078 43 28 315
465 T 1101569 302 952272 253 98 87 148111 153 34 259
466 C 1099796 264 276 951268 60 103 111 147501 34 179
467 G 1103143 366 172 72 955707 160 155 33 146229 249
468 C 1105730 284 546 964981 176 61 114 139357 44 167
469 A 1108643 963951 253 82 1038 141536 197 90 179 1317
470 C 1110962 125 1471 962314 337 41 226 146061 178 209
471 C 1114373 561 1045 958896 2515 153 220 150314 466 203
472 G 1116743 369 263 56 960642 145 177 22 154813 256
473 G 1115197 373 140 128 965305 133 81 48 148775 214
474 C 1115816 329 330 962570 196 80 107 151960 60 184
475 A 1111058 958576 984 220 218 150576 178 46 80 180
476 T 1111359 61 958223 150 12 32 152613 34 27 207
477 G 1107245 638 320 132 955178 156 129 45 150426 221
478 G 1101886 133 212 54 958996 40 61 27 142168 195
479 A 1104140 960937 57 28 184 142605 25 28 42 234
480 T 1105276 87 962886 253 35 47 141638 62 27 241
481 C 1105240 315 899 960852 871 82 170 141693 155 203
482 C 1107691 237 243 964746 291 99 59 141684 63 269
483 C 1108706 1025 282 962623 617 250 106 143440 118 245
484 A 1115253 967553 36 496 312 146391 47 87 67 264
485 G 1114943 119 246 48 969813 55 90 28 144344 200
486 G 1113160 274 613 52 970330 79 159 13 141422 218
487 A 1111268 967331 292 40 386 142800 75 13 62 269
488 T 1114218 69 969265 590 182 36 143663 102 57 254
489 G 1111926 326 745 139 971242 66 151 35 139020 202
490 T 1111407 574 970653 154 851 109 138228 44 200 594
491 G 1109439 583 486 838 967474 112 124 155 139475 192
492 C 1109138 757 385 964200 227 161 73 143049 72 214
493 T 1114365 1000 961228 163 318 181 151080 62 114 219
494 C 1116896 1003 76 958106 190 297 31 156853 43 297
495 T 1119749 188 956147 840 392 141 161577 166 102 196
496 C 1121175 519 168 956359 68 134 47 163638 38 204
497 T 1124727 148 958918 298 16 148 164861 92 55 191
498 G 1119797 227 339 315 961284 120 121 160 157045 186
499 A 1119672 963682 148 491 121 154637 73 153 164 203
500 T 1124657 98 969496 152 21 80 154483 63 18 246
501 G 1126607 330 242 39 968314 164 86 50 157195 187
502 C 1128389 212 321 973543 431 64 179 153340 88 211
503 A 1128096 973674 67 441 422 152879 82 83 151 297
504 G 1123578 392 268 118 974657 83 159 56 147677 168
505 G 1117766 111 160 52 971580 53 137 44 145423 206
506 G 1119637 145 113 39 972183 31 73 27 146853 173
507 T 1118479 61 973551 321 243 43 143176 120 148 816
508 T 1114250 79 975388 103 14 72 138300 73 11 210
509 C 1115904 218 328 979321 66 98 218 135414 32 209
510 G 1117568 340 298 75 977793 173 79 79 138507 224
511 A 1118297 977953 108 10 201 138909 64 52 89 911
512 C 1121879 201 96 983521 36 98 54 137738 15 120
513 T 1124961 65 982751 295 9 39 141344 122 36 300
514 C 1122168 270 154 980751 73 95 53 140585 20 167
515 T 1123629 110 978910 260 17 122 143798 85 17 310
516 C 1126526 354 316 978933 51 71 91 146459 41 210
517 C 1133493 255 157 981472 201 151 43 150952 38 224
518 C 1137971 395 181 985554 59 146 48 151395 36 157
519 T 1140905 263 984115 393 563 94 155090 99 102 186
520 A 1139246 977082 77 9 154 161594 55 32 48 195
521 G 1137356 84 243 63 977668 27 103 60 158908 200
522 G 1137415 106 166 31 979662 89 57 31 157069 204
523 A 1136800 977291 82 42 210 158743 37 16 60 319
524 G 1139404 1165 221 23 978537 200 71 98 158927 162
525 G 1139509 122 116 43 982687 36 134 32 156149 190
526 T 1143287 86 984913 156 92 56 156620 170 139 1055
527 C 1145411 170 83 989072 53 66 47 155684 35 201
528 T 1151719 99 996396 734 104 54 153956 149 30 197
529 G 1153322 182 165 53 998884 58 201 29 153566 184
530 G 1155782 96 140 42 1003820 39 167 18 151228 232
531 A 1157479 1008884 116 871 308 146631 49 158 185 277
532 G 1158299 280 279 181 1013192 156 74 53 143909 175
533 C 1162821 417 158 1018871 79 83 36 142936 29 212
534 T 1169758 136 1025899 937 109 33 142232 136 35 241
535 G 1169032 434 249 53 1031805 68 63 26 136150 184
536 C 1171839 242 183 1029519 41 54 68 141495 35 202
537 A 1175892 1027748 283 622 893 145787 122 90 120 227
538 G 1175001 93 142 58 1032868 21 54 18 141588 159
539 G 1173150 126 154 30 1032332 40 52 29 140184 203
540 C 1174292 618 376 1028971 77 116 71 143789 32 242
541 G 1179421 335 408 133 1028521 82 107 31 149626 178
542 C 1182997 215 157 1030266 144 52 40 151865 47 211
543 T 1189872 113 1034728 654 139 37 153789 114 50 248
544 G 1190302 462 243 67 1032580 127 82 27 156514 200
545 C 1195244 393 532 1031999 58 82 118 161815 38 209
546 A 1203641 1034810 172 110 327 167821 70 34 67 230
547 G 1206454 387 233 36 1035285 98 66 45 170164 140
548 T 1207784 99 1037934 319 39 60 168779 180 38 336
549 C 1212285 347 226 1042697 178 111 195 168227 30 274
550 A 1216939 1042049 98 17 155 174107 39 167 44 263
551 A 1223070 1049958 72 8 138 172396 64 123 47 264
552 A 1225527 1055871 74 93 707 168331 39 38 149 225
553 G 1228095 111 204 51 1052708 53 100 46 174620 202
554 G 1226131 113 210 36 1049245 143 79 16 176052 237
555 A 1229083 1052181 221 40 311 175775 69 103 107 276
556 G 1226206 771 167 65 1055126 167 52 93 169621 144
557 T 1223902 62 1059130 211 19 62 163324 68 95 931
558 T 1232120 264 1069366 513 104 66 161319 144 75 269
559 G 1232774 169 263 47 1071704 78 178 57 160052 226
560 G 1232465 199 191 63 1075839 47 119 36 155759 212
561 G 1232729 211 210 50 1080227 81 58 21 151656 215
562 A 1233680 1078323 225 14 237 154386 45 24 64 362
563 C 1236747 154 171 1079683 63 69 61 156256 28 262
564 A 1239601 1081050 102 75 251 157720 40 25 58 280
565 A 1241667 1085021 323 275 203 155392 88 61 58 246
566 T 1247011 154 1092653 163 264 44 153416 41 64 212
567 G 1246661 415 447 449 1096083 80 143 93 148761 190
568 G 1244271 251 171 29 1096804 64 41 20 146689 202
569 T 1245253 133 1092346 365 275 74 149086 101 305 2568
570 G 1244746 404 371 216 1098178 78 113 77 145137 172
571 A 1245255 1097002 448 8 172 147217 80 36 36 256
572 T 1246384 93 1096853 184 38 34 148903 50 17 212
573 G 1248452 500 207 68 1098222 142 119 37 148938 219
574 G 1245273 101 239 58 1093398 48 62 41 151104 222
575 A 1246358 1090737 107 13 399 154602 46 14 128 312
576 G 1248181 566 181 60 1091473 96 91 16 155511 187
577 T 1248743 168 1096039 603 113 67 150715 101 95 842
578 T 1251972 54 1098646 337 29 18 152566 56 20 246
579 G 1250060 809 359 115 1103096 135 128 53 145184 181
580 A 1251697 1106339 146 19 400 144385 31 35 69 273
581 T 1254728 69 1104298 282 21 57 149693 61 40 207
582 A 1259792 1100281 83 49 245 158762 68 17 51 236
583 A 1263821 1101315 76 269 171 161590 83 46 65 206
584 G 1265955 131 278 43 1105843 36 176 67 159183 198
585 G 1263984 270 308 33 1105396 83 87 27 157562 218
586 A 1266671 1107225 143 144 271 158536 68 38 39 207
587 T 1272872 175 1111198 139 96 46 160860 36 46 276
588 G 1271596 188 281 142 1112497 51 138 42 158065 192
589 A 1272753 1113039 135 24 368 158844 50 7 89 197
590 T 1272611 184 1113539 194 56 64 158260 36 14 264
591 C 1273768 431 191 1112094 122 169 72 160413 32 244
592 A 1281138 1113944 74 16 162 166634 28 23 35 222
593 A 1282222 1116814 64 30 130 164844 21 12 30 277
594 A 1279238 1113474 43 116 168 165009 23 49 42 314
595 C 1280334 222 181 1113392 50 77 63 166082 38 229
596 G 1278871 275 252 43 1115622 51 96 50 162311 171
597 T 1282794 75 1121417 176 252 32 160098 49 117 578
598 G 1281800 278 219 62 1121806 73 162 32 158902 266
599 G 1281827 182 208 104 1121886 44 133 40 158969 261
600 G 1282094 209 199 96 1120039 39 76 28 161204 204
601 A 1285227 1122818 131 49 770 161004 42 8 110 295
602 T 1285897 90 1123993 313 34 29 161090 61 23 264
603 C 1281627 270 184 1118347 264 113 74 162067 51 257
604 A 1281279 1120038 86 323 305 160133 26 64 67 237
605 A 1284368 1117897 351 84 157 165508 115 33 38 185
606 T 1287183 346 1118324 380 22 74 167675 104 38 220
607 G 1290909 138 266 69 1125247 58 138 65 164778 150
608 A 1289192 1128474 112 5 138 160095 53 13 25 277
609 T 1287254 120 1125441 222 7 29 161083 54 15 283
610 C 1290364 352 314 1129545 55 135 164 159505 33 261
611 G 1295742 337 193 55 1132560 135 173 34 162006 249
612 G 1291987 218 277 214 1132784 59 70 63 158102 200
613 A 1293383 1131338 334 5 375 160876 69 14 60 312
614 A 1299040 1126733 56 192 387 171020 31 51 61 509
615 C 1302690 164 313 1124074 47 53 64 177762 26 187
616 T 1303857 218 1124323 183 58 46 178693 40 23 273
617 T 1299629 64 1122607 141 24 26 176502 29 18 218
618 C 1299349 372 235 1124925 55 108 105 173295 24 230
619 T 1300807 112 1117797 328 14 53 182169 79 16 239
620 G 1298321 234 373 68 1118642 65 288 35 178405 211
621 G 1293491 119 268 146 1118512 38 92 47 174050 219
622 A 1293215 1117047 126 625 263 174589 72 97 94 302
623 G 1294875 108 267 53 1117334 55 90 34 176753 181
624 A 1293675 1113176 93 184 1157 178387 50 36 259 333
625 G 1293743 173 220 46 1120942 53 94 15 172013 187
626 G 1290291 158 114 43 1123943 51 47 16 165703 216
627 T 1295918 178 1122142 286 136 86 169694 69 310 3017
628 G 1302448 200 224 45 1132431 93 83 14 169149 209
629 A 1303167 1134284 99 12 236 168176 36 17 71 236
630 A 1304796 1137156 799 72 167 166181 137 17 37 230
631 A 1303023 1131609 665 1318 3561 164684 114 227 565 280
632 A 1303094 1130460 2931 1921 954 165643 503 307 163 212
633 T 1304690 519 1133722 1967 1282 121 166243 312 248 276
634 G 1299428 295 264 53 1139359 63 171 27 159000 196
635 G 1299229 124 183 107 1136300 69 76 34 162076 260
636 A 1299344 1132368 193 429 388 165418 43 102 104 299
637 C 1304243 271 336 1134230 50 128 100 168831 54 243
638 G 1306910 273 210 37 1132296 124 81 53 173564 272
639 A 1307016 1133313 60 101 255 172908 31 26 92 230
640 A 1309582 1133341 219 404 197 175024 55 55 50 237
641 A 1309680 1127290 88 1058 424 180315 33 175 73 224
642 A 1309264 1127504 42 428 430 180470 17 72 63 238
643 A 1305707 1123762 303 242 915 179826 66 91 170 332
644 C 1306356 156 323 1125529 341 128 70 179478 90 241
645 A 1311095 1128393 437 535 627 180565 100 116 113 209
646 A 1310496 1125139 77 41 274 184559 57 15 92 242
647 G 1306360 158 241 32 1121916 42 154 24 183606 187
648 G 1306011 153 190 36 1122136 100 75 28 183059 234
649 A 1304642 1119246 318 193 536 183854 75 44 114 262
650 G 1300393 725 344 554 1117242 168 96 84 180965 215
651 T 1300940 533 1113023 386 241 182 184935 96 288 1256
652 G 1298108 948 256 63 1113383 204 165 37 182806 246
653 C 1292984 229 119 1110583 796 90 83 180689 162 233
654 T 1298935 118 1114190 927 29 63 183187 185 19 217
655 T 1305146 28 1120923 195 18 85 183582 92 15 208
656 A 1304605 1122435 96 25 132 181495 43 60 51 268
657 C 1307054 161 279 1125992 53 74 227 180043 44 181
658 G 1309853 271 298 55 1129692 59 137 30 179076 235
659 A 1309572 1129599 85 52 246 179185 104 17 54 230
660 G 1307519 88 258 71 1134879 38 73 14 171891 207
661 A 1308852 1134686 80 17 253 173469 45 13 62 227
662 G 1306364 524 226 46 1133680 118 75 21 171464 210
663 A 1300752 1124217 58 22 183 175945 33 15 45 234
664 A 1297377 1119496 632 58 258 176501 109 17 73 233
665 T 1293062 448 1112103 127 166 110 179816 39 46 207
666 G 1288127 358 648 307 1110392 77 129 63 175942 211
667 T 1283842 453 1109796 235 32 104 172456 45 43 678
668 G 1277344 248 216 261 1104815 63 93 61 171394 193
669 C 1270864 239 318 1100385 72 90 81 169351 54 274
670 A 1269813 1098248 62 9 156 170991 26 24 37 260
671 A 1271824 1098596 116 12 171 172496 33 23 35 342
672 C 1272983 195 150 1100341 32 115 48 171839 23 240
673 A 1275189 1100106 348 43 229 174071 93 37 59 203
674 T 1276331 50 1104313 489 307 33 170737 101 61 240
675 T 1276893 65 1102583 639 18 34 173125 151 9 269
676 C 1276449 193 98 1105059 52 85 58 170624 28 252
677 T 1273979 136 1101724 219 11 66 171515 72 13 223
678 C 1272235 266 125 1100391 65 149 69 170771 33 366
679 A 1274936 1101574 49 7 195 172724 42 28 54 263
680 A 1272178 1099403 84 15 134 172203 38 20 23 258
681 A 1267132 1094282 48 20 436 172012 23 11 99 201
682 G 1266332 117 247 43 1090619 55 95 16 174950 190
683 G 1261746 139 206 44 1086861 82 58 25 174076 255
684 A 1253262 1085181 99 17 337 167269 24 11 67 257
685 A 1249928 1085138 39 5 177 164269 10 8 45 237
686 A 1247881 1081692 32 11 134 165778 12 11 24 187
687 A 1240933 1080891 132 5 175 159423 53 8 42 204
688 T 1237516 56 1080403 126 25 28 156544 40 24 270
689 T 1235689 44 1080750 151 16 14 154439 31 11 233
690 T 1228197 80 1076203 233 22 33 151319 66 11 230
691 C 1223174 457 180 1074077 141 395 71 147171 36 646
692 A 1219099 1072435 245 352 835 144815 51 68 111 187
693 A 1213237 1068973 78 361 337 143143 23 48 45 229
694 A 1209538 1063675 54 429 538 144349 20 94 76 303
695 C 1205953 707 209 1059771 229 205 47 144491 43 251
696 A 1202092 1056011 418 342 149 144815 57 69 32 199
697 G 1196439 1079 263 826 1051980 177 49 126 141772 167
698 C 1192323 341 134 1052092 52 92 25 139384 37 166
699 T 1187179 156 1048370 733 207 43 137135 134 53 348
700 G 1180223 444 256 609 1042487 107 69 114 135894 243
701 C 1175261 245 217 1041882 141 82 36 132380 41 237
702 A 1171589 1036825 216 370 317 133299 44 92 57 369
703 C 1166434 179 145 1029508 31 1084 37 132124 28 3298
704 A 1164877 1027593 30 21 174 136765 22 25 34 213
705 A 1157371 1021084 95 10 181 135663 35 19 25 259
706 A 1153443 1017900 49 224 311 134398 48 47 128 338
707 G 1148266 571 257 27 1015067 114 80 13 131877 260
708 G 1136349 219 156 83 1008629 40 51 33 126843 295
709 G 1129188 354 579 45 1004705 72 90 41 123010 292
710 C 1123873 274 245 1002609 290 233 53 119487 49 633
711 A 1118019 997180 712 419 275 118998 82 68 47 238
712 A 1109507 988902 84 114 197 119908 24 16 43 219
713 T 1102006 89 982027 148 71 29 119380 26 32 204
714 G 1092187 235 290 77 975437 59 72 14 115868 135
715 A 1082467 967227 113 19 355 114498 31 9 52 163
716 T 1076095 100 961511 228 20 20 113823 29 68 296
717 G 1070386 212 203 59 957244 61 70 17 112318 202
718 G 1062264 431 220 625 950894 101 63 70 109673 187
719 A 1050937 941137 87 75 277 109111 19 15 40 176
720 T 1043030 307 932488 276 471 65 109080 33 66 244
721 C 1034437 213 110 922063 71 160 17 111399 22 382
722 A 1026197 907733 65 10 283 117882 17 3 41 163
723 A 1015237 894802 43 6 234 119874 28 7 45 198
724 G 1008431 165 205 41 886346 28 45 12 121441 148
725 T 998599 99 878195 186 53 96 119087 38 64 781
726 G 989577 563 826 88 871699 104 128 11 115986 172
727 A 980460 866502 152 33 229 113280 24 8 47 185
728 G 967457 972 234 89 857368 144 30 9 108463 148
729 A 960419 853105 110 27 658 106212 27 8 99 173
730 G 949802 136 159 46 842094 77 22 9 106883 376
731 A 940329 832865 44 17 189 106954 12 10 37 201
732 A 926484 820340 29 30 165 105696 4 7 31 182
733 A 917241 812213 142 56 827 103682 29 7 108 177
734 G 907341 120 125 824 804567 29 16 122 101358 180
735 T 900613 497 798395 404 335 96 100133 91 63 599
736 C 888749 176 176 786102 48 51 41 101937 24 194
737 G 874258 267 145 48 774484 88 45 14 98938 229
738 G 863839 248 101 49 767642 63 18 12 95387 319
739 A 854573 759238 138 10 229 94745 31 10 32 140
740 A 845830 744343 60 180 153 95201 17 429 24 5423
741 C 834602 136 205 739837 110 27 35 94029 30 193
742 C 821175 117 107 726598 18 51 17 94080 13 174
743 C 810432 140 88 716651 64 90 14 93133 19 233
744 A 804198 706345 69 56 172 97354 16 11 50 125
745 G 792061 101 132 26 694125 23 25 7 97447 175
746 G 779602 87 134 19 681942 54 25 4 96798 539
747 A 768485 675114 38 2 166 92932 11 8 35 179
748 A 761367 666960 85 15 152 93960 9 5 25 156
749 A 755338 658045 34 70 101 96872 12 12 21 171
750 T 748998 72 650801 146 54 14 97693 25 19 174
751 G 737111 116 203 28 640789 33 39 11 95764 128
752 C 726973 148 138 636487 28 51 27 89928 24 142
753 T 716636 96 625594 213 77 31 90404 37 18 166
754 G 709368 63 113 37 618728 52 31 8 90217 119
755 A 698602 609017 49 6 122 89241 17 5 34 111
756 G 688468 58 137 32 599037 26 37 8 89014 119
757 A 677901 593179 37 4 114 84394 16 7 11 139
758 T 668654 20 581640 66 5 21 86719 21 13 149
759 C 658810 139 137 571137 31 111 30 87069 23 133
760 G 646509 147 116 34 559220 117 37 7 86686 145
761 A 634816 551287 56 2 77 83222 10 9 24 129
762 A 628201 538955 36 5 108 88931 12 7 34 113
763 G 616753 44 86 14 523817 30 17 6 92629 110
764 A 605038 513122 38 1 45 91676 15 7 9 125
765 T 594626 31 504529 77 3 20 89825 14 5 122
766 C 584736 165 227 495752 28 51 51 88367 8 87
767 T 579636 67 486495 108 58 67 92678 34 21 108
768 C 569195 210 193 474461 148 95 42 93917 44 85
769 A 558085 464644 120 1206 67 91466 24 250 22 286
770 T 550567 76 458084 74 58 25 92107 17 29 97
771 C 543574 155 74 449560 38 88 20 93092 20 527
772 T 534952 30 434928 72 4 65 99744 22 4 83
773 T 525136 16 424807 68 3 5 100117 25 9 86
774 T 515008 23 419313 108 1 24 95400 31 5 103
775 C 506897 129 46 413062 65 57 24 93403 33 78
776 T 499710 51 407415 75 11 63 91885 22 19 169
777 G 486220 63 143 15 398828 37 40 19 86973 102
778 G 472844 89 107 14 392708 31 20 10 79756 109
779 C 461088 118 106 382777 59 38 38 77832 20 100
780 A 452530 373833 89 28 89 78103 21 7 32 328
781 C 445113 83 115 367038 15 35 34 77625 21 147
782 G 435823 87 79 6 359019 40 43 8 76461 80
783 G 425207 83 66 9 348611 15 19 8 76263 133
784 T 418671 23 338544 55 27 26 79721 23 29 223
785 C 410617 87 34 332390 26 51 16 77908 26 79
786 T 402205 64 324396 177 23 35 77377 46 9 78
787 G 388436 136 260 15 314783 88 82 2 72985 85
788 C 377009 77 95 305420 188 40 25 71038 78 48
789 A 368315 291458 96 125 62 75267 28 60 21 1198
790 C 359572 55 47 283421 14 33 13 75938 13 38
791 T 351818 34 272853 51 3 30 78745 23 15 64
792 C 342561 103 52 263478 18 63 17 78731 19 80
793 A 335893 250231 62 119 173 85102 36 41 78 51
794 T 325887 16 241447 135 3 19 84159 52 3 53
795 A 313588 231292 31 120 159 81716 26 51 66 127
796 T 305436 13 217771 84 115 17 87302 24 49 61
797 T 298927 16 209229 39 3 22 89511 17 15 75
798 G 291964 55 49 165 205250 43 32 73 86256 41
799 A 284223 199146 21 21 45 84881 8 19 21 61
800 G 278959 51 27 11 194563 39 23 7 84210 28
801 A 271005 186572 18 6 93 84016 17 6 81 196
802 G 261628 306 387 12 179574 134 179 8 80995 33
803 G 253681 36 209 344 173526 48 98 150 79212 58
804 G 242557 40 385 282 167275 33 177 135 74176 54
805 T 234312 20 161578 24 5 64 72334 29 74 184
806 C 225261 38 24 152887 19 64 14 72151 26 38
807 A 215669 144637 36 9 178 70628 31 10 101 39
808 G 204823 28 16 8 135864 25 28 10 68784 60
809 T 195570 12 124171 28 5 55 71218 27 12 42
810 T 189566 109 116252 30 3 90 73029 28 5 20
811 G 177407 44 13 4 107724 73 24 15 69462 48
812 C 170270 24 16 103318 29 27 25 66761 50 20
813 T 165192 7 91677 69 6 34 73264 64 6 65
814 C 158906 31 17 83823 3 61 27 74902 25 17
815 A 154450 80388 14 2 13 73953 13 11 32 24
816 C 148387 22 22 78306 4 129 24 69515 14 351
817 A 142704 73128 4 2 6 69493 18 6 28 19
818 A 137779 66549 3 0 6 71156 11 4 26 24
819 A 132156 63997 4 0 14 67987 60 10 17 67
820 T 126026 18 60892 16 2 39 65002 20 16 21
821 C 118990 18 2 52722 8 68 120 65879 24 149
822 T 112806 4 47137 10 94 22 65346 23 163 7
823 T 105072 1 46304 6 2 13 58698 19 15 14
824 G 97518 9 4 1 43032 16 52 6 54340 58
825 T 91637 13 41251 11 1 19 50272 27 8 35
826 C 85904 12 9 37245 5 43 38 48515 20 17
827 T 82386 7 34300 2 0 64 47554 90 91 278
828 G 74437 0 3 1 30820 42 17 934 41627 993
829 C 71110 11 45 30866 8 30 29 40098 14 9
830 C 71098 63 43 29134 17 53 18 41750 9 11
831 C 75317 98 121 28092 62 92 72 46732 36 12
832 G 76002 60 33 14 27493 118 32 207 47908 137
833 C 75012 51 32 25390 34 36 16 49437 11 5
834 C 78076 157 53 24138 25 60 806 51870 93 874
835 T 81272 6 23722 113 1 15 57222 46 70 77
836 G 79207 7 4 0 21451 28 75 14 57604 24
837 T 79500 13 22311 7 1 16 56885 36 137 94
838 G 82713 39 4 1 24185 77 110 7 58189 101
839 T 84705 2 26194 4 1 16 58397 14 46 31
840 G 87743 32 8 11 28267 84 366 46 58610 319
841 T 88316 0 31261 3 1 47 56939 25 12 28
842 A 89094 33456 6 0 7 55320 109 9 51 136
843 T 92661 3 34780 13 1 22 53543 23 2256 2020
844 G 97725 4 13 1 41847 16 117 11 55712 4
845 G 102539 21 13 32 47121 96 82 280 54449 445
846 A 106113 28984 50 7 63 35145 114 16947 84 24719
847 C 111858 683 208 58890 653 199 73 50866 273 13
848 C 119727 144 224 66693 572 166 48 51760 111 9
849 T 129101 314 74707 126 1029 235 52406 49 222 13
850 G 133844 130 121 68 82139 38 38 34 51261 15
851 C 138905 64 144 87053 118 17 169 51297 29 14
852 C 147176 136 232 91183 50 39 58 55440 15 23
853 G 155269 39 57 8 95120 22 39 9 59958 17
854 T 164808 13 101032 16 16 9 63688 16 7 11
855 A 174090 105525 9 21 44 68424 17 9 19 22
856 G 185668 15 14 11 113275 16 33 15 72273 16
857 C 195023 36 24 118837 10 23 17 76034 16 26
858 C 202594 38 39 123882 8 33 48 78512 5 29
859 A 211701 128766 9 19 21 82820 20 14 22 10
860 G 218840 17 11 22 135568 18 27 70 83089 18
861 T 224846 23 141166 32 5 11 83550 18 11 30
862 G 231976 17 29 2 149087 14 53 13 82733 28
863 G 236821 14 25 3 158193 13 24 5 78530 14
864 C 245967 43 17 167987 8 30 33 77820 4 25
865 T 258516 16 176919 146 30 9 81288 70 19 19
866 A 267102 185809 80 15 57 80976 64 29 24 48
867 C 275711 126 159 197366 11 62 113 77837 10 27
868 G 288709 49 36 12 208544 47 58 32 79902 29
869 A 299411 219151 11 9 47 80026 33 30 42 62
870 C 310451 65 25 229950 17 43 33 80268 9 41
871 T 320585 5 237355 34 4 3 83069 56 9 50
872 T 325280 14 245027 50 2 14 80073 52 5 43
873 C 335497 69 74 255235 21 33 82 79901 17 65
874 G 346799 103 60 23 264549 68 52 39 81867 38
875 A 357535 268903 61 34 139 88229 32 28 63 46
876 A 368673 276764 41 10 76 91655 37 11 18 61
877 A 380036 284418 5 85 31 95386 20 32 12 47
878 A 392351 290486 8 14 42 101689 20 12 26 54
879 A 403031 300461 36 68 193 102089 52 26 53 53
880 G 411318 126 85 269 311984 67 98 110 98531 48
881 A 420704 318542 161 44 333 101274 107 24 159 60
882 G 425666 295 109 124 327039 126 116 49 97735 73
883 G 433656 36 47 16 341943 14 72 13 91460 55
884 G 441030 71 60 5 352512 20 56 11 88252 43
885 A 450690 365406 38 4 66 85018 22 5 33 98
886 T 460075 29 374225 53 5 25 85648 17 5 68
887 A 470528 380163 46 6 59 89404 114 127 44 565
888 C 483433 95 32 393006 8 36 19 90159 9 69
889 T 493049 47 404279 59 8 25 88498 34 9 90
890 C 506087 120 31 418605 22 39 39 87138 12 81
891 T 515659 20 430876 93 9 13 84506 48 7 87
892 T 522659 16 442297 63 1 8 80151 15 8 100
893 T 535607 21 457359 48 9 8 78066 22 3 71
894 A 546291 468666 47 10 139 77277 31 6 25 90
895 G 555048 47 99 22 476455 16 60 9 78288 52
896 T 567122 46 487357 56 7 20 79336 21 12 267
897 G 576282 80 146 24 494789 20 73 23 81037 90
898 G 586590 57 81 14 502504 14 78 27 83701 114
899 G 594270 104 126 23 507401 24 54 19 86413 106
900 A 600430 514459 805 54 102 84727 115 12 30 126
901 A 608535 524819 61 79 131 83270 21 18 24 112
902 T 618219 64 535471 120 17 21 82407 24 6 89
903 A 627322 545835 284 49 240 80691 97 7 40 79
904 G 636382 153 146 152 558342 39 63 24 77379 84
905 A 648247 571617 55 75 123 75807 37 60 43 430
906 C 660986 122 141 584384 117 38 32 76038 11 103
907 C 672993 102 64 592765 31 24 27 79843 7 130
908 C 683519 146 64 602675 9 31 15 80465 5 109
909 T 690114 52 610037 1051 149 8 78515 168 27 107
910 T 697348 90 618354 203 443 14 78038 26 51 129
911 T 703842 68 629158 336 7 14 74068 32 5 154
912 C 711954 187 97 633338 301 30 59 77794 33 115
913 A 724099 642568 34 29 144 81120 34 27 21 122
914 A 733344 647972 75 10 251 84832 25 8 36 135
915 A 743707 656935 48 44 126 86260 29 21 22 222
916 C 756072 209 66 666823 44 53 17 88760 4 96
917 T 769607 48 679224 125 13 7 89979 51 5 155
918 G 781721 433 167 26 692273 74 83 24 88521 120
919 C 793712 142 75 702146 27 32 16 91121 42 111
920 T 804367 42 713108 141 42 8 90789 61 14 162
921 T 813800 130 724037 147 23 12 89196 29 13 213
922 C 823902 228 170 736016 130 55 84 87058 16 145
923 A 834058 745531 162 54 307 87737 58 44 32 133
924 A 844482 755337 102 118 226 88478 30 13 46 132
925 A 853825 763369 41 179 293 89707 18 33 45 140
926 A 862432 771324 118 178 322 90119 27 35 56 253
927 C 870594 241 262 781808 147 27 53 87911 22 123
928 A 881991 794277 152 35 244 87065 36 12 33 137
929 G 890954 216 205 318 804913 36 49 53 85037 127
930 C 898955 318 321 811182 160 50 47 86687 23 167
931 C 907891 285 570 819711 105 66 91 86855 17 191
932 A 917442 831665 177 499 142 84685 25 61 18 170
933 A 927722 841623 121 548 282 84882 26 77 25 138
934 G 935186 422 189 35 852978 51 53 18 81305 135
935 T 945835 84 864186 123 18 10 80977 20 10 407
936 A 954930 872463 116 70 283 81762 23 12 34 167
937 T 964545 58 883823 156 8 5 80322 21 5 147
938 A 973627 896109 90 10 164 76912 42 14 23 263
939 C 984220 212 578 904757 57 33 68 78368 8 139
940 A 996127 914442 465 38 318 80617 69 14 23 141
941 G 1002223 127 240 350 920371 20 43 54 80868 150
942 C 1011386 347 151 929434 69 41 29 81094 20 201
943 C 1020321 407 243 938402 48 52 25 80967 10 167
944 T 1028587 77 943469 246 20 8 84568 29 7 163
945 A 1037795 952654 58 320 185 84328 38 28 23 161
946 A 1048786 965860 282 145 147 82092 40 16 19 185
947 T 1057850 95 975097 147 14 15 82224 12 15 231
948 C 1065603 358 270 980202 308 51 46 84182 31 155
949 A 1074258 983278 38 37 392 90229 42 11 43 188
950 G 1082562 140 197 47 991619 21 45 19 90303 171
951 A 1086710 994763 66 20 212 91215 17 11 29 377
952 C 1096291 128 162 1001219 216 49 29 94241 21 226
953 C 1104628 334 364 1005731 173 52 103 97655 15 201
954 G 1112489 320 305 187 1013101 38 89 27 98251 171
955 A 1121977 1021489 286 1059 864 97855 34 90 94 206
956 A 1129162 1025332 183 268 2094 100714 24 64 187 296
957 C 1135498 750 1353 1029584 1144 116 241 101996 117 197
958 G 1141315 180 245 41 1042198 25 105 13 98354 154
959 A 1149592 1049576 112 6 195 99361 59 26 42 215
960 G 1154752 261 239 28 1053793 51 46 47 100076 211
961 A 1161119 1054673 183 17 281 105625 37 41 41 221
962 A 1167098 1056770 196 158 235 109405 37 38 35 224
963 T 1172580 170 1060652 737 177 39 110444 107 32 222
964 C 1178007 399 101 1066292 261 66 23 110621 47 197
965 C 1185035 228 314 1068054 72 68 71 115981 17 230
966 A 1187753 1063633 190 179 778 122526 60 49 100 238
967 G 1191026 629 320 348 1066596 101 73 75 122660 224
968 C 1198122 463 352 1073938 555 101 93 122335 66 219
969 A 1200610 1075980 304 745 513 122412 62 119 75 400
970 C 1204784 220 151 1080087 30 42 36 124013 10 195
971 A 1207275 1080282 158 24 152 126159 48 19 31 402
972 C 1209946 194 295 1082030 55 64 71 126971 16 250
973 A 1215437 1082915 34 13 261 131929 14 8 42 221
974 A 1220053 1087265 71 22 203 132156 44 8 51 233
975 G 1221379 240 239 42 1085687 66 58 11 134764 272
976 A 1221393 1086554 93 7 330 134090 22 7 59 231
977 G 1220393 145 145 31 1089734 25 43 23 130029 218
978 T 1219592 115 1084835 187 8 58 133213 58 44 1074
979 C 1221378 230 143 1081869 67 63 41 138747 22 196
980 A 1224321 1080677 42 27 353 142957 23 14 42 186
981 G 1219103 131 333 40 1077376 16 64 16 140965 162
982 C 1220488 439 402 1073501 86 118 76 145628 25 213
983 T 1223760 62 1072681 162 32 25 150537 31 17 213
984 G 1220350 281 356 76 1067753 62 128 29 151474 191
985 G 1217035 166 164 44 1067984 43 44 23 148373 194
986 T 1215658 119 1065173 154 27 115 148090 67 139 1774
987 G 1216734 351 296 182 1068937 63 97 32 146603 173
988 T 1221605 62 1074067 125 12 47 146530 47 75 640
989 G 1223104 206 242 31 1074713 53 117 47 147467 228
990 G 1221979 120 253 46 1072810 44 121 45 148292 248
991 A 1222315 1066135 145 29 187 155428 53 42 64 232
992 T 1224507 99 1062920 103 55 36 160919 38 66 271
993 G 1220296 288 236 75 1063925 58 127 47 155218 322
994 G 1218712 262 194 36 1066424 84 76 25 151404 207
995 C 1219560 286 250 1069975 77 92 95 148542 38 205
996 A 1221849 1071538 123 26 213 149593 49 12 47 248
997 T 1221207 135 1071798 409 155 35 148304 68 51 252
998 G 1219702 301 306 167 1076393 61 85 47 142111 231
999 C 1219972 243 485 1075363 93 85 99 143364 25 215
1000 A 1224355 1070807 130 303 235 152484 44 62 48 242
1001 A 1226996 1068549 92 83 231 157680 47 35 45 234
1002 T 1226287 106 1066299 258 29 36 159215 65 12 267
1003 T 1225738 111 1065106 135 6 29 160038 34 15 264
1004 C 1226687 283 95 1061817 142 65 54 163966 42 223
1005 T 1227559 195 1057718 477 18 92 168713 84 16 246
1006 G 1223313 579 1030 307 1052311 109 246 138 168368 225
1007 C 1222653 255 1164 1054483 154 115 236 166012 47 187
1008 T 1225961 988 1048140 432 340 188 175414 178 63 218
1009 G 1227920 229 243 51 1048115 74 115 69 178839 185
1010 C 1231311 260 162 1052081 50 147 52 178336 31 192
1011 A 1234302 1053600 87 38 184 180002 50 54 76 211
1012 T 1234068 76 1052512 124 38 30 180957 42 47 242
1013 T 1236995 41 1050505 148 16 58 185939 68 15 205
1014 T 1235638 76 1049885 359 15 41 184932 84 34 212
1015 G 1227599 119 266 68 1051681 80 148 25 174961 251
1016 A 1228750 1052668 96 16 229 175385 38 10 67 241
1017 A 1229413 1052163 741 50 517 175454 172 16 105 195
1018 G 1222727 124 231 64 1047655 63 94 30 174248 218
1019 A 1220008 1045545 128 6 159 173796 49 15 48 262
1020 T 1215787 87 1043783 279 32 33 171286 61 19 207
1021 C 1215132 643 61 1043157 88 163 49 170740 45 186
1022 T 1221688 94 1045046 232 8 80 175938 73 12 205
1023 A 1221850 1043598 77 451 220 177078 49 98 49 230
1024 A 1219869 1044547 115 80 194 174542 88 26 56 221
1025 G 1215280 204 219 124 1042105 79 112 68 172207 162
1026 A 1212864 1044934 107 101 320 167055 33 25 73 216
1027 G 1210217 642 502 60 1044945 143 100 27 163638 160
1028 T 1209726 72 1038664 106 24 145 168077 60 173 2405
1029 A 1207093 1041961 78 36 278 164482 23 10 52 173
1030 T 1208879 73 1039955 167 11 30 168368 27 10 238
1031 T 1210430 124 1041616 139 14 51 168212 34 6 234
1032 A 1218395 1041992 126 17 671 175188 61 21 113 206
1033 A 1221404 1039325 360 23 239 181095 100 12 56 194
1034 G 1224753 165 208 484 1041949 43 112 111 181493 188
1035 C 1226076 548 174 1043995 116 154 49 180815 44 181
1036 T 1227967 53 1046524 236 206 21 180528 58 60 281
1037 T 1227431 102 1049518 260 88 55 177092 60 28 228
1038 C 1223601 267 465 1051814 118 102 108 170486 31 210
1039 A 1224423 1052891 86 56 306 170789 28 23 55 189
1040 T 1219102 117 1045466 132 15 103 173000 30 12 227
1041 C 1221523 271 163 1040164 128 194 64 180317 36 186
1042 A 1225971 1035816 92 112 261 189222 142 40 65 221
1043 G 1221967 370 204 54 1036397 85 139 30 184468 220
1044 A 1224928 1037845 105 21 918 185500 108 66 176 189
1045 G 1223499 133 182 44 1040236 110 124 32 182408 230
1046 G 1217119 136 143 52 1040971 55 88 33 175373 268
1047 G 1221148 532 217 63 1049727 133 72 61 170045 298
1048 A 1221305 1050039 558 121 982 168757 118 67 208 455
1049 C 1225225 244 378 1052919 578 109 68 170576 138 215
1050 C 1233364 739 302 1054209 537 307 84 176824 104 258
1051 A 1242418 1058700 61 20 116 183137 42 40 52 250
1052 A 1243164 1056261 62 9 145 186354 77 9 41 206
1053 A 1242083 1054105 69 56 400 187022 83 21 130 197
1054 G 1236943 219 75 30 1054469 83 126 31 181738 172
1055 T 1236137 72 1052386 107 11 162 182435 57 93 814
1056 A 1234771 1055689 73 5 202 178413 154 11 41 183
1057 T 1237412 761 1061944 1243 10 204 172623 317 12 298
1058 C 1240256 588 458 1063287 399 153 144 174971 76 180
1059 C 1244017 246 524 1062957 724 123 106 178872 153 312
1060 C 1250312 203 126 1062570 51 113 46 186866 29 308
1061 C 1257292 195 130 1060003 100 239 46 196289 39 251
1062 A 1265308 1061081 83 34 213 203450 45 80 52 270
1063 A 1264363 1059581 58 8 175 204014 102 9 175 241
1064 G 1262864 181 354 48 1059584 121 203 32 202132 209
1065 G 1261592 128 152 27 1068761 44 125 140 192002 213
1066 G 1255256 176 159 22 1074527 207 101 26 179776 262
1067 G 1249956 123 116 32 1071851 249 76 20 177231 258
1068 G 1248556 286 207 38 1069329 140 260 19 178039 238
1069 A 1249189 1064873 59 7 277 183337 237 12 139 248
1070 A 1253880 1066557 86 9 204 186434 283 18 49 240
1071 A 1257030 1070524 69 79 163 185445 37 82 258 373
1072 C 1259988 60 81 1070324 27 143 286 188806 32 229
1073 T 1262661 43 1072403 243 14 260 189350 108 11 229
1074 T 1265532 57 1077731 214 34 25 186901 286 14 270
1075 T 1267544 533 1080612 1611 104 123 183892 298 31 340
1076 C 1268447 833 313 1086062 1142 180 150 179264 256 247
1077 C 1271513 291 299 1095118 1808 164 83 173151 354 245
1078 A 1268374 1100596 120 16 189 166882 113 89 46 323
1079 C 1268940 237 100 1099213 43 95 44 168990 10 208
1080 T 1272136 105 1094550 238 74 59 176767 112 14 217
1081 A 1277582 1088883 89 39 157 187941 140 91 37 205
1082 G 1278485 128 286 62 1089536 63 217 36 187990 167
1083 A 1277230 1091796 72 5 272 184664 59 55 73 234
1084 G 1279075 112 203 40 1098038 46 157 30 180209 240
1085 G 1276200 99 206 41 1100314 43 87 29 175188 193
1086 A 1275712 1106458 102 14 565 168052 44 21 113 343
1087 G 1274811 146 268 80 1109659 100 88 25 164263 182
1088 T 1276417 99 1113674 259 13 194 160137 78 164 1799
1089 A 1274966 1115735 149 64 375 158154 54 24 131 280
1090 C 1276889 463 225 1114543 118 126 109 161031 30 244
1091 A 1283259 1118615 386 103 243 163508 138 30 47 189
1092 A 1283900 1123207 220 49 453 159554 99 15 64 239
1093 A 1283003 1124884 588 28 199 156881 113 34 35 241
1094 T 1280852 85 1127175 128 7 52 153060 51 10 284
1095 T 1282080 145 1131689 327 485 31 149035 51 86 231
1096 G 1280088 218 300 34 1135254 39 92 26 143889 236
1097 C 1280674 225 109 1134388 100 31 36 145547 39 199
1098 T 1283642 577 1133871 237 903 75 147535 72 124 248
1099 T 1281953 336 1131707 181 361 72 148907 33 60 296
1100 C 1285687 338 128 1130481 442 132 50 153824 83 209
1101 A 1291005 1130746 297 163 447 158881 64 49 82 276
1102 A 1289283 1124458 400 254 1231 162431 62 43 169 235
1103 A 1287516 1121652 139 1284 563 163390 32 164 90 202
1104 T 1287683 709 1123781 574 668 135 161397 88 103 228
1105 G 1285222 170 206 55 1127328 73 86 27 157113 164
1106 A 1284459 1131524 80 12 182 152349 22 12 43 235
1107 A 1282867 1132755 40 26 184 149559 30 9 33 231
1108 A 1285489 1128090 83 320 479 156070 25 66 74 282
1109 A 1283826 1124944 351 269 254 157503 69 63 50 323
1110 C 1285050 385 156 1127421 459 149 40 156128 91 221
1111 A 1288451 1130955 257 45 189 156683 54 22 47 199
1112 T 1290209 57 1133825 195 74 32 155730 38 30 228
1113 G 1289968 543 567 172 1135083 105 178 52 153070 198
1114 G 1286057 135 182 67 1133866 37 80 39 151414 237
1115 A 1284656 1135165 76 15 361 148643 48 25 73 250
1116 T 1285624 116 1137387 230 39 31 147510 43 46 222
1117 G 1285484 311 461 249 1135083 65 87 109 148913 206
1118 C 1283951 268 385 1132821 160 75 116 149886 43 197
1119 T 1286004 466 1135166 479 335 88 149133 72 58 207
1120 A 1286510 1137271 148 28 249 148414 43 74 39 244
1121 T 1286459 86 1141245 158 19 20 144636 21 15 259
1122 G 1286314 401 229 59 1138549 105 116 89 146530 236
1123 G 1282264 202 247 92 1135826 133 82 24 145412 246
1124 A 1280133 1133200 110 35 211 146177 40 5 112 243
1125 A 1281667 1134864 102 32 372 145886 107 15 49 240
1126 T 1279250 154 1133967 165 353 37 144211 41 64 258
1127 C 1281442 270 348 1134168 179 94 77 146072 48 186
1128 A 1283533 1131169 148 119 382 151318 34 34 62 267
1129 A 1279682 1125240 368 858 850 151803 91 132 102 238
1130 G 1273787 902 775 312 1122749 160 136 42 148553 158
1131 T 1274026 218 1122660 830 981 90 148514 143 124 466
1132 A 1275256 1125265 202 29 377 147906 83 60 81 1253
1133 C 1272829 183 106 1124173 221 54 30 147800 49 213
1134 T 1273975 421 1122425 353 90 83 150237 73 18 275
1135 C 1274754 311 86 1122074 53 105 30 151905 33 157
1136 T 1276050 92 1117687 300 59 98 157483 63 13 255
1137 T 1275752 102 1114374 311 43 48 160539 51 18 266
1138 G 1270778 154 231 45 1108691 72 70 30 161268 217
1139 A 1271063 1105188 102 3 188 165216 48 11 34 273
1140 A 1270251 1100624 131 26 896 167971 38 22 177 366
1141 C 1270419 235 174 1101891 50 80 39 167725 24 201
1142 T 1272980 29 1103592 290 34 32 168721 58 11 213
1143 G 1273769 333 271 245 1104937 78 103 53 167575 174
1144 A 1274869 1093350 85 4882 288 175265 53 684 55 207
1145 G 1271390 132 101 32 1093391 59 66 21 177427 161
1146 A 1269699 1089071 75 13 5087 174455 25 23 724 226
1147 A 1271148 1096795 187 14 479 173256 60 21 91 245
1148 G 1267781 182 473 163 1097561 56 94 47 169029 176
1149 C 1263709 333 733 1097923 138 98 158 164040 51 235
1150 A 1264604 1097245 157 736 674 165308 69 96 88 231
1151 G 1258537 307 232 77 1096204 76 93 48 161301 199
1152 G 1256457 468 176 173 1095434 118 54 64 159733 237
1153 T 1256358 101 1092991 184 20 124 161305 67 98 1468
1154 A 1255611 1096324 193 15 181 158421 71 27 47 332
1155 C 1254108 164 490 1095475 36 84 108 157551 27 173
1156 T 1257733 70 1096512 239 50 36 160525 46 37 218
1157 G 1256353 185 293 68 1097756 62 146 31 157570 242
1158 G 1251976 223 190 78 1093050 50 73 30 158021 261
1159 G 1246941 272 190 64 1093172 76 78 31 152835 223
1160 C 1245449 226 307 1087255 318 65 125 156760 75 318
1161 C 1245075 238 389 1083857 118 77 100 160007 41 248
1162 A 1245486 1078776 124 15 198 166051 53 31 28 210
1163 T 1245418 72 1072069 171 13 83 172761 48 16 185
1164 A 1245703 1069722 59 338 371 174831 54 59 76 193
1165 A 1253217 1076941 64 25 226 175592 64 13 106 186
1166 G 1251364 157 209 39 1069204 108 83 60 181303 201
1167 A 1250508 1065109 79 7 236 184712 46 30 60 229
1168 A 1252072 1065663 91 9 146 185508 82 46 50 477
1169 C 1252634 107 65 1064651 27 79 31 187347 29 298
1170 C 1258714 258 124 1066679 61 194 34 191096 35 233
1171 A 1262134 1069827 99 364 290 191175 53 56 70 200
1172 G 1258732 113 176 63 1066050 127 115 25 191843 220
1173 A 1256142 1064831 54 46 584 190192 20 27 147 241
1174 A 1257406 1063874 319 9 157 192560 179 16 55 237
1175 G 1259036 127 164 291 1068813 68 90 65 189254 164
1176 T 1260388 213 1071477 115 68 137 186862 166 137 1213
1177 G 1259076 196 216 62 1075695 170 200 33 182309 195
1178 G 1253688 97 267 62 1074668 55 88 52 178178 221
1179 A 1252329 1072168 120 88 880 178424 60 26 308 255
1180 G 1249268 135 193 56 1073717 64 222 31 174639 211
1181 G 1244125 152 200 53 1072901 74 210 25 170301 209
1182 A 1240757 1068044 86 275 357 171376 44 113 188 274
1183 A 1240215 1065393 342 341 274 173144 226 182 57 256
1184 A 1238650 1064339 86 359 399 172707 39 100 249 372
1185 C 1237186 302 453 1062190 338 351 101 173115 86 250
1186 A 1232478 1053569 535 2771 1367 172479 377 532 255 593
1187 C 1232359 1020 920 1046933 5254 230 468 176423 932 179
1188 T 1232292 1644 1043054 1740 4539 344 179610 347 793 221
1189 A 1230457 1050998 396 662 201 177411 138 116 342 193
1190 A 1230535 1046819 339 115 1303 181379 110 38 230 202
1191 T 1227656 1061 1048789 267 460 205 176047 458 85 284
1192 C 1227125 2253 208 1036322 316 561 72 187117 98 178
1193 A 1229669 1030635 332 55 3664 193538 485 27 717 216
1194 A 1224386 1032418 230 926 2122 187323 72 195 759 341
1195 C 1228383 13088 645 1018063 1850 2593 154 191377 405 208
1196 A 1237232 1003935 605 353 26109 200544 194 105 5165 222
1197 G 1232565 7534 2473 1271 1019180 1622 574 306 199393 212
1198 A 1231860 1030476 83 99 384 200340 95 34 129 220
1199 G 1228106 195 173 34 1029650 70 98 54 197557 275
1200 G 1221500 238 94 59 1027562 120 89 32 193041 265
1201 G 1215644 5580 239 28007 994207 972 99 5238 181091 211
1202 C 1218169 3396 287 999867 29567 712 69 178574 5404 293
1203 C 1222567 25360 964 999177 6836 4730 199 183843 1220 238
1204 T 1228004 2189 1028754 1093 206 552 194653 261 74 222
1205 C 1225842 1778 178 1022682 799 512 90 199461 167 175
1206 T 1225459 914 1017621 664 1959 302 203197 144 402 256
1207 G 1217528 935 320 711 1019537 220 121 186 195276 222
1208 C 1216638 946 518 1020402 264 222 508 193480 91 207
1209 A 1217317 1015551 350 839 594 198975 456 211 127 214
1210 G 1212763 169 481 42 1016079 65 178 35 195527 187
1211 G 1207449 214 150 492 1025866 395 59 121 179897 255
1212 T 1200548 115 1021055 431 905 52 176310 119 259 1302
1213 C 1201306 174 147 1025270 43 96 355 174966 28 227
1214 A 1207027 1026598 71 13 187 179841 33 29 29 226
1215 A 1208992 1028394 69 10 262 179659 36 9 324 229
1216 A 1212221 1024973 82 54 235 186320 244 18 46 249
1217 T 1213251 143 1026463 194 126 60 185737 61 213 254
1218 C 1215998 333 133 1037837 65 113 198 177082 37 200
1219 A 1217684 1040238 63 20 264 176655 146 19 75 204
1220 G 1213805 127 213 49 1043327 44 133 31 169686 195
1221 T 1212386 134 1045872 153 12 69 165285 35 84 742
1222 G 1206280 476 236 132 1040416 113 74 49 164567 217
1223 T 1205835 139 1044885 229 20 57 159730 53 74 648
1224 G 1206823 962 207 37 1051046 155 94 20 154092 210
1225 C 1208221 1623 822 1045786 435 314 169 158728 95 249
1226 A 1212317 1041429 518 1288 482 167903 127 217 103 250
1227 A 1215945 1041722 754 165 1009 171255 158 65 177 640
1228 C 1220633 98 177 1044188 1391 62 63 174155 282 217
1229 C 1226500 287 94 1052715 37 105 35 172994 30 203
1230 T 1232896 216 1055891 659 347 61 175258 150 68 246
1231 G 1233897 1120 395 48 1058801 237 117 36 172946 197
1232 C 1239453 247 293 1062684 484 74 73 175285 116 197
1233 A 1247923 1065456 250 344 141 181272 66 88 54 252
1234 T 1250792 252 1070189 459 46 68 179373 104 90 211
1235 T 1255712 32 1070193 107 10 94 184983 35 15 243
1236 T 1258839 46 1070665 269 419 24 186956 70 158 232
1237 T 1261873 76 1073826 142 39 39 187385 40 87 239
1238 C 1264206 222 129 1075440 109 94 87 187902 31 192
1239 T 1265451 94 1073336 576 35 32 190966 201 20 191
1240 G 1259068 387 641 207 1075779 72 190 128 181460 204
1241 T 1257875 162 1084472 324 278 42 171950 81 98 468
1242 G 1257587 638 730 193 1088476 135 159 103 166955 198
1243 C 1261671 3644 2355 1085609 1940 658 403 166500 350 212
1244 A 1269740 1089659 1399 1035 6396 169601 230 176 984 260
1245 A 1272441 1093998 4143 1033 3463 168210 647 164 534 249
1246 A 1277230 1100041 48 246 277 176152 118 54 73 221
1247 G 1274834 110 152 68 1100399 93 72 43 173690 207
1248 A 1273109 1106910 66 13 313 165434 47 18 81 227
1249 A 1275181 1106762 912 1671 952 163994 155 271 195 269
1250 A 1272120 1106312 491 697 1576 160810 150 210 222 1652
1251 C 1271800 519 942 1109941 1055 177 164 158602 143 257
1252 C 1276749 303 205 1113680 36 96 139 162044 24 222
1253 T 1279400 106 1118145 312 115 33 160179 111 77 322
1254 C 1277611 1059 201 1117536 164 165 66 158139 35 246
1255 C 1280611 229 121 1116792 255 147 46 162746 43 232
1256 C 1282273 272 306 1119221 58 147 69 161947 75 178
1257 A 1282229 1118580 52 49 250 162914 43 37 85 219
1258 T 1277837 298 1119151 435 596 74 156842 66 85 290
1259 T 1275948 1954 1122684 502 31 310 150055 64 14 334
1260 T 1275728 131 1125544 691 614 53 148211 94 114 276
1261 G 1270643 781 3090 1935 1126447 134 448 284 137266 258
1262 A 1268610 1122164 4650 968 2153 137326 623 123 291 312
1263 C 1270124 567 16845 1110398 2922 141 2106 136543 370 232
1264 A 1276150 1130096 248 1240 1919 141984 50 184 245 184
1265 A 1276117 1128899 183 1407 2159 142694 72 182 270 251
1266 A 1275211 1130560 247 293 2986 140237 53 51 389 395
1267 C 1274447 1413 246 1123909 7336 187 98 140009 1013 236
1268 C 1271408 995 361 1115251 14311 199 51 138168 1838 234
1269 A 1267645 1114108 4442 3289 6659 137093 557 406 857 234
1270 A 1263970 1126235 250 502 1668 134334 59 78 235 609
1271 C 1260346 1139 1169 1126387 292 171 131 130766 62 229
1272 C 1260157 519 1225 1129001 188 115 155 128698 48 208
1273 A 1259454 1129141 735 46 934 128168 99 32 116 183
1274 T 1254251 118 1125067 581 639 36 127252 82 86 390
1275 C 1251817 513 366 1126933 470 110 57 123112 54 202
1276 A 1253031 1124432 283 332 1247 126330 41 51 137 178
1277 T 1246747 162 1120507 533 157 32 125000 74 16 266
1278 G 1239870 909 758 349 1115180 125 133 54 122099 263
1279 G 1236194 7219 944 1279 1107039 828 139 147 118366 233
1280 C 1231854 1838 5085 1104431 3327 222 587 115726 416 222
1281 A 1224682 1100055 1533 2988 4779 114011 167 343 548 258
1282 G 1213750 2784 643 525 1097534 340 70 46 111599 209
1283 C 1207312 802 276 1095991 343 91 47 109457 85 220
1284 A 1201494 1092869 600 701 259 106655 93 71 30 216
1285 T 1196130 60 1087022 258 25 12 108472 31 13 237
1286 T 1192281 1549 1081609 164 31 202 108431 28 11 256
1287 C 1186984 265 1506 1077586 97 83 181 107067 24 175
1288 A 1184384 1071574 873 908 754 109537 124 111 97 406
1289 C 1176911 365 279 1062781 1160 85 57 111869 132 183
1290 T 1172759 325 1056317 1390 185 44 114100 154 15 229
1291 G 1164779 307 3693 401 1046611 62 443 55 112987 220
1292 G 1154393 3442 613 159 1038251 414 102 39 111141 232
1293 G 1148238 499 3279 705 1031443 91 393 79 111539 210
1294 A 1140741 1025553 1363 501 1630 110886 159 67 185 397
1295 A 1135783 1021427 786 909 1681 110345 109 101 197 228
1296 T 1128608 979 1015900 1031 563 144 109586 109 88 208
1297 A 1121373 1011041 1131 445 315 107778 146 56 188 273
1298 C 1117415 319 1672 1006879 246 103 199 107764 40 193
1299 A 1110579 1002711 1002 165 647 105513 274 20 64 183
1300 G 1097182 250 371 144 990248 43 70 49 105849 158
1301 A 1094011 983902 342 302 371 108571 69 181 48 225
1302 G 1087144 603 296 86 978786 65 77 140 106928 163
1303 G 1079167 132 148 38 972734 168 63 13 105690 181
1304 G 1069510 229 242 48 964567 65 144 8 104047 160
1305 A 1061845 953609 123 8 779 106874 29 12 198 213
1306 A 1051564 942342 96 187 205 108475 22 23 62 152
1307 G 1044483 129 242 39 935091 59 118 15 108603 187
1308 A 1038752 926670 69 16 534 111107 21 16 135 184
1309 A 1033065 915442 193 16 213 116862 40 24 47 228
1310 C 1024225 261 105 904255 235 93 38 118986 51 201
1311 A 1015053 894142 149 296 235 119953 29 55 37 157
1312 T 1007475 425 883156 194 2181 69 120888 55 334 173
1313 C 999845 608 128 875635 2216 155 23 120602 344 134
1314 A 990893 870082 578 410 2427 116745 83 60 356 152
1315 G 978081 108 161 46 865356 36 38 13 112180 143
1316 A 970743 859992 80 19 145 110258 20 8 29 192
1317 C 961828 155 118 849678 34 72 29 111551 31 160
1318 A 953362 839955 261 33 284 112593 42 10 48 136
1319 T 944001 148 831598 295 128 41 111561 45 25 160
1320 G 930506 146 203 168 822973 48 44 33 106770 121
1321 A 917922 812130 76 2114 194 102938 16 257 37 160
1322 G 910405 131 263 45 805628 24 100 12 104069 133
1323 G 901762 264 157 1980 796699 63 74 234 102114 177
1324 G 891297 3976 448 40 785718 556 72 24 100311 152
1325 C 883372 309 1032 781641 968 112 178 98788 166 178
1326 A 873235 769740 1459 826 1023 99481 271 113 165 157
1327 G 865409 88 184 49 763816 41 40 8 101071 112
1328 A 859240 758714 40 7 112 100144 9 8 58 148
1329 A 852422 751835 127 47 253 99914 50 9 47 140
1330 A 845780 743571 109 40 164 101664 53 5 49 125
1331 T 839254 45 735341 85 75 25 103465 22 30 166
1332 T 828819 66 727068 361 42 40 101028 59 29 126
1333 A 818709 718043 73 7 122 100274 42 5 21 122
1334 T 810256 40 707075 121 28 52 102792 30 13 105
1335 A 800203 696307 28 66 198 103446 10 15 45 88
1336 A 793452 680086 314 360 3951 107883 60 55 619 124
1337 G 783338 3392 330 404 668559 535 101 68 109832 117
1338 G 774043 418 423 494 664075 99 95 86 108261 92
1339 A 764509 656397 276 119 327 107109 62 30 63 126
1340 T 756747 102 650365 242 121 28 105705 36 36 112
1341 G 747338 309 267 339 643150 70 74 51 102971 107
1342 A 735667 634527 98 125 147 100544 40 31 27 128
1343 T 724756 89 624722 83 3 29 99667 14 14 135
1344 G 716585 274 129 32 614831 72 43 11 101082 111
1345 G 705059 95 99 31 604462 62 78 10 100112 110
1346 A 690721 591941 49 20 164 98329 53 7 40 118
1347 A 683076 583478 35 11 484 98831 15 50 88 84
1348 G 673427 377 335 145 573859 77 111 28 98390 105
1349 G 665878 167 441 201 565103 56 115 41 99657 97
1350 T 656739 211 556006 307 326 127 98189 137 315 1121
1351 G 645262 1465 460 898 545357 301 111 218 96370 82
1352 C 632563 956 994 531867 3090 264 206 94508 569 109
1353 A 619607 519189 600 341 2240 96480 103 61 501 92
1354 A 610402 509494 91 131 128 100367 25 36 31 99
1355 A 601303 497421 98 101 131 103376 25 26 30 95
1356 A 590595 486086 52 70 208 103803 16 94 47 219
1357 C 583922 105 483 480893 1103 64 110 100776 286 102
1358 C 572311 315 136 466849 1259 208 49 103066 326 103
1359 A 561216 450720 210 333 503 109069 53 107 172 49
1360 G 553076 484 580 241 442353 194 155 52 108942 75
1361 A 545882 435870 778 1419 688 106360 200 319 181 67
1362 A 537883 423012 236 1354 323 112321 77 374 110 76
1363 G 526795 681 738 1153 410239 314 211 303 113086 70
1364 A 515091 396671 883 525 1148 115000 248 169 372 75
1365 A 506654 380091 1038 274 806 123626 381 90 287 61
1366 A 498996 367260 252 1294 383 129008 129 484 139 47
1367 T 491631 130 356094 288 2175 76 131836 95 865 72
1368 G 481132 302 127 117 347903 121 87 46 132369 60
1369 T 468969 121 340407 97 161 115 127825 50 106 87
1370 C 460580 69 70 332574 387 63 45 127109 188 75
1371 C 452433 187 169 325319 131 171 96 126220 91 49
1372 T 447940 31 317283 63 2 97 130370 33 9 52
1373 T 437605 39 311671 81 2 53 125643 44 7 65
1374 C 426323 86 32 305776 17 79 33 120224 20 56
1375 C 417564 831 34 299395 640 383 69 115948 209 55
1376 A 407054 285323 55 101 7157 112280 26 42 2025 45
1377 G 394133 1150 1729 181 283316 364 460 39 106853 41
1378 G 383427 87 42 32 279927 107 65 33 103084 50
1379 G 371260 67 92 99 272048 48 65 21 98770 50
1380 G 357374 217 156 77 265457 60 98 53 91214 42
1381 C 346755 173 103 259419 35 76 83 86703 104 59
1382 G 340235 157 116 39 256435 59 76 58 83247 48
1383 G 329668 96 103 25 251255 45 61 25 78012 46
1384 G 329239 64 100 23 250200 54 77 15 78631 75
1385 G 323357 60 58 33 247731 93 20 17 75300 45
1386 A 328054 241950 28 18 169 69921 43 28 7883 8014
1387 G 328560 180 57 8 248226 82 54 20 79892 41
1388 T 876917 16 505041 77 10 283 315263 201 17558 38468
1389 C 902132 407 37 564103 22 339 194 336416 213 401
1390 T 915107 56 596923 131 15 116 317212 222 71 361
1391 T 920340 62 593618 136 7 101 326167 133 33 83
1392 C 937098 99 251 600389 31 187 855 334345 48 893
1393 G 953924 128 198 40 613056 182 545 332 338763 680
1394 A 963337 619080 18 5 124 342954 115 63 339 639
1395 G 977341 68 194 10 623694 81 191 90 352771 242
1396 C 997306 1475 1873 643969 411 913 1096 346550 469 550
1397 T 1015998 1349 681134 724 199 697 330413 655 160 667
1398 C 1030262 975 1080 684695 607 636 696 341010 340 223
1399 T 1044275 216 696785 165 318 159 345877 252 212 291
1400 C 1058598 172 357 699685 249 205 512 357074 200 144
1401 G 1071443 339 321 245 716711 343 483 468 351897 636
1402 G 1077259 92 159 35 733430 97 119 53 343152 122
1403 A 1086281 743307 53 22 206 336704 75 85 1551 4278
1404 C 1102833 93 206 776138 36 183 309 325490 85 293
1405 G 1117676 282 260 192 788848 226 226 159 327324 159
1406 A 1129048 797917 138 90 277 329650 81 64 327 504
1407 A 1141225 815623 89 109 251 324722 85 61 173 112
1408 A 1149227 836058 46 34 168 312510 193 34 80 104
1409 G 1149220 149 219 37 848299 1824 248 68 294792 3584
1410 G 1149350 166 169 35 869383 61 111 32 279273 120
1411 G 1149050 120 187 19 891433 62 73 29 256999 128
1412 C 1155686 156 284 908659 40 95 143 244125 807 1377
1413 A 1166436 924982 73 38 525 240213 66 69 157 313
1414 G 1164142 978 312 44 940452 253 168 48 221663 224
1415 C 1169829 176 339 958319 71 79 273 210157 94 321
1416 G 1183402 258 305 47 975984 73 118 32 206467 118
1417 A 1191152 986681 86 526 104 202844 49 111 225 526
1418 A 1195645 998606 132 39 540 195436 91 119 121 561
1419 C 1200060 444 228 1015445 268 463 59 181786 65 1302
1420 C 1206498 184 133 1035395 110 102 67 170298 38 171
1421 C 1212314 236 195 1048751 54 99 156 162608 20 195
1422 G 1215347 326 297 66 1060306 102 141 432 152060 1617
1423 A 1219345 1069010 79 43 449 148336 73 56 195 1104
1424 T 1219872 105 1071047 155 4 149 147856 52 36 468
1425 C 1221960 214 229 1073325 47 81 102 147728 38 196
1426 G 1222708 460 307 171 1075016 105 86 89 146285 189
1427 T 1225574 66 1081099 1470 191 63 140136 210 369 1970
1428 G 1228980 388 363 140 1097784 84 119 69 129879 154
1429 C 1231425 160 163 1099468 39 47 61 131036 124 327
1430 C 1234245 148 144 1107464 35 37 53 125970 34 360
1431 C 1236709 114 125 1122758 22 77 22 113388 6 197
1432 T 1237457 60 1128745 381 404 43 104180 717 53 2874
1433 C 1237813 198 490 1137071 125 56 96 99572 15 190
1434 T 1236910 96 1141219 1150 627 44 93298 157 63 256
1435 T 1235994 162 1150574 462 181 30 84331 62 16 176
1436 T 1234386 61 1156662 193 234 20 76548 64 33 571
1437 T 1232705 333 1161636 490 33 50 69883 45 10 225
1438 G 1230304 318 634 995 1158069 31 1280 78 61533 7366
1439 A 1228316 1164358 280 567 888 60151 107 70 111 1784
1440 C 1226367 295 632 1169728 132 36 52 55164 26 302
1441 A 1225520 1173522 162 197 316 51055 18 23 18 209
1442 T 1224110 70 1178210 191 334 23 45043 12 27 200
1443 G 1222974 400 340 78 1183031 26 58 1 38827 213
1444 A 1221085 1186284 109 16 240 33724 14 0 41 657
1445 G 1219776 364 267 37 1189780 13 17 5 29107 186
1446 T 1218198 133 1177611 171 8 36 24356 14 873 14996
1447 A 1216418 1193747 44 14 161 22157 8 2 3 282
1448 A 1214315 1195229 169 6 116 18647 7 7 2 132
1449 T 1212233 99 1194471 253 403 59 16527 8 12 401
1450 G 1211457 241 374 142 1194988 13 26 8 15491 174
1451 A 1209763 1194490 185 59 156 14485 2 1 11 374
1452 A 1208758 1194521 84 96 270 13635 1 2 3 146
1453 G 1207679 2809 785 94 1190743 177 13 1 12550 507
1454 G 1206609 247 603 171 1192663 11 9 4 12763 138
1455 A 1205089 1189715 672 547 425 12245 11 7 66 1401
1456 T 1203873 85 1191161 143 3 13 11961 6 12 489
1457 C 1203043 158 66 1190543 30 11 12 11951 3 269
1458 T 1202210 111 1189899 177 17 13 11818 7 5 163
1459 T 1201121 10 1189266 269 2 7 11408 5 3 151
1460 A 1199723 1188089 57 4 141 10702 94 2 4 630
1461 T 1198721 82 1188079 131 9 3 10230 2 2 183
1462 T 1197802 71 1187485 149 10 2 9911 1 3 170
1463 T 1196847 76 1186514 148 10 4 9716 2 0 377
1464 C 1195303 257 103 1181407 44 11 361 8431 2 4687
1465 T 1194597 53 1185436 210 12 11 8690 3 2 180
1466 T 1193343 173 1184743 118 3 5 8068 0 3 230
1467 C 1191921 244 192 1183155 27 8 75 7136 3 1081
1468 G 1191060 324 253 63 1183148 32 5 3 7001 231
1469 G 1190037 109 268 64 1182778 2 10 0 6682 124
1470 A 1189200 1179686 104 8 310 6330 9 1 102 2650
1471 G 1188358 163 274 76 1181042 10 4 1 6306 482
1472 A 1187639 1180173 197 85 314 6011 4 6 24 825
1473 C 1187158 173 169 1180280 138 8 7 6056 6 321
1474 A 1186531 1180123 74 18 172 5984 3 6 2 149
1475 A 1185577 1179236 78 13 186 5714 2 0 2 346
1476 T 1184640 132 1176864 206 181 48 5358 3 0 1848
1477 G 1183956 657 356 112 1177321 10 9 0 5232 259
1478 C 1183109 257 408 1177031 98 4 6 5050 3 252
1479 A 1182415 1176329 309 82 417 4810 0 1 5 462
1480 G 1181697 285 273 88 1176097 5 2 0 4652 295
1481 A 1180891 1175539 102 36 256 4514 1 0 5 438
1482 G 1180115 373 335 72 1174734 2 3 2 4449 145
1483 G 1179240 133 318 54 1174381 3 3 1 4231 116
1484 A 1178270 1170918 66 26 312 3971 0 0 63 2914
1485 G 1177106 330 386 43 1172386 1 1 0 3848 111
1486 T 1176191 106 1121833 183 48 11 3319 0 333 50358
1487 A 1175476 1170904 266 5 493 3610 0 2 3 193
1488 C 1174004 163 477 1169047 263 7 3 3479 3 562
1489 G 1169928 7055 1085 141 1158049 29 3 1 3266 299
1490 A 1164224 1152046 2965 552 5134 3124 8 2 15 378
1491 C 1162279 1307 877 1154815 1545 24 6 3133 2 570
1492 A 1157780 1148911 443 2579 2605 3035 1 15 19 172
1493 A 1152889 1113468 2199 2114 32042 2815 6 7 84 154
1494 T 1148176 29764 1099490 4593 10535 90 2754 14 33 903