# amino-acid counts among definitively called codons
# POSITION TOTAL_COUNTS WT N_A N_C N_D N_E N_F N_G N_H N_I N_K N_L N_M N_N N_P N_Q N_R N_S N_T N_V N_W N_Y N_STOP
1 765928 M 0 0 0 0 0 0 0 321 76 52 765163 0 0 0 9 0 123 184 0 0 0
2 767404 A 766735 0 0 171 0 32 0 0 0 0 0 0 15 0 0 98 73 280 0 0 0
3 768532 S 1290 106 1 2 176 0 73 30 16 171 0 7 215 108 8 766120 67 0 7 133 2
4 770446 Q 310 302 4 167 364 32 142 593 256 925 91 1901 46 760456 166 1514 534 436 33 2044 130
5 772202 G 81 257 138 0 1 771160 0 1 0 2 0 0 20 0 226 171 17 126 0 2 0
6 773416 T 134 0 0 0 0 0 0 76 0 0 0 76 11 1 0 66 773052 0 0 0 0
7 775504 K 0 0 0 94 0 0 0 36 775145 0 0 96 0 9 89 0 7 0 0 0 28
8 778501 R 0 0 0 0 0 28 0 0 0 148 0 0 36 131 778014 0 1 1 141 0 1
9 777132 S 26 53 0 0 76 0 1 17 0 25 0 28 125 3 1 776485 80 1 0 211 0
10 776790 Y 4 126 13 0 55 8 395 34 0 37 0 74 12 11 0 13 38 44 0 775833 93
11 774169 E 11 0 68 773378 0 230 0 3 128 3 1 0 1 53 0 1 1 97 1 1 192
12 771229 Q 342 14 164 46 12 1 523 23 260 374 15 75 40 767755 759 502 152 53 4 9 106
13 764296 M 3 0 1 6 0 0 0 285 61 60 763650 1 1 0 8 0 97 120 0 0 3
14 754025 E 5 0 97 753262 1 147 1 3 106 185 0 0 2 28 0 12 0 51 2 0 123
15 749316 T 132 26 0 0 0 5 39 64 1 19 6 161 65 0 0 86 748692 16 0 2 2
16 743337 D 4 3 742658 132 1 155 42 0 0 0 0 90 1 1 0 3 2 67 0 178 0
17 730346 G 38 11 3 88 0 729304 4 2 13 6 1 229 62 14 167 63 25 113 198 0 5
18 721397 E 208 33 165 719528 8 210 65 104 177 54 0 4 248 92 6 83 123 130 2 11 146
19 706643 R 0 181 0 0 1 27 324 0 6 159 0 0 47 0 705749 146 2 1 0 0 0
20 693794 Q 1 0 0 36 0 2 236 0 133 63 0 0 1916 690985 289 4 4 0 0 0 125
21 676628 N 8 121 94 0 1 27 21 80 176 23 4 674429 20 30 95 612 805 20 0 42 20
22 653900 A 650771 1 1 159 2 35 2 1 43 4 0 2 101 3 1877 285 227 378 0 2 6
23 639708 T 266 24 2 1 0 120 161 66 17 56 16 248 33 28 51 465 638104 34 2 11 3
24 620239 E 14 5 353 619165 0 114 1 18 130 30 4 5 0 90 37 13 52 57 2 0 149
25 589326 I 1 0 0 0 45 0 1 588669 3 14 45 57 302 0 4 10 83 90 0 0 2
26 561562 R 3 0 0 0 7 188 1 148 97 2 0 0 5 0 560977 32 37 0 1 0 64
27 533408 A 532591 0 0 154 1 43 22 12 109 3 1 1 10 36 55 134 115 114 1 1 5
28 517447 S 31 52 0 53 47 79 121 2 111 3 0 132 90 0 95 516471 48 0 0 111 1
29 501041 V 81 3 36 2 82 3 1 282 0 24 0 0 0 0 12 4 0 500510 0 0 1
30 219017 G 22 0 0 30 0 218735 0 0 0 0 0 0 3 0 106 1 0 53 66 1 0
31 215921 K 0 0 1 38 0 1 0 3 215713 1 16 72 0 3 46 2 8 2 0 0 15
32 215066 M 2 0 0 0 0 0 0 111 14 21 214856 0 0 0 4 0 29 28 0 0 1
33 223583 I 2 2 0 0 26 1 0 223451 0 6 3 18 0 0 0 2 27 45 0 0 0
34 232125 D 59 2 231403 176 10 97 24 52 2 39 2 58 0 6 16 31 24 34 0 90 0
35 242414 G 14 0 0 26 0 242175 0 1 1 0 0 3 0 1 73 5 1 54 0 0 60
36 252848 I 2 0 0 0 6 0 0 252750 0 7 2 13 3 0 3 1 21 40 0 0 0
37 262179 G 22 0 0 30 0 261958 1 0 1 2 0 0 0 0 58 0 1 51 0 0 55
38 273338 R 2 0 0 1 0 7 7 6 0 73 0 2 14 66 273071 1 10 0 0 0 78
39 282879 F 1 73 1 0 282554 2 2 16 2 136 11 0 1 5 2 28 0 2 4 39 0
40 292512 Y 0 61 7 0 40 0 143 0 0 3 0 27 1 0 0 4 10 0 5 292120 91
41 301866 I 7 4 1 2 22 48 2 301267 8 159 17 31 4 7 37 55 125 60 1 3 6
42 311970 Q 3 0 0 14 1 2 7 2 56 14 1 0 5 311771 55 1 0 0 1 0 37
43 322299 M 0 2 0 0 0 0 1 155 14 32 321995 1 0 0 3 2 34 60 0 0 0
44 335140 C 39 334553 0 0 82 18 1 4 27 16 1 0 7 0 64 44 1 109 16 76 82
45 345418 T 61 0 5 0 0 3 3 31 1 4 0 91 9 0 8 53 345112 34 3 0 0
46 353283 E 8 3 47 352949 1 48 1 0 53 3 0 0 2 21 6 2 5 14 0 0 120
47 362782 L 1 0 0 0 38 0 16 68 0 362581 2 0 51 2 6 2 0 13 0 2 0
48 371101 K 0 3 3 51 0 102 0 14 370742 11 0 47 1 7 50 19 16 6 0 0 29
49 376304 L 5 1 4 5 26 5 11 101 1 376008 1 6 58 8 15 7 12 24 1 2 3
50 382296 S 349 121 35 9 2 1074 68 40 51 11 2 46 560 45 203 379228 423 9 1 0 19
51 390202 D 48 1 389118 78 6 129 27 22 0 14 0 400 47 10 7 39 65 78 0 113 0
52 398623 Y 18 67 5 0 54 25 67 1 2 4 55 20 0 1 14 23 469 10 1 397756 31
53 407057 E 14 0 111 406552 1 115 0 1 54 8 0 1 1 38 0 6 4 34 0 3 114
54 413158 G 110 0 0 84 0 412587 7 0 2 6 1 2 0 19 157 16 30 49 88 0 0
55 417281 R 7 0 5 0 0 43 35 0 0 118 0 2 20 131 416767 4 7 1 0 0 141
56 422158 L 5 4 0 1 1 4 8 15 0 421833 46 3 124 42 11 4 28 24 2 3 0
57 427875 I 2 0 4 0 40 2 1 427358 0 215 17 53 5 0 9 3 61 102 0 1 2
58 434060 Q 3 0 0 22 0 6 146 1 99 31 2 3 22 433558 101 1 6 1 1 0 57
59 435204 N 2 0 66 0 1 3 8 44 126 162 0 434657 2 1 14 75 11 3 0 25 4
60 435421 S 1 25 1 0 1 70 0 122 3 1 1 42 0 0 130 434981 40 0 2 0 1
61 440700 L 1 14 0 7 66 5 9 63 2 440046 1 0 4 0 2 82 6 317 0 21 54
62 448524 T 138 5 0 0 1 6 4 57 86 7 0 5 11 1 23 301 447874 3 0 0 2
63 453699 I 4 17 158 0 3 1 0 453103 35 81 155 1 7 2 3 2 66 47 0 10 4
64 457575 E 7 0 130 457081 0 65 1 2 44 2 0 2 9 39 5 4 1 20 1 2 160
65 457127 R 1 0 0 0 0 74 0 140 74 0 0 0 4 0 456729 42 22 0 0 0 41
66 458605 M 0 1 0 0 0 2 0 230 58 39 458142 0 2 1 6 2 62 60 0 0 0
67 457696 V 85 1 0 57 0 54 0 0 0 74 76 0 1 0 0 1 1 457345 0 0 1
68 461027 L 2 0 0 0 60 6 32 165 2 460626 0 0 80 3 18 2 10 19 2 0 0
69 458393 S 9 29 0 1 36 46 0 2 0 0 0 1 88 0 0 458062 41 0 0 78 0
70 452854 A 452245 3 125 1 0 21 1 1 0 1 0 1 35 2 0 182 169 56 2 0 9
71 452319 F 11 5 1 1 452032 2 7 25 0 104 3 0 1 2 3 63 0 10 20 28 1
72 447186 D 5 0 446724 103 2 107 30 0 0 3 0 64 2 1 4 2 1 39 0 99 0
73 445191 E 59 12 30 443883 4 148 43 57 170 147 0 17 4 18 52 152 178 63 1 53 100
74 448207 R 12 0 0 0 2 92 21 107 90 12 1 2 8 0 447739 54 33 1 0 1 32
75 447202 R 2 0 0 1 0 62 0 26 64 1 96 0 1 0 446774 127 21 0 24 0 3
76 445075 N 16 5 80 4 0 6 2 37 60 36 0 444584 0 9 3 93 12 12 71 44 1
77 440073 K 21 38 2 86 0 55 84 73 438500 185 0 57 1 7 708 68 16 139 0 3 30
78 439432 Y 1 46 0 0 15 1 165 2 2 2 0 38 0 1 2 5 3 0 10 439103 36
79 439029 L 2 2 0 0 0 1 1 8 0 438693 113 0 117 49 10 4 1 26 0 0 2
80 437242 E 32 72 65 436208 15 158 20 104 65 19 0 10 1 107 7 130 38 88 0 7 96
81 433739 E 6 7 80 432862 28 144 33 31 93 18 0 31 1 40 12 23 9 155 2 25 139
82 430494 H 73 150 20 4 113 2 427856 7 51 71 14 189 7 666 319 208 107 12 22 595 8
83 431145 P 156 47 3 21 3 334 124 18 4 53 10 124 429655 43 128 172 196 28 0 10 16
84 437101 S 253 64 1 0 3 441 34 513 19 243 14 359 16 64 175 434804 29 32 33 3 1
85 434280 A 432516 8 4 91 1 199 79 43 48 64 2 2 192 22 44 158 292 442 4 68 1
86 433453 G 96 3 7 97 67 430634 1126 0 342 213 44 81 41 45 306 81 93 80 84 12 1
87 435113 K 0 1 0 107 0 1 0 1 434687 0 22 152 0 6 89 2 1 0 0 1 43
88 436571 D 5 237 433944 37 1 68 34 0 4 3 0 2066 2 1 5 9 1 35 1 95 23
89 437428 P 685 96 5 3 141 80 165 4 3 66 6 4 435683 4 50 180 99 11 44 41 58
90 440694 K 42 6 1 99 2 258 156 3 439313 24 33 116 1 27 259 39 252 19 16 13 15
91 440895 K 3 1 0 61 0 0 3 15 440326 1 0 19 4 2 433 3 1 0 0 0 23
92 437224 T 56 1 1 0 0 1 1 16 0 1 0 59 26 0 2 31 437029 0 0 0 0
93 437900 G 21 0 0 45 0 437565 0 1 1 2 1 2 1 3 100 2 1 45 0 0 110
94 438756 G 21 0 0 45 1 438432 0 0 1 0 0 0 1 0 77 0 0 81 0 0 97
95 436909 P 241 0 0 17 0 3 92 0 0 42 0 0 436320 2 15 117 55 2 0 0 3
96 435545 I 1 0 0 1 0 5 0 435062 36 161 54 0 2 0 5 0 50 162 1 1 4
97 432936 Y 0 63 11 0 78 0 66 0 1 0 0 24 0 0 0 5 1 1 0 432564 122
98 432802 K 1 0 0 79 0 0 27 8 432146 9 65 141 5 8 249 1 28 4 0 2 29
99 429626 R 3 0 0 0 0 72 0 91 50 6 0 1 2 0 429294 47 24 3 0 0 33
100 428167 V 148 92 0 353 95 239 75 121 0 246 3 17 94 33 121 123 190 426135 0 82 0
101 430887 D 38 2 430369 63 0 63 34 5 6 1 0 87 28 4 2 11 16 35 0 120 3
102 428849 R 19 0 2 0 11 170 108 76 60 28 0 1 14 0 428251 36 47 1 2 2 21
103 432844 K 21 27 5 66 0 43 1 6 432196 18 27 113 2 4 182 15 27 65 0 0 26
104 432967 W 6 158 1 0 4 4 2 0 1 102 0 1 2 0 111 20 2 0 432402 5 146
105 430000 M 102 0 2 42 71 88 8 327 73 197 428761 1 0 8 45 27 100 127 8 7 6
106 423535 R 0 0 0 0 0 112 4 1 78 0 106 1 2 2 423081 75 26 1 44 0 2
107 421062 E 4 0 65 420508 1 85 4 0 256 0 0 6 2 23 0 12 1 17 1 1 76
108 421448 L 6 1 0 0 29 3 37 95 1 421012 0 0 158 5 20 7 59 15 0 0 0
109 419148 V 136 0 40 1 68 2 1 160 1 11 2 0 8 9 1 15 12 418679 0 2 0
110 415415 L 1 0 0 0 41 0 17 153 6 415093 0 0 51 1 13 0 6 33 0 0 0
111 413579 Y 2 66 4 4 82 0 83 99 0 44 5 13 1 13 0 31 40 110 11 412921 50
112 404607 D 16 2 403907 119 2 95 42 2 0 0 0 198 17 5 11 6 4 66 1 113 1
113 402120 K 0 0 0 68 0 1 1 23 401921 1 0 21 0 4 55 4 2 0 0 0 19
114 405848 E 7 1 34 405315 38 68 0 6 55 89 5 35 0 43 2 13 0 28 1 2 106
115 407734 E 4 0 22 407443 0 64 0 0 47 0 0 1 3 17 1 13 1 27 0 0 91
116 405343 I 1 3 0 0 0 5 0 404987 32 42 100 0 3 1 3 4 52 107 0 0 3
117 407739 R 4 2 1 0 2 72 0 11 62 24 144 3 0 54 407203 83 25 21 24 1 3
118 408630 R 4 32 0 0 0 24 3 4 9 110 0 0 22 103 408231 0 6 0 0 0 82
119 407774 I 20 130 0 0 7 6 0 407378 0 7 22 29 0 0 0 4 74 97 0 0 0
120 409102 W 1 97 0 0 0 9 0 0 0 79 0 0 2 0 122 21 0 0 408637 1 133
121 411213 R 20 164 1 1 7 32 149 3 8 119 0 0 20 14 410528 111 0 24 5 7 0
122 412491 Q 26 83 1 27 0 49 108 11 93 102 0 2 8 411356 92 15 64 380 0 0 74
123 409572 A 408939 7 88 3 1 82 0 3 0 5 1 1 22 0 2 236 101 78 0 0 3
124 413172 N 1 3 62 2 2 0 11 32 55 2 0 412928 1 3 0 44 6 3 0 13 4
125 419271 N 6 39 58 25 16 39 14 26 35 76 15 418521 12 11 130 132 60 2 18 32 4
126 416580 G 50 111 66 9 1 415971 8 2 16 88 0 1 5 16 33 120 12 70 0 1 0
127 417622 D 166 15 415609 201 2 182 38 57 4 124 0 136 9 54 104 96 57 643 0 122 3
128 418258 D 291 39 415968 116 26 490 53 7 15 81 10 384 25 7 122 233 137 90 1 159 4
129 424040 A 423263 1 0 103 5 56 9 8 17 6 15 4 26 2 35 195 157 129 0 1 8
130 425969 T 102 4 0 0 2 1 22 57 249 96 12 3 36 15 63 44 425225 32 0 4 2
131 429041 A 427944 1 128 0 0 18 47 8 0 0 0 4 422 1 7 316 78 64 0 0 3
132 423531 G 16 92 51 1 0 423235 0 0 0 0 0 0 4 0 16 47 1 67 0 0 1
133 419608 L 1 0 0 0 0 0 1 40 0 419270 119 0 117 20 10 0 0 29 0 1 0
134 416545 T 88 9 1 0 0 2 3 39 1 0 0 101 8 0 1 145 416134 9 0 0 4
135 418493 H 1 0 19 0 1 2 418019 1 1 47 0 116 12 131 82 4 1 1 0 51 4
136 423984 M 1 5 3 0 10 3 0 398 35 262 422996 0 3 0 6 1 60 193 1 0 7
137 426315 M 0 0 0 1 0 0 0 187 35 55 425883 2 4 0 2 1 58 86 1 0 0
138 424199 I 0 0 1 0 35 0 0 423957 0 21 25 35 0 0 0 5 65 55 0 0 0
139 425297 W 0 99 0 1 0 10 0 1 0 101 0 0 0 1 179 21 0 0 424720 0 164
140 424924 H 1 0 27 0 0 6 424560 0 0 27 0 114 9 27 52 1 0 0 0 93 7
141 426842 S 29 19 1 0 40 7 1 0 0 3 0 1 77 0 1 426548 29 0 0 82 4
142 422545 N 4 2 62 1 1 2 4 18 23 0 0 422349 0 0 0 64 1 1 0 13 0
143 422784 L 1 0 0 0 146 3 4 0 0 422500 35 0 0 0 0 71 1 3 3 0 17
144 425422 N 4 1 76 0 1 0 11 24 55 1 0 425114 0 0 0 91 11 4 0 27 2
145 420878 D 1 0 420539 47 0 62 34 0 2 0 0 42 0 0 0 0 1 34 0 115 1
146 419183 T 456 0 0 1 0 1 0 61 89 0 0 2 3 0 23 322 418224 0 0 0 1
147 419227 T 74 0 0 0 0 1 0 40 116 1 1 0 9 0 14 51 418916 2 0 0 2
148 415793 Y 0 44 3 0 44 0 64 0 0 0 0 21 0 0 0 5 3 0 0 415543 66
149 417775 Q 0 0 0 16 0 0 155 1 90 30 0 0 3 417302 115 0 0 0 0 1 62
150 414785 R 0 0 0 0 0 80 0 0 62 0 98 0 2 0 414419 86 20 0 17 0 1
151 413779 T 86 0 1 0 0 1 0 56 78 0 0 0 9 2 13 98 413435 0 0 0 0
152 414481 R 0 0 0 0 0 81 1 51 57 0 0 0 1 0 414203 19 24 2 0 0 42
153 416258 A 415906 6 94 0 0 19 4 1 0 9 1 4 21 1 3 100 55 31 0 1 2
154 419958 L 3 5 0 0 28 2 20 526 0 419108 2 0 58 9 5 2 6 177 1 2 4
155 419254 V 103 0 59 0 99 16 3 72 33 15 2 8 1 6 41 50 46 418683 0 0 17
156 419056 R 4 92 0 0 0 27 160 1 1 86 0 2 15 0 418563 93 5 4 1 0 2
157 420143 T 300 58 1 1 3 7 5 164 5 52 1 68 11 19 2 251 418721 462 1 7 4
158 419678 G 31 93 118 0 1 419110 2 1 0 14 1 0 4 2 30 183 9 66 0 2 11
159 417911 M 1 2 1 0 0 3 0 212 23 118 417394 0 0 0 3 4 68 75 0 3 4
160 422353 D 5 12 422009 38 0 73 21 6 0 2 0 44 1 7 0 0 3 26 1 100 5
161 422337 P 77 10 0 0 2 72 74 0 0 62 0 2 421414 22 39 387 123 51 0 0 2
162 426422 R 2 2 0 0 0 123 2 2 65 11 110 1 3 3 425918 98 25 27 19 2 9
163 427484 M 5 17 4 0 60 3 0 253 26 66 426877 2 0 0 3 1 45 120 0 1 1
164 427625 C 283 426687 0 0 122 21 2 10 16 3 1 27 1 3 74 84 6 30 20 144 91
165 424364 S 72 29 29 1 32 9 0 0 1 1 2 32 113 0 0 423879 58 0 0 101 5
166 425208 L 1 1 5 2 0 0 1 65 0 424768 161 0 101 46 9 1 13 31 0 0 3
167 430447 M 1 0 0 0 3 2 0 229 41 118 429897 1 1 0 7 1 76 68 0 2 0
168 432396 Q 45 0 2 26 0 5 133 1 136 26 0 6 13 431724 175 8 0 0 0 0 96
169 428855 G 20 80 62 1 0 428543 0 2 0 7 0 2 2 0 14 51 6 62 0 0 3
170 433096 S 7 0 0 0 3 2 0 0 0 131 0 3 55 1 1 432745 37 1 17 0 93
171 433360 T 95 39 0 0 1 3 1 42 1 2 0 88 6 1 0 74 433001 4 0 0 2
172 433295 L 2 0 0 0 29 1 40 159 0 432888 0 0 132 0 8 2 0 27 2 0 5
173 433483 P 59 0 9 1 0 3 149 0 3 50 1 3 432963 31 37 71 96 0 2 1 4
174 433851 R 1 0 0 0 2 87 0 1 38 4 124 1 1 0 433455 85 29 0 20 0 3
175 432394 R 0 0 0 0 0 92 0 0 239 0 103 0 0 0 431859 60 9 0 32 0 0
176 437188 S 21 26 0 0 34 6 0 3 0 1 0 2 47 0 0 436954 31 0 0 63 0
177 443127 G 15 0 0 57 0 442810 0 1 0 1 0 1 0 1 94 0 0 67 0 0 80
178 449336 A 448662 0 133 0 0 21 1 3 3 70 0 15 53 1 63 179 79 51 0 0 2
179 455203 A 454670 1 0 113 0 25 0 0 1 1 0 0 25 0 0 105 189 67 0 0 6
180 455065 G 7 69 73 0 0 454761 0 0 0 0 0 0 0 0 21 51 0 82 1 0 0
181 454612 A 453881 1 46 4 2 68 34 0 1 9 0 4 8 165 12 138 193 44 1 0 1
182 458222 A 457387 0 0 118 3 30 173 0 0 1 0 14 20 3 2 125 150 194 0 0 2
183 460193 V 72 7 53 1 129 11 0 107 0 14 1 0 1 0 2 1 4 459783 0 1 6
184 464807 K 3 0 0 70 0 3 1 32 464488 1 3 55 3 13 83 5 10 1 0 0 36
185 468831 G 20 1 0 50 0 468432 5 0 0 1 0 2 0 3 81 12 2 97 0 1 124
186 472675 V 76 0 36 8 84 3 0 156 3 23 7 1 7 5 1 5 59 472190 1 0 10
187 477894 G 89 1 0 80 1 477418 1 0 0 4 0 1 2 1 105 0 0 72 119 0 0
188 479600 T 138 2 0 3 0 0 0 84 113 2 0 0 6 0 17 140 479094 0 0 0 1
189 486053 M 44 183 1 0 3 47 3 333 29 82 485041 5 1 29 12 25 76 97 1 25 16
190 487070 V 216 67 2 66 1 88 1 1 0 97 69 0 3 1 1 203 38 486216 0 0 0
191 487783 M 6 20 0 0 0 3 2 229 46 118 487185 4 2 8 3 5 67 77 0 6 2
192 488752 E 4 3 137 488223 0 145 0 0 77 2 0 1 3 10 0 3 0 46 0 1 97
193 488456 L 29 45 0 0 135 8 2 1 0 487883 100 3 1 0 0 105 13 101 8 0 22
194 491510 I 8 8 1 0 0 0 1 490986 20 85 86 2 9 2 1 2 75 224 0 0 0
195 490714 R 4 0 0 0 0 83 2 0 48 3 144 0 2 1 490251 109 24 0 42 1 0
196 493120 M 11 0 0 3 0 44 0 211 54 63 492343 0 2 209 11 14 63 91 1 0 0
197 495185 I 12 0 1 0 50 8 0 494832 1 3 20 59 0 0 0 8 77 112 0 2 0
198 494376 K 0 0 0 75 1 0 0 11 494119 0 0 69 0 8 80 0 6 0 0 1 6
199 493938 R 0 78 0 0 0 24 139 0 0 93 0 1 24 0 493458 111 8 1 0 0 1
200 499795 G 28 0 0 59 0 499336 0 0 1 0 0 0 0 0 128 3 13 102 122 0 3
201 494435 I 14 4 1 0 46 6 2 493930 1 11 45 25 5 1 3 16 153 167 0 0 5
202 492135 N 12 0 95 0 5 9 13 42 40 95 19 491587 8 1 11 92 54 7 7 37 1
203 493554 D 6 0 493137 61 0 71 33 1 0 2 0 67 0 1 2 2 0 41 0 128 2
204 495367 R 0 1 0 0 0 14 0 1 0 91 0 0 20 142 494992 0 1 0 103 0 2
205 496510 N 2 144 93 2 3 27 2 20 76 1 6 495907 1 0 1 146 16 22 4 34 3
206 492108 F 4 8 0 0 491734 2 3 15 0 235 0 1 4 0 1 59 0 18 0 22 2
207 486818 W 0 108 0 0 10 8 0 0 0 129 1 0 4 1 183 26 0 0 486185 0 163
208 485585 R 0 0 0 1 0 128 0 128 47 0 0 1 3 0 485157 38 28 0 0 0 54
209 488339 G 15 95 70 1 1 488008 2 0 0 0 0 0 1 1 12 73 1 55 0 0 4
210 492076 E 2 0 51 491654 0 91 1 3 85 0 0 1 0 19 1 4 0 51 0 0 113
211 492621 N 918 572 124 3 64 8 56 395 35 995 2 488541 4 56 5 311 234 183 71 44 0
212 494979 G 38 1 0 68 3 494516 1 1 0 1 0 0 1 0 132 7 1 84 1 1 123
213 493842 R 1 1 2 0 0 29 1 0 2 109 0 0 20 146 493380 1 0 0 1 0 149
214 490110 K 12 0 0 73 7 1 78 43 489617 19 0 18 1 23 143 5 12 3 0 37 18
215 488509 T 104 0 0 0 0 275 0 31 74 2 0 0 149 0 20 62 487788 4 0 0 0
216 486326 R 3 1 0 0 0 99 0 0 105 7 118 0 0 0 485835 111 15 0 32 0 0
217 484016 S 23 49 1 1 10 118 0 74 5 75 7 172 7 45 55 483204 100 64 6 0 0
218 480481 A 479781 0 127 0 0 26 0 0 1 0 0 1 15 0 1 136 339 53 0 0 1
219 485116 Y 0 72 3 0 33 0 94 0 0 10 0 13 0 0 3 5 4 0 0 484743 136
220 486738 E 5 0 142 486268 0 86 0 0 83 2 1 0 0 15 0 0 0 37 0 0 99
221 488488 R 0 0 0 2 0 79 0 118 129 0 0 0 0 0 488069 31 18 0 0 0 42
222 481186 M 12 1 0 0 32 74 0 210 52 37 480413 7 1 0 2 27 71 65 0 182 0
223 475289 C 0 474726 0 0 119 18 0 0 0 4 0 1 0 0 100 102 0 0 29 89 101
224 473994 N 0 0 81 7 0 0 9 54 115 0 3 473624 0 0 0 59 10 0 0 32 0
225 475526 I 0 0 3 0 26 0 0 475092 0 157 2 17 1 0 0 20 82 102 0 24 0
226 476049 L 0 0 0 0 24 0 69 93 0 475729 0 0 102 4 3 2 0 23 0 0 0
227 475849 K 0 0 0 67 0 0 0 43 475622 1 0 23 0 5 64 2 2 1 0 0 19
228 469938 G 36 3 0 82 1 469564 1 2 0 0 2 0 0 1 64 0 2 92 0 0 88
229 466173 K 0 0 0 83 0 2 0 20 465926 1 0 50 1 7 64 0 6 0 0 0 13
230 466016 F 0 6 0 0 465749 2 0 35 0 118 0 0 0 0 0 75 3 5 0 21 2
231 460796 Q 13 4 0 26 2 23 23 1 118 85 17 2 23 460064 300 6 24 5 1 0 59
232 455975 T 77 9 0 0 0 0 73 76 125 18 0 0 30 11 49 42 455463 1 0 1 0
233 453502 A 452273 10 143 0 0 25 7 1 0 65 0 49 68 2 7 103 664 84 1 0 0
234 447389 A 446372 12 10 119 0 23 0 5 1 0 0 0 427 0 0 191 152 68 1 6 2
235 440315 Q 2 3 1 14 0 1 32 0 90 21 1 0 5 440023 64 0 0 1 0 1 56
236 435080 R 0 0 0 1 0 130 2 0 173 0 114 0 1 2 434525 81 21 6 21 0 3
237 430755 A 429853 0 3 113 0 312 2 0 2 7 62 1 22 3 21 130 106 116 0 1 1
238 421546 M 0 4 0 0 0 43 4 291 45 143 420825 6 4 32 11 16 54 65 2 0 1
239 413770 M 24 3 0 0 0 5 0 205 46 56 413072 1 0 1 6 8 118 222 1 2 0
240 403353 D 4 0 402713 211 0 167 13 0 0 1 0 78 0 0 1 41 3 36 0 85 0
241 390141 Q 0 0 1 26 1 0 26 0 98 34 0 0 8 389810 104 1 1 0 0 0 31
242 379283 V 136 7 0 30 1 11 0 7 2 113 62 1 0 1 2 5 5 378899 1 0 0
243 372116 R 32 0 0 1 3 102 2 101 217 17 1 0 1 3 371479 63 49 12 0 0 33
244 357522 E 5 1 48 357203 0 75 0 0 58 0 0 3 1 13 0 3 5 22 0 0 85
245 348175 S 18 9 0 1 0 355 0 64 0 3 0 43 111 1 56 347497 12 5 0 0 0
246 335619 R 0 0 1 0 0 11 9 0 58 73 1 0 17 128 335249 4 1 2 65 0 0
247 321279 N 5 2 58 0 7 9 2 21 54 14 4 320837 0 6 5 192 16 12 0 34 1
248 308277 P 11 12 2 0 0 1 0 0 0 65 0 1 307998 69 6 36 56 5 14 1 0
249 294557 G 9 3 0 33 0 294339 0 2 0 0 0 0 1 0 56 0 2 43 0 1 68
250 284871 N 7 2 38 1 5 3 9 12 35 1 1 284668 1 6 1 51 5 11 6 7 1
251 274621 A 274363 0 63 0 0 7 0 0 0 7 1 0 10 0 0 68 58 44 0 0 0
252 262904 E 3 1 74 262641 0 50 0 0 33 1 0 0 0 21 0 0 0 17 0 1 62
253 251456 I 2 0 0 0 24 0 0 251320 0 6 21 14 0 0 1 2 27 39 0 0 0
254 237870 E 1 0 16 237678 0 25 0 0 57 0 0 0 0 14 0 0 0 19 0 0 60
255 222643 D 4 0 222529 18 0 21 7 1 0 0 0 14 2 0 1 0 0 20 0 26 0
256 208782 L 4 18 0 1 13 0 29 38 0 208611 2 0 44 2 7 0 1 10 1 1 0
257 197155 I 1 0 0 1 15 0 1 196926 0 90 13 26 0 4 2 15 29 29 0 3 0
258 183953 F 1 1 0 0 183853 0 0 12 0 40 0 0 3 0 3 30 0 2 0 7 1
259 175156 L 1 0 0 2 0 3 0 3 1 174983 47 1 29 29 2 0 0 53 2 0 0
260 163630 A 163378 0 0 49 0 16 0 0 0 0 0 0 6 0 1 62 50 66 1 0 1
261 152674 R 0 0 0 0 0 7 0 0 0 27 0 0 4 34 152561 0 0 0 41 0 0
262 142072 S 9 11 0 0 23 0 0 0 1 1 0 0 23 1 1 141947 12 0 0 43 0
263 127817 A 127342 9 0 40 1 45 0 0 0 0 0 1 6 2 0 86 246 38 0 0 1
264 115505 L 2 1 0 3 14 1 7 38 0 115349 43 0 28 10 3 0 1 5 0 0 0
265 100811 I 4 8 0 0 0 1 0 100580 7 45 45 1 2 0 2 2 23 90 0 0 1
266 89528 L 0 1 0 0 39 0 0 21 0 89426 10 0 2 0 0 8 1 14 1 0 5
267 81197 R 1 0 0 0 1 15 0 21 77 1 0 0 0 0 81064 3 4 1 0 0 9
268 72274 G 1 0 0 9 0 72148 1 0 0 0 0 0 1 1 17 63 9 16 8 0 0
269 62044 S 14 1 0 0 0 7 0 0 0 6 0 0 8 1 0 61971 12 1 0 0 23
270 50091 V 13 0 8 0 2 0 0 10 0 5 0 0 0 1 0 1 4 50047 0 0 0
271 40145 A 40100 0 10 0 0 13 0 0 0 0 0 0 0 0 0 9 12 1 0 0 0
272 34179 H 0 0 3 0 0 0 34141 0 0 5 0 8 0 8 5 0 1 0 0 8 0
273 27834 K 0 0 0 4 0 0 0 1 27816 0 0 4 0 1 5 0 0 0 0 0 3
274 20463 S 0 0 0 0 0 0 0 0 0 0 0 0 2 0 0 20450 5 0 0 6 0
275 17818 C 6 17793 0 2 3 0 0 1 0 0 1 0 0 0 4 0 0 0 0 4 4
276 13246 L 0 0 0 0 0 0 0 0 0 13242 4 0 0 0 0 0 0 0 0 0 0
277 11181 P 2 0 0 0 0 2 34 0 1 13 0 1 11088 0 7 22 8 2 0 0 1
278 10542 A 10410 4 30 0 0 26 0 0 0 3 1 2 4 0 0 17 26 19 0 0 0
279 9963 C 0 9899 0 0 3 0 0 0 0 0 0 0 0 0 54 1 1 1 0 1 3
280 12920 V 7 6 0 0 0 0 0 1 0 2 4 0 0 0 0 0 0 12900 0 0 0
281 16163 Y 0 2 0 1 5 0 9 0 0 0 0 1 0 0 0 0 0 0 0 16139 6
282 12595 G 26 1 0 11 0 12544 0 0 0 0 0 0 0 0 4 4 0 0 0 0 5
283 30796 P 125 55 0 1 67 318 28 20 24 181 46 9 29502 13 33 192 69 112 1 0 0
284 40824 A 40533 0 31 0 0 9 3 0 0 1 13 0 30 1 9 41 49 104 0 0 0
285 47005 V 10 8 1 3 2 3 1 19 0 36 0 0 0 0 2 1 0 46916 0 0 3
286 55343 A 55255 0 12 0 0 38 1 0 0 0 0 0 5 0 11 7 2 10 0 2 0
287 62462 S 0 9 0 0 0 10 0 3 0 0 0 8 0 0 25 62393 14 0 0 0 0
288 71678 G 0 16 7 0 0 71630 0 0 0 0 0 0 0 0 3 11 0 11 0 0 0
289 84495 Y 1 16 0 1 7 1 48 40 5 3 2 4 0 2 21 1 0 2 0 84321 20
290 98585 D 0 2 98479 28 0 15 6 0 0 0 0 27 2 0 2 2 0 9 0 13 0
291 111473 F 0 2 0 1 111397 0 0 2 0 37 0 1 0 0 1 22 0 2 0 8 0
292 123196 E 17 1 5 122953 0 47 7 1 35 3 0 0 6 6 7 19 3 54 1 1 30
293 132113 K 4 0 1 17 0 4 2 6 132012 3 0 9 1 7 19 5 18 3 0 0 2
294 144577 E 117 8 32 143775 11 55 70 5 17 12 0 93 1 11 128 100 107 8 0 1 26
295 157150 G 4 0 0 37 0 157025 0 0 0 0 0 0 0 0 28 0 1 22 0 0 33
296 171177 Y 0 29 1 0 20 0 19 0 0 2 0 14 3 0 0 1 0 0 0 171045 43
297 184371 S 1 20 1 0 9 0 0 0 0 0 0 0 28 0 0 184252 12 0 0 47 1
298 200854 L 0 1 0 0 17 0 0 9 0 200796 1 1 1 0 0 19 1 2 1 1 4
299 216524 V 35 0 0 19 0 1 0 0 2 53 25 0 0 0 1 1 0 216386 0 0 1
300 228431 G 17 0 0 48 0 228247 0 0 0 0 0 0 0 0 31 1 1 48 0 0 38
301 238230 I 3 1 0 4 4 6 45 237691 26 33 76 3 3 5 183 32 35 44 5 31 0
302 252805 D 103 4 252386 48 0 38 22 0 2 3 5 55 4 14 1 20 1 26 6 67 0
303 268437 P 18 1 0 0 0 0 83 2 1 19 0 0 268213 2 9 36 47 2 1 0 3
304 279647 F 17 15 0 6 279231 7 0 40 0 191 4 1 10 2 2 54 0 30 0 36 1
305 290071 K 1 1 0 59 1 1 1 17 289774 13 5 38 0 2 127 4 6 5 0 0 16
306 301316 L 1 6 0 0 2 0 0 0 1 301120 72 1 50 36 10 1 5 10 0 0 1
307 316698 L 0 3 2 1 30 5 12 67 0 316427 2 1 66 62 7 0 0 12 1 0 0
308 331471 Q 119 285 2 16 0 27 50 16 82 70 39 0 4 330587 83 27 10 34 3 0 17
309 343273 N 111 2 52 1 7 195 14 68 110 43 4 342141 0 4 98 243 127 32 11 10 0
310 356787 S 87 88 0 0 5 106 2 91 0 0 0 61 1 8 94 355777 175 44 0 248 0
311 367572 Q 6 1 0 15 1 1 14 1 106 25 0 73 3 366609 465 175 0 10 0 3 64
312 381894 V 51 11 0 35 3 8 0 94 0 179 26 0 1 0 1 0 27 381455 2 0 1
313 395221 Y 5 72 1 0 51 9 70 2 0 12 1 27 3 1 2 17 1 6 0 394807 134
314 408885 S 16 243 0 1 0 121 0 106 0 0 0 59 0 0 99 408162 44 33 0 0 1
315 418915 L 5 2 10 3 4 3 2 123 1 418583 6 0 96 38 13 1 0 19 1 1 4
316 429875 I 0 34 0 0 24 4 1 429562 0 49 27 38 0 0 4 4 53 66 2 0 7
317 436850 R 1 2 0 0 0 132 1 116 82 2 0 0 0 0 436441 31 24 0 0 0 18
318 444614 P 71 1 1 3 5 15 61 7 35 116 5 2 443849 137 52 130 75 44 0 3 2
319 452208 N 38 20 72 18 1 229 10 29 163 49 0 451252 3 13 104 116 47 18 0 25 1
320 459692 E 2 1 124 459224 0 81 0 1 83 2 0 0 0 11 0 1 1 47 1 0 113
321 462373 N 10 1 61 0 0 5 3 36 99 5 0 461785 0 1 190 82 4 78 0 12 1
322 465112 P 89 15 2 0 1 33 2 3 7 90 0 10 464536 103 34 70 110 4 0 3 0
323 467700 A 466715 8 0 140 14 91 63 7 3 72 5 10 20 15 69 160 105 194 0 1 8
324 472083 H 2 0 16 0 0 1 471593 0 0 86 0 115 9 119 70 9 0 0 0 62 1
325 471992 K 0 0 0 107 0 0 0 0 471576 1 43 136 0 4 92 0 10 0 0 0 23
326 471926 S 2 34 0 0 0 65 0 72 0 0 0 78 0 0 61 471604 10 0 0 0 0
327 469289 Q 0 0 0 28 0 0 160 0 107 26 0 1 8 468786 105 3 0 1 1 0 63
328 465178 L 4 0 0 1 0 2 0 99 2 464755 159 1 71 36 13 0 4 27 0 0 4
329 465144 V 60 2 1 37 1 14 0 29 2 81 61 1 2 1 3 2 3 464842 0 0 2
330 468415 W 0 113 0 0 1 12 0 1 0 102 1 0 0 2 92 25 1 2 467916 2 145
331 466153 M 4 5 0 0 0 9 0 233 40 171 465527 0 4 7 8 0 57 84 1 1 2
332 466164 A 465649 0 0 124 3 22 1 0 3 0 2 0 22 1 1 122 99 111 0 0 4
333 467333 C 36 466624 1 0 125 11 0 0 0 9 3 0 1 0 128 103 7 27 23 121 114
334 465521 N 7 134 91 1 2 13 35 37 32 1 6 464981 1 0 0 100 19 0 0 55 6
335 462624 S 56 40 0 0 41 7 3 5 0 1 0 0 47 0 2 462286 28 0 0 108 0
336 460421 A 459698 1 117 1 1 69 0 0 1 71 0 1 23 0 1 177 202 57 0 1 0
337 458827 A 458403 8 0 112 2 34 0 0 1 5 0 3 22 0 0 107 68 61 0 0 1
338 458029 F 3 5 0 0 457779 17 6 27 0 76 0 0 5 0 0 71 0 6 0 24 10
339 459031 E 6 0 81 458611 2 100 0 0 47 2 0 0 1 31 0 0 0 35 0 0 115
340 453841 D 4 1 453478 27 0 66 23 0 1 3 0 89 0 0 0 5 0 30 0 114 0
341 452486 L 0 3 0 0 0 1 1 119 0 452124 0 0 113 35 4 0 0 86 0 0 0
342 451435 R 37 1 0 0 1 96 0 93 58 0 0 0 1 79 450967 53 22 2 0 0 25
343 450075 V 65 0 0 39 0 5 0 84 0 240 6 7 0 0 0 0 0 449629 0 0 0
344 450760 L 0 0 1 0 52 1 2 37 1 450536 3 0 0 0 2 71 3 4 0 0 47
345 454340 S 6 45 14 0 0 90 2 106 0 6 1 57 0 8 158 453805 37 1 4 0 0
346 455178 F 2 10 0 1 454587 12 0 40 2 263 25 3 0 1 2 100 5 77 0 48 0
347 453459 I 0 17 1 0 36 0 0 453167 1 8 25 41 0 0 0 6 64 93 0 0 0
348 450038 R 0 0 0 1 0 87 0 105 77 3 0 1 1 0 449649 31 34 5 1 0 43
349 453562 G 19 1 0 58 0 453251 0 0 0 0 1 0 0 0 70 1 0 63 97 0 1
350 455354 T 207 67 1 0 0 236 2 81 53 36 65 46 3 14 3 170 454349 6 9 0 6
351 455668 K 1 0 0 48 7 2 0 33 455390 17 0 52 1 7 67 1 7 1 0 3 31
352 456041 V 80 1 0 38 0 3 0 106 0 126 1 0 0 5 0 5 5 455671 0 0 0
353 462153 S 4 19 0 0 70 0 1 67 0 26 0 0 423 0 23 461382 24 13 18 83 0
354 461845 P 25 0 1 2 0 1 1 1 0 62 0 1 461401 92 110 48 95 2 0 2 1
355 460517 R 0 0 0 1 0 68 0 0 91 3 166 0 0 0 460042 91 32 0 23 0 0
356 465022 G 14 0 4 51 0 464721 0 1 2 0 0 1 0 0 89 0 0 73 65 0 1
357 460103 K 0 3 0 95 1 0 3 27 459787 3 0 56 0 2 88 1 9 2 0 0 26
358 462598 L 0 1 0 1 49 1 16 34 0 462374 0 0 110 0 2 0 4 5 1 0 0
359 469384 S 172 44 0 11 52 6 2 1 188 55 1 0 103 29 64 468497 46 9 0 104 0
360 477002 T 70 8 1 0 0 2 1 39 0 0 0 125 1 1 0 73 476622 59 0 0 0
361 471437 R 0 1 0 0 1 83 0 99 44 22 0 0 0 1 471077 26 39 0 0 0 44
362 476453 G 24 0 0 22 0 476124 0 0 0 0 0 0 1 0 72 1 0 90 0 0 119
363 479538 V 80 8 0 38 2 9 0 434 0 242 0 1 0 0 0 0 0 478723 0 0 1
364 482517 Q 5 58 0 22 35 7 42 25 92 55 704 0 15 481254 59 24 24 38 4 3 51
365 485967 I 1 0 0 1 32 0 1 485715 1 20 6 28 0 1 4 4 62 89 0 0 2
366 490570 A 490162 0 119 1 0 16 0 1 0 2 0 0 16 0 0 136 69 47 0 0 1
367 490419 S 109 3 0 0 0 78 80 0 1 49 2 21 63 1 4 489783 68 4 1 2 150
368 486474 N 18 3 61 0 0 101 6 20 79 63 26 485781 6 8 8 87 179 1 0 25 2
369 489165 E 6 0 24 488785 0 74 0 1 75 5 1 0 0 30 2 2 3 40 0 0 117
370 487647 N 3 23 158 37 9 20 30 52 101 45 5 486897 20 23 19 84 110 0 0 11 0
371 489682 M 4 110 0 2 1 0 1 306 34 106 488933 3 7 2 12 5 67 88 1 0 0
372 491782 D 5 1 491272 152 2 114 39 0 0 0 2 75 3 0 0 13 0 39 2 63 0
373 492786 A 491816 68 155 0 14 36 2 25 9 11 1 11 135 3 44 151 159 129 16 0 1
374 494114 M 2 1 0 0 0 1 1 293 44 96 493518 0 0 0 7 4 75 70 1 1 0
375 492088 E 11 6 49 491630 0 101 0 3 65 9 0 0 0 30 1 14 8 58 0 0 103
376 492020 S 65 15 1 1 0 59 0 0 3 42 0 9 66 1 1 491479 49 89 7 0 133
377 487835 S 27 83 0 0 43 121 16 104 3 9 11 77 4 0 94 487140 50 49 0 2 2
378 485243 T 115 2 0 1 0 13 2 55 0 29 0 98 12 2 44 154 484709 6 0 1 0
379 485900 L 0 4 0 3 34 0 25 144 0 485461 3 1 113 0 10 1 2 94 0 1 4
380 481739 E 7 1 42 481327 0 100 0 1 77 3 0 0 3 28 1 5 0 35 0 0 109
381 480722 L 4 0 2 0 1 3 0 2 1 480428 125 0 102 23 5 3 1 21 1 0 0
382 479242 R 0 0 1 0 0 114 1 34 62 1 0 541 3 5 478384 50 22 0 0 0 24
383 479257 S 115 39 1 1 0 96 3 122 1 1 0 83 0 0 124 478581 54 36 0 0 0
384 477771 R 5 15 0 3 3 203 1 0 125 21 85 4 0 6 477175 56 19 4 44 1 1
385 475914 Y 21 80 2 1 40 12 96 0 1 5 1 45 0 0 14 7 5 2 0 475465 117
386 475702 W 2 91 1 1 1 9 1 3 0 104 1 1 1 1 120 19 0 1 475172 0 173
387 473268 A 472792 0 84 2 0 63 0 0 0 0 0 0 22 0 0 89 110 104 0 0 2
388 467910 I 1 0 0 0 0 1 0 467550 26 52 120 0 2 2 9 1 82 63 0 0 1
389 467308 R 1 0 0 1 1 65 0 115 58 1 0 0 1 0 466985 26 26 1 0 0 27
390 464826 T 85 0 1 0 0 0 0 37 0 2 0 69 2 0 2 48 464578 1 0 0 1
391 468337 R 0 0 0 0 0 115 0 58 74 4 0 0 0 0 467997 31 17 0 0 2 39
392 467681 S 6 20 0 0 0 82 1 70 1 0 0 58 2 2 42 467383 10 0 3 0 1
393 470978 G 27 0 1 32 0 470567 0 0 0 3 0 0 4 1 123 3 1 101 0 0 115
394 470357 G 24 0 0 62 0 469991 0 0 0 0 0 0 0 8 80 3 0 88 0 0 101
395 467324 N 14 2 97 0 0 31 30 36 153 1 1 466541 0 34 170 137 45 3 1 27 1
396 465389 T 305 43 0 0 88 11 123 111 70 258 2 143 51 93 4424 201 459318 121 9 14 4
397 465615 N 15 9 61 3 120 9 10 79 509 36 1 464318 2 2 261 96 33 11 26 12 2
398 462163 Q 11 1 3 27 5 38 42 12 330 54 4 1 20 459219 2261 18 3 52 1 20 41
399 459970 Q 101 11 0 16 115 115 231 13 157 141 14 1 179 454677 3992 67 46 40 1 5 48
400 457838 R 4 0 0 1 0 129 2 3 112 2 44 0 2 1 457438 54 12 4 29 0 1
401 460532 A 453247 20 89 0 1 46 55 4 170 1 4 7 56 5 6343 231 112 135 6 0 0
402 458812 S 62 47 0 3 31 9 209 0 116 0 1 0 113 105 685 457279 68 37 1 46 0
403 455885 A 454110 18 0 107 0 27 6 1 43 18 0 131 71 51 196 133 607 359 1 3 3
404 457126 G 288 146 105 4 1 456033 0 1 1 7 0 0 0 0 23 428 1 87 0 0 1
405 465809 Q 2 0 0 19 0 0 36 0 99 36 0 0 16 465437 88 0 1 1 0 0 74
406 463212 I 0 2 0 0 31 0 0 462867 0 21 13 35 0 5 26 45 98 69 0 0 0
407 468900 S 105 285 0 0 0 121 1 133 0 0 0 63 0 3 85 468071 29 0 0 4 0
408 470020 V 102 24 0 50 0 9 2 0 0 155 152 0 0 1 0 4 7 469514 0 0 0
409 472288 Q 221 87 0 28 0 23 111 82 117 31 7 27 7 470630 77 172 229 181 33 28 197
410 473128 P 399 12 0 0 1 11 127 0 0 32 16 0 472369 0 14 76 65 3 0 1 2
411 480309 A 479015 21 0 126 0 24 1 1 0 1 0 0 25 1 165 408 395 124 2 0 0
412 485360 F 0 4 0 0 485035 0 0 50 3 148 16 0 0 0 0 74 0 10 0 15 5
413 488423 S 11 25 0 1 37 8 0 1 0 0 0 2 67 0 10 488132 21 3 0 103 2
414 490501 V 134 19 0 64 0 15 2 5 0 317 224 0 0 1 0 0 54 489665 1 0 0
415 496133 Q 151 7 3 47 18 209 42 6 147 190 62 1 13 492922 574 1364 101 183 7 11 75
416 497524 R 0 0 1 0 0 126 1 62 35 0 0 0 0 0 497227 27 16 1 1 0 27
417 501599 N 28 0 75 2 30 183 303 269 105 423 0 499252 16 65 510 83 163 50 11 31 0
418 505056 L 9 30 0 1 52 3 43 205 0 504198 106 0 125 1 8 0 1 273 0 0 1
419 506786 P 67 9 0 6 3 0 0 1 5 65 2 0 506241 120 22 58 108 78 0 1 0
420 506509 F 395 7 0 0 504919 13 43 37 0 348 3 1 0 0 0 397 20 257 0 69 0
421 511334 D 803 3 503108 125 7 107 247 487 26 1493 141 676 1 91 234 2438 80 1018 0 249 0
422 511559 K 106 1 3 90 70 524 249 40 509703 98 50 115 0 31 217 154 13 54 1 30 10
423 508981 P 102 25 5 30 15 1160 111 9 88 88 1 134 502729 187 3740 409 125 10 4 8 1
424 508666 T 307 54 89 38 39 6 231 492 1 141 0 159 13 26 33 261 506658 79 38 1 0
425 509953 I 28 74 3 1 47 0 0 509020 4 7 29 56 0 0 4 6 148 524 0 0 2
426 504382 M 50 16 0 3 0 7 3 450 55 219 502953 27 0 11 28 6 311 237 5 0 1
427 502946 A 499653 602 10 133 0 253 322 13 27 143 2 63 43 9 133 454 470 586 2 28 0
428 494860 A 493204 215 0 131 23 47 33 0 27 5 0 68 19 5 15 435 499 117 1 14 2
429 487962 F 0 20 0 0 486634 1 0 20 0 312 0 0 0 1 2 76 1 14 1 871 9
430 480253 T 152 34 0 1 3 726 4 62 55 59 1 156 139 1 1133 482 477172 61 11 1 0
431 470161 G 100 24 2 72 96 468947 86 33 13 70 6 1 2 70 120 63 3 239 203 11 0
432 461400 N 89 169 99 9 82 54 85 72 99 60 8 459159 19 340 207 180 420 67 12 169 1
433 454378 T 102 28 33 36 27 145 1 206 168 247 49 2 23 117 128 91 452923 29 3 20 0
434 443669 E 42 22 145 442544 0 131 0 32 79 108 16 12 19 55 30 44 28 219 4 2 137
435 431889 G 21 0 0 97 0 431505 0 0 0 0 0 0 1 0 81 1 0 112 1 0 70
436 420546 R 2 0 0 2 0 78 5 133 46 0 1 1 0 0 420185 34 26 2 0 0 31
437 406073 T 61 11 14 3 7 4 2 37 63 0 0 3 10 0 14 80 405738 3 0 0 23
438 394590 S 55 3 0 1 1 1282 33 2 1 46 12 241 77 5 3 392647 38 4 0 15 124
439 384194 D 3 1 383761 129 0 66 18 1 0 5 0 37 2 0 1 1 0 78 1 88 2
440 371765 M 20 4 2 2 8 23 1 173 104 40 369474 8 2 8 18 20 54 53 54 1695 2
441 360358 R 0 0 1 0 1 83 0 0 50 1 109 0 0 0 359991 74 21 0 27 0 0
442 348462 A 346035 30 2 95 2 39 7 184 7 97 3 52 15 2 13 625 988 263 0 2 1
443 339047 E 4 0 27 338791 0 70 0 0 48 0 0 2 2 22 0 0 0 17 0 0 64
444 328043 I 0 9 0 1 14 6 0 327545 0 11 1 11 0 0 5 5 148 285 0 1 1
445 314520 I 3 4 0 1 0 8 0 314211 19 28 85 0 2 0 7 4 52 92 0 1 3
446 301466 R 153 23 70 99 5 196 23 4 167 22 96 26 694 33 299418 225 144 50 18 0 0
447 289967 M 17 6 3 15 6 16 37 204 48 52 289130 5 1 33 172 38 93 68 0 17 6
448 277100 M 2 1 0 0 0 0 0 122 32 150 276675 0 1 0 10 0 47 60 0 0 0
449 261722 E 2 1 22 261484 1 68 1 0 43 2 0 0 1 10 1 13 2 17 0 1 53
450 249404 G 12 81 211 0 1 248273 8 24 18 52 0 7 3 1 39 121 460 76 16 0 1
451 235014 A 231666 3 4 96 490 440 39 3 64 122 7 0 29 58 161 89 198 170 0 1374 1
452 219157 K 2 0 0 33 2 22 8 28 218819 50 0 47 63 4 33 2 4 30 2 3 5
453 203979 P 92 101 2 0 0 333 3 0 2 273 1 9 202504 95 159 41 107 11 244 2 0
454 192413 E 173 15 21 190855 137 286 5 1 35 434 1 7 3 14 7 241 12 79 3 24 60
455 173682 E 29 111 28 172474 6 156 11 181 37 48 2 51 9 63 84 73 56 204 1 9 49
456 158358 M 116 43 0 2 28 88 10 82 129 32 157153 4 0 1 307 219 26 52 21 45 0
457 148813 S 19 12 4 0 14 113 2 0 0 22 2 21 25 36 3 148471 40 0 0 28 1
458 139878 F 0 6 0 0 139703 0 3 8 0 92 0 0 0 0 0 34 1 1 10 20 0
459 131557 Q 64 2 3 12 69 189 95 5 66 43 8 3 13 129605 1262 44 43 14 1 0 16
460 122576 G 122 25 0 26 3 122092 1 0 20 5 3 2 0 0 210 32 4 30 1 0 0
461 115630 R 1 0 0 0 1 8 0 0 0 55 0 0 3 55 115474 0 0 0 33 0 0
462 110124 G 8 1 0 30 0 109977 0 0 0 3 0 0 0 0 43 1 0 26 0 0 35
463 98827 V 13 13 2 0 30 4 0 66 0 10 2 0 0 0 0 1 0 98686 0 0 0
464 307093 F 0 2 0 11 306695 10 5 28 0 170 0 0 43 0 0 73 0 18 0 37 1
465 313496 E 0 0 104 313119 0 69 0 0 60 0 0 0 0 14 0 0 0 11 2 0 117
466 329297 L 15 8 23 4 191 89 584 246 44 326987 106 47 151 82 14 21 308 176 178 22 1
467 347273 S 2 4 0 9 7 47 12 4 79 70 2 5 68 1 31 346732 112 4 19 1 64
468 358572 D 3 0 358243 57 0 111 21 0 0 0 0 48 1 0 0 2 0 18 0 67 1
469 381494 E 49 1 44 380829 0 105 4 23 90 6 0 3 0 66 4 12 26 91 0 0 141
470 398574 R 0 0 0 0 0 77 0 0 86 0 129 0 0 1 398137 105 19 0 20 0 0
471 416748 A 416384 0 0 69 0 27 0 0 0 1 0 0 11 0 0 79 66 111 0 0 0
472 438818 A 437907 11 0 74 0 16 13 1 0 0 0 0 28 7 1 205 411 144 0 0 0
473 453104 N 4 85 54 0 0 3 110 46 112 20 0 452292 1 3 184 122 26 10 5 27 0
474 470309 P 655 0 0 0 0 0 0 0 0 76 0 0 469029 87 312 53 90 1 6 0 0
475 484711 I 0 0 0 0 37 0 1 484382 0 24 18 55 0 0 1 4 57 131 1 0 0
476 486680 V 431 1 0 28 0 44 0 0 0 239 180 0 2 2 17 0 2 485734 0 0 0
477 497329 P 21 0 0 1 1 0 84 0 0 53 0 0 497026 0 16 56 71 0 0 0 0
478 511155 S 5 18 0 0 54 1 0 7 13 52 0 0 102 3 23 510763 28 26 4 55 1
479 523087 F 5 96 0 0 522293 24 6 73 0 249 0 15 12 9 97 70 6 59 3 70 0
480 527888 D 12 8 526220 167 12 125 51 0 19 12 2 136 31 17 281 525 17 86 3 162 2
481 537456 M 4 12 1 0 2 7 6 331 33 61 536751 0 3 0 64 0 72 107 1 1 0
482 538122 S 0 64 0 0 0 102 0 181 2 1 0 87 0 0 72 537568 45 0 0 0 0
483 552915 N 0 0 64 0 0 0 10 25 140 1 0 552576 0 10 0 62 5 0 0 22 0
484 556060 E 33 0 51 555350 4 64 0 0 95 0 0 0 11 44 0 1 46 172 2 1 186
485 557479 G 79 37 0 58 52 556435 3 0 17 5 0 0 0 1 431 16 0 170 12 1 162
486 556714 S 1 13 0 0 29 0 0 0 0 0 0 0 65 0 0 556468 63 0 0 75 0
487 555733 Y 0 41 2 0 29 0 102 2 0 0 0 11 0 0 0 1 0 0 1 555491 53
488 552720 F 0 2 0 0 552339 0 0 33 0 222 0 0 0 0 0 72 1 3 0 48 0
489 553609 F 0 6 0 0 553208 0 0 20 0 279 0 0 0 0 0 52 0 3 0 41 0
490 551842 G 26 0 0 45 0 551355 0 1 1 0 0 0 0 0 161 0 0 126 0 0 127
491 552122 D 3 7 551448 127 0 206 28 1 2 2 0 57 0 0 0 0 0 85 17 135 4
492 550448 N 4 0 83 0 14 3 3 41 58 0 0 550018 1 0 80 111 4 0 0 27 1
493 550192 A 549208 0 0 142 1 84 2 0 1 8 0 0 29 6 6 207 353 145 0 0 0
494 549628 E 15 0 167 549021 0 104 4 1 88 1 4 1 6 36 0 1 0 29 0 0 150
495 547073 E 4 0 304 546282 0 132 0 0 79 6 11 8 8 26 8 36 0 40 2 0 127
496 521553 Y 17 146 2 0 250 5 78 4 0 2 1 40 0 0 6 11 0 9 8 520867 107
497 538462 D 976 135 532450 138 0 781 55 91 34 58 574 479 0 3 52 206 410 1837 2 141 40
498 529257 N 157 82 54 0 25 482 72 356 1520 76 152 520675 19 71 3531 721 759 153 18 39 295
