# nucleotide counts
# upper case indicates nucleotide called by both reads
# lower case indicates nucleotide called by one read with other ambiguous
# N indicates disagreement between reads, or both ambiguous
# POSITION WT COUNTS A T C G a t c g N
1 A 770604 766192 47 5 184 3876 9 5 3 283
2 T 771589 76 766757 124 9 8 4353 0 2 260
3 G 772266 133 155 33 767208 1 14 3 4499 220
4 G 772611 73 98 15 767743 1 4 4 4482 191
5 C 773494 171 282 767780 32 2 5 4957 4 261
6 G 774562 194 127 23 768508 0 7 3 5452 248
7 T 775505 122 767244 540 1295 0 5837 5 9 453
8 C 776433 342 377 769016 122 5 8 6395 2 166
9 C 777378 391 1428 768125 160 2 10 6794 3 465
10 C 778338 3587 4801 761670 950 40 45 7009 8 228
11 A 779483 766232 2412 2212 734 7516 38 20 5 314
12 A 780584 765039 4961 1459 800 8006 51 26 6 236
13 G 781149 172 277 248 771979 5 14 2 8068 384
14 G 782110 140 130 135 772991 1 4 1 8475 233
15 C 783433 204 102 773764 36 4 6 9089 2 226
16 A 784237 773786 49 12 134 9508 4 7 4 733
17 C 785165 77 76 774996 18 8 2 9812 4 172
18 C 786597 183 80 775349 48 3 2 10564 3 365
19 A 787958 776038 28 9 95 11609 5 1 2 171
20 A 789063 776828 36 7 89 11816 5 2 0 280
21 A 789941 777671 65 32 113 11682 2 1 3 372
22 C 790956 160 142 778556 29 4 6 11866 2 191
23 G 791940 131 150 37 779615 1 14 4 11790 198
24 G 793493 134 92 31 780907 3 2 1 12149 174
25 T 794858 126 779680 147 27 8 13346 5 2 1517
26 C 796274 248 119 780837 54 4 5 14608 5 394
27 T 797661 75 780729 243 121 3 16301 5 7 177
28 T 799184 147 779407 456 70 3 18758 13 4 326
29 A 801117 779304 171 67 134 21130 13 4 9 285
30 T 803043 128 779339 375 18 5 22974 32 8 164
31 G 803911 134 195 59 777903 39 31 11 25327 212
32 A 805536 777239 104 15 232 27698 16 7 44 181
33 A 807136 777095 85 24 259 29411 15 9 18 220
34 C 809193 1158 506 775254 609 64 33 31340 51 178
35 A 811265 773794 479 847 978 34704 24 29 78 332
36 G 811918 825 592 1085 771698 54 42 68 37315 239
37 A 813631 771966 59 5 132 41012 13 13 18 413
38 T 815365 70 770243 101 11 41 44693 14 16 176
39 G 816831 155 116 32 767444 24 42 14 48774 230
40 G 817719 128 313 33 764857 51 51 17 52021 248
41 A 818848 760256 241 7 167 57747 49 21 41 319
42 A 819900 757773 79 43 406 61274 25 35 51 214
43 A 820448 757640 90 126 157 62052 29 48 40 266
44 C 821450 205 105 757085 60 59 40 63761 15 120
45 T 823269 68 753453 195 98 62 69170 42 31 150
46 G 822829 96 185 44 750611 30 133 29 71546 155
47 A 822855 748798 70 7 161 73453 62 13 85 206
48 T 823537 86 747109 95 53 78 75862 58 34 162
49 G 823424 411 278 120 741162 82 115 102 80847 307
50 G 822315 358 123 184 737490 137 86 37 83694 206
51 G 820440 434 433 127 733508 82 118 52 85367 319
52 G 818696 429 271 478 729125 110 80 85 87823 295
53 A 817820 726226 298 656 265 89842 44 116 79 294
54 A 815278 724137 245 602 442 89151 48 115 137 401
55 C 813432 171 187 719509 29 70 57 93182 41 186
56 G 809600 334 165 51 714701 78 49 46 93949 227
57 C 808035 133 59 711092 19 63 35 96259 42 333
58 C 811034 141 136 707150 40 71 33 103130 40 293
59 A 812403 701294 63 1949 295 108054 41 298 74 335
60 G 808143 165 203 77 700372 55 62 20 107022 167
61 A 806335 695049 515 176 156 109709 117 43 66 504
62 A 805144 686678 129 1172 554 115861 34 237 103 376
63 T 805203 475 681219 602 791 115 121169 128 201 503
64 G 801539 588 195 1912 672619 1079 88 379 124526 153
65 C 799435 220 395 664336 2056 100 1100 130555 419 254
66 A 798804 654886 1630 418 459 139485 359 198 998 371
67 A 795836 648865 483 317 428 143926 166 427 923 301
68 C 794781 472 172 644783 248 214 58 148558 112 164
69 T 794718 357 644554 772 290 1141 147068 241 79 216
70 G 790534 229 182 141 639896 107 91 66 149646 176
71 A 787836 633692 111 78 164 152917 106 492 88 188
72 G 784489 241 257 202 628006 807 112 82 154624 158
73 A 781115 617800 56 331 97 161788 377 129 344 193
74 T 777890 65 607970 397 11 63 168723 315 161 185
75 C 775818 206 363 596500 62 489 225 177195 333 445
76 A 774385 587240 81 343 194 185737 103 132 412 143
77 G 766872 103 161 50 579671 452 181 183 185908 163
78 A 762192 567886 23 312 144 192821 232 173 359 242
79 G 754884 261 143 124 557596 203 169 133 196064 191
80 C 749092 339 139 553675 110 412 143 193949 129 196
81 A 744348 542385 72 85 259 201004 106 74 195 168
82 T 739073 319 534281 304 191 244 202899 199 459 177
83 C 734747 553 53 528799 235 642 158 204003 156 148
84 C 738414 351 405 525137 85 733 204 211254 105 140
85 G 733827 331 101 32 521813 630 219 41 210524 136
86 T 726413 41 513576 85 19 170 211882 77 186 377
87 C 722119 157 644 506497 77 212 688 213448 210 186
88 G 710277 191 123 37 503829 456 177 129 205139 196
89 G 699754 63 114 43 495658 124 322 40 203213 177
90 G 288490 49 52 16 227211 72 37 34 60947 72
91 A 284407 226216 18 4 46 57928 27 9 22 137
92 A 279847 221610 22 9 50 57970 53 12 41 80
93 G 278754 37 64 22 222192 29 47 17 56296 50
94 A 278220 221376 22 1 31 56643 14 14 17 102
95 T 279598 16 222700 32 5 35 56702 20 16 72
96 G 280964 45 72 8 227264 32 57 40 53380 66
97 A 281663 229015 30 8 48 52380 10 50 32 90
98 T 282243 19 230565 29 5 50 51443 40 7 85
99 T 283454 28 233552 45 6 34 49599 103 15 72
100 G 284409 166 138 59 236523 89 73 48 47258 55
101 A 286830 238687 143 104 133 47523 35 35 96 74
102 T 289348 119 243713 111 227 85 44932 31 47 83
103 G 291054 56 64 26 245754 24 80 45 44913 92
104 G 294196 31 59 19 248588 52 37 12 45314 84
105 A 295832 250308 69 31 102 45140 42 11 32 97
106 A 298107 256023 7 12 42 41883 24 4 25 87
107 T 299657 14 259707 27 4 17 39775 12 11 90
108 T 303504 21 261273 30 6 14 42046 10 17 87
109 G 306200 39 57 22 265511 12 49 10 40416 84
110 G 308320 34 55 23 270035 14 23 15 38036 85
111 A 311287 272814 39 14 127 38117 12 7 22 135
112 C 315872 63 79 275874 10 22 41 39709 10 64
113 G 319669 76 80 29 278765 23 42 10 40571 73
114 A 323107 282593 28 37 40 40295 5 20 10 79
115 T 326561 30 284533 50 6 23 41774 18 7 120
116 T 328968 49 286889 30 83 29 41776 14 8 90
117 C 330786 81 42 289964 42 18 18 40512 22 87
118 T 335659 40 293633 147 7 19 41674 30 20 89
119 A 339577 297194 44 15 67 42045 29 11 24 148
120 C 343387 88 68 300800 13 50 35 42220 34 79
121 A 347796 303029 167 92 119 44189 34 43 47 76
122 T 351272 61 306027 152 134 25 44644 41 76 112
123 C 355115 115 60 309973 315 64 19 44403 68 98
124 C 359515 63 39 313379 19 33 40 45829 24 89
125 A 363739 316516 18 9 61 46949 25 15 39 107
126 A 366802 319471 8 8 44 47073 12 22 23 141
127 A 370894 324048 24 12 61 46568 28 14 21 118
128 T 374444 16 328385 35 8 27 45841 13 14 105
129 G 376654 67 85 29 332675 32 35 27 43616 88
130 T 380527 61 336637 86 166 39 43258 28 33 219
131 G 383924 107 215 65 340683 39 57 13 42643 102
132 C 387720 117 209 342881 164 23 50 44129 32 115
133 A 390722 347583 49 21 103 42702 8 42 28 186
134 C 393111 102 69 350049 24 28 14 42700 24 101
135 T 395715 206 352548 124 100 34 42511 31 40 121
136 G 396717 60 127 31 355576 31 39 31 40715 107
137 A 400113 358382 18 18 77 41436 9 13 33 127
138 A 403059 361252 38 35 102 41361 40 11 27 193
139 C 405857 70 42 365074 14 50 29 40458 14 106
140 T 409805 21 369089 54 6 21 40308 173 5 128
141 T 413410 43 371960 101 19 161 40949 23 14 140
142 A 415585 373392 52 8 163 41664 148 9 21 128
143 A 418862 375925 32 26 165 42404 14 23 149 124
144 A 421343 377197 34 43 58 43736 21 22 23 209
145 C 424348 131 46 379928 44 37 16 43952 92 102
146 T 427390 37 381810 78 32 11 45258 12 9 143
147 C 430432 235 182 383434 340 109 29 45931 57 115
148 A 433723 383330 1042 759 1490 46558 148 92 197 107
149 G 435731 276 65 2253 385932 32 55 299 46731 88
150 T 438722 449 388159 1090 1911 70 46353 125 315 250
151 G 442123 521 147 90 392882 102 47 21 48197 116
152 A 444272 396752 121 180 165 46852 25 42 21 114
153 T 446427 55 398101 152 184 19 47701 27 33 155
154 T 450253 556 400507 86 58 90 48785 28 8 135
155 A 453571 404057 125 515 117 48501 37 74 18 127
156 T 456312 75 407181 566 119 25 48079 94 30 143
157 G 458076 65 124 43 411216 25 48 19 46421 115
158 A 460395 413926 46 20 121 46040 59 4 32 147
159 G 461454 217 104 24 414670 58 50 19 46178 134
160 G 462621 120 109 104 416680 34 55 40 45300 179
161 G 463720 116 57 160 418989 59 33 18 44104 184
162 G 464689 192 161 102 421351 43 40 29 42637 134
163 C 467571 116 145 423149 56 45 77 43783 30 170
164 G 470180 174 120 37 422346 61 49 18 47246 129
165 A 471661 424420 110 113 95 46541 31 23 127 201
166 C 474203 95 418 426480 36 61 69 46815 113 116
167 T 477980 59 427989 162 23 33 49442 45 99 128
168 G 478871 191 223 87 428692 133 55 23 49354 113
169 A 481341 430912 67 207 110 49748 38 24 88 147
170 T 483488 60 433667 69 16 22 49440 38 32 144
171 C 486975 222 75 437270 65 76 42 49060 21 144
172 C 489733 112 60 438144 32 83 70 51053 31 148
173 A 491736 440121 36 32 110 51140 95 25 48 129
174 G 491688 187 136 34 439956 55 54 36 51138 92
175 A 495382 440822 32 180 75 53999 21 59 52 142
176 A 496769 440238 214 17 98 55877 39 39 35 212
177 C 498048 124 466 439300 36 85 107 57772 36 122
178 A 498799 441047 35 12 73 57351 108 10 21 142
179 G 498133 47 128 46 443358 15 42 58 54290 149
180 C 498830 120 55 443376 36 82 49 54940 26 146
181 T 502989 72 445261 256 334 62 56777 31 49 147
182 T 506195 94 450056 94 24 34 55627 49 47 170
183 A 508192 451485 317 105 144 55852 60 25 49 155
184 A 510388 453684 280 27 152 55967 40 17 31 190
185 C 512528 98 69 454933 70 84 36 57070 33 135
186 A 515432 456315 129 584 109 57989 40 90 36 140
187 A 514920 457600 77 49 213 56711 24 10 74 162
188 T 516761 211 459921 80 23 47 56260 55 14 150
189 A 518021 459500 180 467 169 57410 64 59 28 144
190 G 518168 51 171 54 462503 31 47 25 55152 134
191 A 519175 463369 27 21 71 55476 27 14 11 159
192 G 519024 252 115 36 465128 33 31 12 53277 140
193 A 520658 464661 45 75 75 55543 28 25 19 187
194 G 520468 80 147 30 464275 22 32 17 55711 154
195 A 520035 465454 51 48 124 54129 15 13 38 163
196 A 521441 467992 34 11 62 53146 4 5 24 163
197 T 522301 59 467882 66 10 25 54078 18 4 159
198 G 521520 82 131 30 467127 18 59 23 53862 188
199 G 522691 82 56 21 465858 31 27 7 56417 192
200 T 524766 58 466004 89 58 37 57910 23 38 549
201 G 528288 208 198 21 467780 51 51 17 59806 156
202 C 530687 186 64 469155 27 46 24 60989 22 174
203 T 533162 37 469062 98 27 28 63670 30 19 191
204 C 535613 234 122 471332 109 62 40 63567 29 118
205 T 536161 205 468974 92 57 64 66572 38 22 137
206 C 535829 81 40 467474 238 40 32 67736 51 137
207 T 536770 80 465273 328 63 65 70701 71 24 165
208 G 532547 179 195 38 462654 110 68 13 69180 110
209 C 533011 140 61 460966 32 52 63 71529 35 133
210 T 536401 41 461533 187 112 34 74240 50 39 165
211 T 537253 31 461495 77 27 26 75330 17 76 174
212 T 538225 42 461662 74 34 22 76145 51 24 171
213 T 538085 46 459213 110 35 31 78434 17 28 171
214 G 534893 68 107 39 457504 81 53 17 76886 138
215 A 531609 455165 46 10 115 76025 23 26 32 167
216 C 531368 93 327 453753 23 47 120 76794 65 146
217 G 530952 470 362 196 453004 149 120 83 76456 112
218 A 531280 454735 275 400 220 75262 88 83 40 177
219 A 530980 453541 386 282 248 76154 94 49 69 157
220 A 530677 454430 60 117 108 75689 55 31 39 148
221 G 528625 116 126 76 455185 39 56 27 72877 123
222 A 529419 456561 118 32 186 72278 45 13 40 146
223 A 528389 456559 28 35 65 71486 27 13 31 145
224 G 527323 71 127 27 456809 42 60 18 70036 133
225 G 524367 117 108 31 455556 53 39 5 68327 131
226 A 521800 453308 135 43 123 67957 21 15 42 156
227 A 522266 452625 87 30 181 69110 33 18 37 145
228 T 521368 96 452298 159 120 54 68383 61 38 159
229 A 521307 450109 105 829 332 69458 25 152 145 152
230 A 520050 449747 417 65 873 68389 164 39 207 149
231 A 516649 448328 312 485 268 66790 147 95 67 157
232 T 515402 47 447150 170 2 24 67772 45 32 160
233 A 515104 449239 20 9 61 65540 24 24 37 150
234 T 512040 45 449703 107 16 27 61941 28 32 141
235 C 511743 130 39 450998 31 48 27 60340 19 111
236 T 512948 52 447256 125 16 21 65273 32 10 163
237 G 509421 137 117 103 446027 41 80 34 62711 171
238 G 509135 255 307 142 444604 88 73 39 63451 176
239 A 508834 442578 233 171 287 65240 54 33 63 175
240 A 508444 441450 174 221 246 66002 82 57 67 145
241 G 507160 181 234 88 441538 76 80 29 64789 145
242 A 505813 440800 238 37 186 64252 73 17 45 165
243 A 506344 440486 175 136 146 65053 43 44 59 202
244 C 506166 519 1030 438869 112 106 175 65199 36 120
245 A 508154 439459 224 309 603 67201 68 57 103 130
246 T 507895 946 437752 392 375 170 67933 72 78 177
247 C 508821 457 182 437889 556 102 56 69347 100 132
248 C 510068 353 115 438222 608 442 31 70018 93 186
249 C 513127 445 547 438777 288 143 126 72306 365 130
250 A 516011 440838 161 343 731 73462 113 64 150 149
251 G 513233 483 824 312 442931 95 129 297 68033 129
252 C 510964 463 581 441938 532 315 106 66658 218 153
253 G 509328 430 219 395 440983 148 179 82 66757 135
254 C 508230 319 562 440925 287 71 149 65459 261 197
255 G 508298 493 505 678 441615 224 138 124 64362 159
256 G 506992 723 232 1634 438651 101 111 210 65188 142
257 G 506181 1741 409 279 438944 237 104 44 64248 175
258 G 504733 511 636 1297 438542 125 108 167 63175 172
259 A 505742 441897 47 14 112 63356 30 68 41 177
260 A 505619 444863 23 3 96 60119 206 1 142 166
261 G 504642 158 134 26 445442 47 140 10 58548 137
262 G 502922 2110 372 41 443280 347 223 80 56339 130
263 A 502105 445415 39 12 345 55834 235 11 60 154
264 T 500679 65 445118 1094 21 55 53819 315 14 178
265 C 498753 149 546 444050 798 43 249 52634 117 167
266 C 500649 250 231 443414 341 71 153 55932 91 166
267 T 504175 956 444055 792 269 210 57515 199 52 127
268 A 503546 445214 62 315 424 57121 29 127 90 164
269 A 502859 446332 84 303 585 55240 27 39 100 149
270 G 501835 170 345 203 447679 59 50 32 53142 155
271 A 501212 448130 28 327 65 52438 13 37 26 148
272 A 501542 447059 16 10 443 53776 37 5 52 144
273 A 500400 445538 20 25 385 54232 18 16 35 131
274 A 498843 445821 28 28 59 52581 19 17 27 263
275 C 498988 62 17 445848 9 40 17 52843 9 143
276 T 499466 58 443707 168 631 12 54591 26 95 178
277 G 497849 79 113 34 444547 12 61 15 52862 126
278 G 497717 55 49 24 445433 22 23 9 51953 149
279 A 500079 446891 33 22 193 52694 34 8 50 154
280 G 499436 67 99 13 447021 22 24 7 52029 154
281 G 498890 51 82 23 446883 18 35 11 51633 154
282 A 498101 445883 104 14 126 51492 27 20 30 405
283 C 498540 58 120 445548 264 19 23 52289 34 185
284 C 499330 116 45 445590 20 24 18 53350 9 158
285 C 499273 189 95 443668 93 67 30 54958 19 154
286 A 500296 443223 81 92 171 56483 35 15 25 171
287 T 499032 42 442950 55 11 24 55783 16 14 137
288 A 497118 441082 1164 68 174 54291 166 14 33 126
289 T 497666 28 441914 68 12 13 55453 24 10 144
290 A 496725 440957 82 5 66 55350 19 15 17 214
291 C 496407 113 105 441409 13 63 20 54490 12 182
292 A 497379 440371 36 98 86 56563 24 19 25 157
293 A 497770 439606 88 36 254 57531 43 11 45 156
294 G 497594 186 121 70 439714 45 38 22 57255 143
295 A 496526 438194 46 38 79 57920 37 11 17 184
296 G 493803 54 101 35 436540 19 43 12 56852 147
297 A 493446 436421 46 41 92 56620 16 13 22 175
298 G 492590 345 561 407 435369 82 81 58 55539 148
299 T 493589 571 435427 570 464 153 55060 103 105 1136
300 A 494090 436258 464 588 562 55846 76 83 78 135
301 G 493500 118 135 68 438312 38 55 20 54614 140
302 A 493948 438899 44 92 77 54596 16 21 16 187
303 T 494563 74 438404 123 67 33 55625 30 16 191
304 A 494996 438147 50 161 200 56189 24 31 53 141
305 G 493384 176 120 86 437400 41 39 20 55348 154
306 A 493432 437082 62 151 136 55769 24 34 39 135
307 A 495120 439076 72 101 206 55388 22 30 37 188
308 A 494710 440012 120 65 256 54004 30 21 49 153
309 G 495539 224 190 164 439520 45 43 30 55165 158
310 T 496724 54 438983 65 11 38 56807 22 75 669
311 G 496822 101 107 32 438363 25 47 12 57949 186
312 G 496186 69 152 25 438323 20 40 12 57382 163
313 A 496523 437477 221 121 368 58035 34 19 78 170
314 T 494459 146 437402 231 148 43 56221 30 37 201
315 G 494702 321 212 196 438565 49 60 35 55135 129
316 A 494420 435521 57 105 119 58334 61 24 38 161
317 G 490580 87 109 37 431547 15 82 11 58580 112
318 G 489328 225 68 24 431068 50 58 15 57617 203
319 G 486720 275 88 29 429981 48 33 12 55973 281
320 A 486259 428772 18 16 91 57147 25 11 23 156
321 A 484472 428241 52 38 112 55476 15 42 28 468
322 C 482186 171 43 428048 24 34 13 53700 13 140
323 T 482265 45 427304 229 29 17 54401 36 13 191
324 C 483694 148 139 427832 47 42 42 55300 22 122
325 G 482765 179 87 29 427196 76 22 34 54989 153
326 T 483301 56 426248 172 6 39 56503 37 17 223
327 C 484010 119 61 424325 46 33 22 59186 46 172
328 C 485195 167 42 423574 34 53 38 61116 15 156
329 T 485926 24 423699 63 14 39 61899 24 11 153
330 T 485005 36 422863 65 18 50 61755 37 6 175
331 T 483243 170 421368 127 126 44 61199 24 25 160
332 A 480873 418946 350 69 85 61145 96 24 18 140
333 T 479518 225 416468 206 39 60 62328 42 19 131
334 G 477160 214 127 73 414511 69 48 43 61935 140
335 A 476515 413804 71 43 114 62191 39 24 22 207
336 C 477384 101 140 412402 74 94 36 64322 19 196
337 A 479784 412228 20 12 71 67250 35 10 19 139
338 A 478629 409766 26 2 62 68585 21 12 17 138
339 A 480220 409972 27 13 145 69803 38 7 38 177
340 G 480725 102 174 124 412455 48 57 29 67594 142
341 A 481340 414475 171 21 74 66388 26 16 19 150
342 A 482474 416450 45 145 128 65457 27 18 28 176
343 G 480083 53 106 20 418312 35 39 11 61310 197
344 A 479830 416408 27 20 71 63115 20 9 16 144
345 A 478392 414028 22 17 66 64086 12 10 17 134
346 A 478115 413937 32 23 114 63806 14 9 29 151
347 T 477396 36 411127 57 15 33 65883 18 12 215
348 A 480894 413063 50 11 117 67465 25 14 22 127
349 A 482312 414412 46 105 100 67376 39 32 30 172
350 G 480737 124 207 32 415269 36 61 21 64830 157
351 G 478642 241 96 43 415215 47 22 20 62798 160
352 C 478396 117 117 416519 28 41 62 61312 24 176
353 G 477682 121 115 32 415312 50 40 12 61829 171
354 A 477892 416264 64 157 91 61099 21 20 24 152
355 A 477503 415224 137 7 126 61770 35 10 28 166
356 T 478479 29 416010 97 142 16 61975 18 23 169
357 C 478077 188 68 416884 27 40 28 60714 17 111
358 T 481110 33 417088 94 11 43 63641 26 20 154
359 G 480460 87 80 24 417872 27 30 11 62202 127
360 G 479184 53 92 14 417963 24 23 14 60831 170
361 C 481217 116 216 418482 79 25 62 62051 23 163
362 G 480218 184 155 54 419177 38 38 17 60380 175
363 C 479031 184 184 419705 98 31 38 58630 22 139
364 C 482317 183 210 419997 499 68 45 60984 64 267
365 A 482362 417586 505 112 231 63632 62 21 43 170
366 A 482099 416931 252 117 270 64228 62 35 57 147
367 G 480558 113 253 28 418293 31 57 14 61637 132
368 C 477958 97 93 419251 93 33 19 58211 26 135
369 C 477279 94 134 419000 66 49 40 57740 16 140
370 A 478016 419714 24 17 70 57996 25 12 16 142
371 A 480616 421405 41 10 47 58917 5 12 29 150
372 T 480491 64 421778 84 9 34 58359 23 8 132
373 A 481814 423653 241 101 132 57415 58 27 37 150
374 A 482407 423996 137 139 306 57563 35 32 45 154
375 T 484631 276 424983 132 130 63 58871 37 25 114
376 G 484111 106 174 144 424008 29 60 36 59424 130
377 G 483575 120 165 117 423460 37 36 32 59469 139
378 T 483767 162 423893 167 191 59 58463 51 64 717
379 G 483455 280 245 314 426150 58 65 63 56139 141
380 A 483342 426086 842 339 312 55381 120 74 57 131
381 T 483566 556 426472 303 380 110 55475 55 69 146
382 G 483901 684 491 150 426377 128 100 38 55797 136
383 A 483328 427412 221 693 685 53924 43 97 111 142
384 T 483652 246 427596 393 632 52 54436 73 75 149
385 G 484224 302 146 47 428998 59 52 13 54488 119
386 C 484145 145 164 429264 160 45 54 54127 28 158
387 A 486097 430658 147 92 382 54535 34 17 63 169
388 A 487485 433064 47 191 139 53778 14 41 26 185
389 C 488133 297 208 434010 83 86 40 53233 30 146
390 A 489141 433682 136 88 245 54775 28 21 50 116
391 G 490803 192 227 480 435663 49 48 85 53945 114
392 C 490535 187 75 435377 126 44 39 54534 22 131
393 T 490742 61 434473 484 49 19 55445 76 8 127
394 G 490187 46 98 20 433109 31 49 11 56688 135
395 G 486056 54 68 25 430648 16 28 13 55063 141
396 T 484472 49 429364 121 16 19 54591 19 18 275
397 C 484046 164 92 427581 31 37 10 55998 9 124
398 T 484224 23 426530 121 11 19 57356 28 5 131
399 G 481038 132 148 37 425368 24 34 17 55127 151
400 A 479718 425814 95 11 103 53442 22 8 19 204
401 C 481706 110 49 426196 82 29 13 55058 20 149
402 T 482332 76 425991 225 37 20 55801 44 5 133
403 C 482556 123 62 425377 24 43 25 56753 13 136
404 A 483095 426014 52 18 85 56681 15 10 13 207
405 C 483611 112 82 427989 35 24 26 55202 14 127
406 A 486116 428455 79 213 202 56955 17 34 39 122
407 T 487590 42 430003 67 19 9 57287 16 5 142
408 G 486957 195 379 80 432387 34 80 26 53660 116
409 A 486263 433476 44 17 88 52442 8 9 17 162
410 T 486389 39 432071 63 3 14 54007 11 4 177
411 G 486611 65 112 24 432601 21 32 15 53601 140
412 A 487532 433685 43 16 57 53548 15 10 14 144
413 T 486578 36 434333 67 5 11 51943 8 8 167
414 C 486281 135 98 432354 40 34 28 53448 16 128
415 T 487681 40 432206 148 11 41 55074 26 11 124
416 G 484214 76 105 19 431561 22 51 11 52229 140
417 G 482209 93 87 18 431960 17 21 11 49854 148
418 C 482179 115 105 431731 34 30 21 49986 13 144
419 A 482777 431787 27 11 62 50729 9 10 21 121
420 T 483416 23 432266 101 12 6 50857 10 4 137
421 T 483160 31 432789 79 37 8 50014 26 24 152
422 C 482567 89 44 432931 27 36 11 49266 10 153
423 C 482380 140 74 431754 73 46 25 50105 20 143
424 A 483277 431074 18 4 71 51914 12 11 20 153
425 A 482405 430767 21 6 69 51388 8 4 7 135
426 T 481780 20 430039 59 10 9 51440 23 4 176
427 T 483367 38 430565 99 7 13 52456 27 5 157
428 T 484520 22 430423 76 7 16 53786 14 10 166
429 G 484179 133 138 37 430131 27 50 16 53516 131
430 A 484901 432517 32 12 89 52065 21 5 21 139
431 A 484345 431844 30 16 93 52180 11 6 21 144
432 T 484111 64 430015 67 8 6 53789 16 5 141
433 G 482518 45 120 34 429961 17 41 15 52174 111
434 A 481252 430292 36 2 63 50710 12 6 14 117
435 T 481108 45 428939 86 7 21 51847 20 10 133
436 A 481355 426862 141 3 465 53589 37 5 71 182
437 C 481593 94 61 426674 212 46 21 54315 48 122
438 A 483715 427287 71 286 131 55716 21 56 17 130
439 A 482803 427238 50 11 77 55180 14 11 25 197
440 C 482540 120 44 427126 20 35 48 55012 13 122
441 A 482105 425789 90 13 51 55928 16 9 54 155
442 T 479448 24 423068 64 3 11 56082 54 11 131
443 A 479374 422958 45 8 46 55823 19 64 28 383
444 C 480720 61 163 423414 10 25 32 56807 60 148
445 C 481662 95 64 422708 16 48 18 58503 68 142
446 A 485657 424169 31 3 117 61100 83 8 22 124
447 G 485730 94 131 29 425433 25 40 6 59849 123
448 A 487198 423236 18 162 85 63419 21 99 18 140
449 G 485825 64 101 23 421865 19 48 11 63563 131
450 G 483807 54 68 24 421643 86 19 14 61757 142
451 A 484569 421709 99 11 91 62368 26 13 23 229
452 C 484646 81 57 422120 17 25 29 62156 20 141
453 A 486074 421762 39 33 163 63855 22 9 37 154
454 A 483740 420879 43 222 84 62279 38 34 16 145
455 G 484905 67 55 26 422195 43 26 12 62301 180
456 A 483684 422961 16 31 188 60299 13 11 23 142
457 G 481557 65 112 35 424103 23 40 11 57059 109
458 C 482666 107 43 423601 30 50 12 58685 15 123
459 T 484808 60 424642 118 21 19 59767 24 10 147
460 C 484935 543 118 425560 183 98 38 58164 36 195
461 T 484737 36 427397 68 14 28 56995 18 11 170
462 T 487331 191 427532 193 127 44 59037 34 22 151
463 G 486960 182 156 65 426804 32 51 26 59543 101
464 T 486173 129 424893 186 77 25 60616 34 28 185
465 T 485680 253 423333 164 61 62 61513 89 29 176
466 C 484903 151 98 423080 36 60 49 61303 14 112
467 G 487051 167 91 26 425235 67 84 11 61185 185
468 C 488669 218 125 429488 268 47 44 58310 49 120
469 A 490111 428914 171 86 788 59330 99 59 131 533
470 C 491403 113 692 428707 235 28 128 61240 95 165
471 C 493342 660 285 428214 236 147 97 63481 82 140
472 G 494377 193 116 50 428546 65 97 19 65122 169
473 G 493686 131 87 52 430304 65 41 20 62856 130
474 C 493743 304 194 429602 58 46 62 63322 21 134
475 A 491919 428694 103 29 81 62781 23 12 39 157
476 T 491794 31 428115 72 12 13 63386 20 18 127
477 G 490133 150 109 28 427160 42 54 24 62406 160
478 G 487595 53 118 31 428184 30 42 27 58972 138
479 A 488412 429283 35 9 90 58781 18 16 18 162
480 T 489040 52 430219 148 14 24 58357 33 16 177
481 C 489058 317 223 429638 203 66 42 58363 47 159
482 C 490548 102 116 431617 315 36 31 58058 61 212
483 C 491057 213 236 431396 117 79 70 58765 29 152
484 A 494145 433994 42 153 155 59533 29 25 36 178
485 G 494163 82 155 36 435229 32 71 18 58397 143
486 G 493525 151 127 56 436249 47 46 17 56687 145
487 A 493087 435184 136 12 134 57356 50 11 21 183
488 T 494259 35 436262 54 23 8 57667 20 24 166
489 G 493494 156 142 87 436874 29 32 28 55994 152
490 T 493735 114 436862 86 341 28 55862 36 69 337
491 G 492868 198 169 332 435990 41 45 50 55879 164
492 C 492758 153 160 435031 81 26 26 57103 30 148
493 T 495371 175 433944 115 113 33 60754 28 48 161
494 C 496503 170 36 432760 117 102 18 63072 20 208
495 T 497826 56 432547 193 41 66 64728 28 36 131
496 C 498534 246 72 432275 40 81 31 65640 18 131
497 T 499833 57 433159 118 12 82 66184 34 43 144
498 G 497572 134 266 46 434132 78 67 52 62663 134
499 A 497262 435307 111 14 71 61467 34 38 64 156
500 T 499796 45 438075 78 10 32 61359 42 10 145
501 G 501070 119 111 21 437726 56 41 30 62836 130
502 C 501534 149 100 439606 79 30 60 61344 25 141
503 A 501241 439616 27 62 191 61067 47 13 45 173
504 G 499239 168 159 23 439517 32 72 15 59121 132
505 G 496704 59 87 22 437998 17 48 25 58278 170
506 G 497780 69 72 33 438474 15 36 16 58917 148
507 T 498179 49 439007 120 279 23 58165 37 71 428
508 T 496051 45 439742 57 10 23 55980 22 9 163
509 C 496853 99 137 441141 24 43 109 55165 8 127
510 G 497418 244 136 25 440922 124 36 24 55765 142
511 A 497275 440791 104 10 104 55757 30 19 35 425
512 C 499184 96 49 443672 57 45 22 55116 19 108
513 T 500674 261 442731 152 12 54 57204 54 16 190
514 C 499445 164 134 441799 31 44 36 57086 13 138
515 T 499939 46 440858 139 14 57 58612 31 10 172
516 C 501018 196 144 440989 90 45 27 59352 38 137
517 C 504119 110 78 441995 72 77 21 61603 17 146
518 C 506182 211 51 443751 47 76 13 61870 23 140
519 T 507119 141 442842 240 102 66 63532 56 23 117
520 A 506360 439919 25 39 89 66071 36 22 22 137
521 G 505677 40 133 31 439942 10 50 30 65301 140
522 G 505707 97 77 42 440885 29 25 16 64417 119
523 A 505353 439759 33 32 94 65172 25 12 21 205
524 G 506400 246 105 10 440639 41 36 35 65139 149
525 G 506236 98 50 19 441653 27 44 20 64188 137
526 T 508182 36 442380 47 27 28 65111 58 65 430
527 C 509098 67 40 443639 33 24 10 65120 9 156
528 T 512036 61 447346 261 22 20 64132 47 16 131
529 G 512851 63 84 34 448517 31 83 15 63872 152
530 G 514514 63 70 16 451155 26 69 15 62962 138
531 A 515239 453495 38 10 133 61286 17 14 75 171
532 G 515975 150 164 164 454881 66 41 47 60338 124
533 C 518252 161 127 457725 111 37 28 59905 26 132
534 T 521127 168 460908 232 68 37 59454 57 23 180
535 G 521262 195 114 26 463470 33 33 13 57278 100
536 C 522605 121 69 462500 31 36 44 59674 11 119
537 A 524001 461896 55 28 591 61116 61 18 93 143
538 G 523424 52 73 21 463885 15 32 15 59171 160
539 G 522610 73 83 8 463580 17 24 14 58631 180
540 C 522979 115 146 462434 101 37 36 59914 14 182
541 G 524983 207 147 230 462171 36 36 59 61948 149
542 C 526380 264 58 463269 88 75 20 62428 20 158
543 T 528585 209 465184 249 114 45 62544 47 38 155
544 G 529624 168 131 199 464649 50 39 38 64236 114
545 C 532154 312 199 465126 32 52 64 66219 21 129
546 A 535182 466143 79 288 166 68213 30 54 28 181
547 G 536653 114 144 17 467410 25 48 15 68767 113
548 T 537394 56 468120 78 27 32 68785 65 24 207
549 C 539582 164 108 470756 44 31 71 68233 14 161
550 A 541551 470750 41 23 77 70363 14 68 21 194
551 A 544161 474387 37 20 93 69343 31 57 27 166
552 A 545065 476986 39 31 368 67356 18 23 72 172
553 G 546552 62 136 37 476171 18 42 27 69928 131
554 G 545842 62 99 30 474887 48 47 13 70494 162
555 A 547433 476701 51 13 109 70238 20 37 43 221
556 G 546364 228 104 33 478102 36 29 36 67654 142
557 T 545693 56 479294 149 13 25 65645 35 36 440
558 T 549660 114 484285 82 45 20 64884 48 21 161
559 G 550267 84 126 28 485748 34 70 23 63983 171
560 G 549926 85 80 94 487339 24 62 23 62052 167
561 G 550113 170 113 84 488580 41 29 11 60921 164
562 A 550812 487807 128 10 141 62422 22 5 38 239
563 C 551720 118 86 488901 39 34 30 62338 26 148
564 A 552812 489211 79 145 131 62958 28 28 26 206
565 A 553427 490727 279 78 194 61848 54 19 50 178
566 T 555952 108 493925 134 264 23 61300 23 47 128
567 G 555713 203 400 101 495461 35 97 46 59210 160
568 G 554838 285 178 25 495837 67 33 12 58254 147
569 T 555455 70 494103 299 331 45 59314 67 132 1094
570 G 555394 154 170 383 496418 42 49 73 57967 138
571 A 555364 496238 113 48 89 58651 17 36 27 145
572 T 555733 69 495857 80 31 15 59486 32 9 154
573 G 556897 116 117 57 497107 45 52 25 59216 162
574 G 555782 78 107 14 495290 29 29 27 60030 178
575 A 556130 493974 48 10 150 61633 21 10 57 227
576 G 556533 116 120 27 494566 26 48 17 61480 133
577 T 556892 123 496521 127 138 31 59425 28 39 460
578 T 558514 28 497536 144 68 21 60473 29 20 195
579 G 557635 145 292 57 499054 37 75 36 57814 125
580 A 558592 500237 69 39 240 57743 19 30 41 174
581 T 560051 26 500094 95 10 26 59614 18 27 141
582 A 562282 498202 26 55 226 63518 37 16 40 162
583 A 564255 498746 44 94 91 65015 59 22 15 169
584 G 565716 53 147 31 501313 13 76 31 63903 149
585 G 564626 144 109 42 500713 48 41 21 63348 160
586 A 565612 501363 67 227 151 63549 29 43 27 156
587 T 567986 272 503191 87 61 33 64117 26 17 182
588 G 567319 100 108 48 503958 32 65 15 62839 154
589 A 567600 504324 59 2 134 62863 19 11 13 175
590 T 568002 64 504207 95 13 24 63390 17 5 187
591 C 568472 164 58 503012 24 53 20 64968 17 156
592 A 570938 503727 8 10 76 66925 7 4 13 168
593 A 571182 504490 12 6 83 66381 12 7 15 176
594 A 569656 502262 20 53 110 66964 4 28 17 198
595 C 569639 145 80 501963 26 41 45 67164 14 161
596 G 568677 144 96 34 503158 20 31 28 65026 140
597 T 570253 27 505458 181 100 25 64054 36 35 337
598 G 569595 134 128 13 505514 43 77 18 63495 173
599 G 569995 63 105 42 505482 21 68 9 64002 203
600 G 570281 199 117 23 504467 33 31 25 65237 149
601 A 571283 505811 66 21 192 64891 24 17 41 220
602 T 571310 37 506083 183 24 18 64742 48 8 167
603 C 568282 172 85 502150 88 50 44 65512 26 155
604 A 568001 502319 82 117 126 65123 22 22 22 168
605 A 568807 501612 171 94 104 66569 45 18 29 165
606 T 570188 148 501801 128 55 28 67802 45 17 164
607 G 571407 71 134 36 504417 15 48 17 66518 151
608 A 570663 505614 45 7 74 64690 32 7 9 185
609 T 569080 54 504151 69 15 13 64589 15 4 170
610 C 570030 165 107 505200 14 64 75 64216 19 170
611 G 571770 150 94 21 506041 71 93 16 65097 187
612 G 569799 146 108 68 505952 29 45 30 63243 178
613 A 570370 505391 210 5 152 64320 38 13 26 215
614 A 571997 503214 52 37 315 68000 14 23 51 291
615 C 572655 88 145 501535 38 27 20 70665 16 121
616 T 573207 17 501116 127 25 14 71658 33 11 206
617 T 570973 29 499924 66 12 25 70719 13 12 173
618 C 570137 105 61 500328 23 48 31 69364 16 161
619 T 570034 50 496859 146 8 22 72739 36 11 163
620 G 568583 110 141 30 496738 35 134 15 71223 157
621 G 566181 65 95 35 496515 31 47 11 69265 117
622 A 565858 495194 56 34 133 70172 30 21 30 188
623 G 566240 51 132 33 495073 21 55 13 70714 148
624 A 565991 494123 43 17 198 71306 29 12 47 216
625 G 565823 76 103 16 496860 19 43 16 68532 158
626 G 563929 78 57 17 497095 24 16 8 66489 145
627 T 566625 53 496329 203 43 40 68472 40 112 1333
628 G 569724 91 118 21 500477 52 32 8 68799 126
629 A 570192 500949 55 6 93 68839 19 13 35 183
630 A 570083 501984 34 28 115 67686 21 13 25 177
631 A 569571 498735 967 1129 1260 66744 145 193 223 175
632 A 569493 498119 1656 1379 780 66752 286 242 115 164
633 T 570249 1104 499470 444 1338 182 67210 77 249 175
634 G 568502 118 136 24 503502 23 79 15 64447 158
635 G 568582 71 91 44 502149 43 34 13 65983 154
636 A 568889 500770 104 42 241 67424 22 23 61 202
637 C 571019 160 157 501857 32 73 59 68494 28 159
638 G 572574 155 109 22 501422 62 36 28 70582 158
639 A 572654 501387 51 6 448 70500 13 11 71 167
640 A 573629 501377 71 135 90 71718 15 27 16 180
641 A 573025 498677 73 28 149 73861 21 13 38 165
642 A 572546 498028 117 50 144 73948 34 18 30 177
643 A 570429 496286 58 154 390 73195 18 60 77 191
644 C 570744 74 38 497298 308 70 16 72740 70 130
645 A 572223 497840 259 125 198 73520 53 31 38 159
646 A 571868 496356 38 142 103 74967 24 28 35 175
647 G 569499 106 128 19 494241 27 59 16 74750 153
648 G 569393 236 98 20 494546 74 50 14 74189 166
649 A 568807 493132 141 72 213 74971 36 19 51 172
650 G 566827 232 235 150 492129 59 68 28 73784 142
651 T 566619 189 490430 218 101 78 74851 38 105 609
652 G 565619 349 139 15 490827 83 69 25 73978 134
653 C 562937 130 54 489430 28 50 29 73060 17 139
654 T 565461 26 490955 81 7 29 74147 23 13 180
655 T 568259 18 493555 100 3 50 74329 40 10 154
656 A 568246 493895 43 9 76 73964 21 24 28 186
657 C 568720 113 125 494798 38 33 98 73343 20 152
658 G 570393 87 103 16 497103 39 58 15 72834 138
659 A 569965 496496 41 7 86 73076 54 17 18 170
660 G 569089 43 120 25 498744 19 32 15 69943 148
661 A 570101 499113 46 11 86 70662 25 11 17 130
662 G 568780 134 118 19 498926 39 26 8 69365 145
663 A 565733 494313 34 3 80 71069 24 8 20 182
664 A 563881 492257 255 8 155 70957 43 12 39 155
665 T 561390 246 488288 88 102 55 72380 25 27 179
666 G 559443 185 104 265 487690 51 50 59 70879 160
667 T 557466 85 487071 103 18 19 69766 19 25 360
668 G 554929 92 127 20 484971 25 47 11 69492 144
669 C 552178 104 159 483600 33 30 53 68012 18 169
670 A 551434 482460 32 9 89 68607 18 14 33 172
671 A 552415 483138 58 11 61 68867 20 10 20 230
672 C 552451 116 63 483806 12 46 19 68226 14 149
673 A 553237 483432 53 159 106 69263 20 32 31 141
674 T 554299 46 485848 87 17 17 68078 27 6 173
675 T 554962 36 485322 122 40 25 69186 26 13 192
676 C 554581 95 26 486212 25 36 29 67995 14 149
677 T 553533 74 484229 105 3 49 68889 33 5 146
678 C 552814 138 73 483697 41 72 30 68567 13 183
679 A 554379 484189 21 9 69 69885 21 12 14 159
680 A 553160 483190 45 4 65 69601 28 10 16 201
681 A 550726 481004 17 9 148 69310 8 8 41 181
682 G 550249 59 93 14 479406 24 38 10 70467 138
683 G 548839 87 99 39 478174 30 31 26 70197 156
684 A 544870 476727 35 8 218 67642 16 9 42 173
685 A 542977 476622 15 8 86 66037 12 7 24 166
686 A 542052 475284 21 8 66 66487 10 11 10 155
687 A 538664 474270 51 2 64 64076 28 2 20 151
688 T 537347 38 473538 52 8 16 63460 17 12 206
689 T 536790 24 473855 79 9 10 62576 18 11 208
690 T 533634 43 471577 101 31 13 61669 25 10 165
691 C 531117 206 84 470036 68 181 36 60134 26 346
692 A 529175 469381 111 66 333 59008 31 24 51 170
693 A 526352 467626 49 125 209 58143 11 22 35 132
694 A 524389 465532 49 147 81 58320 12 37 14 197
695 C 522747 213 99 463893 72 66 31 58203 24 146
696 A 521338 462204 60 107 99 58674 20 25 12 137
697 G 519223 731 181 83 460430 104 43 23 57508 120
698 C 517002 205 155 459675 46 41 25 56732 9 114
699 T 514675 127 458065 197 86 27 55909 43 23 198
700 G 511759 175 200 436 455209 34 45 63 55478 119
701 C 509725 140 74 454665 53 40 18 54549 23 163
702 A 507890 451976 417 113 182 54877 53 33 35 204
703 C 505352 93 63 449055 20 367 30 54250 16 1458
704 A 504597 448345 23 7 69 55936 23 15 22 157
705 A 501059 445178 33 11 163 55432 32 6 31 173
706 A 499319 444059 25 26 138 54777 18 15 50 211
707 G 496704 182 122 25 442765 36 47 11 53359 157
708 G 491203 174 57 30 439462 18 20 23 51224 195
709 G 488612 205 125 29 437944 30 33 9 50094 143
710 C 486756 127 186 436934 356 109 31 48615 51 347
711 A 484381 435035 258 129 218 48501 43 19 30 148
712 A 480452 431351 65 145 113 48569 13 25 33 138
713 T 476778 87 427776 69 68 16 48587 23 16 136
714 G 472611 165 265 95 424893 26 50 19 46980 118
715 A 468547 421178 57 15 254 46845 10 8 57 123
716 T 465203 50 418668 151 16 11 46089 26 19 173
717 G 462975 118 103 79 416850 24 33 22 45608 138
718 G 459597 118 94 14 414353 30 35 7 44806 140
719 A 454498 409535 39 15 203 44535 7 9 29 126
720 T 451274 87 406353 218 172 24 44203 26 38 153
721 C 447743 102 35 402250 30 70 14 45056 19 167
722 A 444167 396573 35 10 104 47200 14 3 30 198
723 A 439483 390907 22 7 100 48043 11 3 24 366
724 G 436475 81 113 14 387702 17 22 2 48425 99
725 T 432391 34 383748 145 23 46 47987 29 16 363
726 G 428932 129 227 65 381328 30 24 11 47014 104
727 A 425030 378854 58 164 152 45601 22 20 28 131
728 G 418955 225 135 94 374999 37 23 23 43309 110
729 A 416281 372786 180 67 348 42699 24 15 46 116
730 G 411593 71 92 14 368102 40 14 8 43057 195
731 A 407252 363991 22 11 82 42985 6 5 21 129
732 A 401197 358429 25 37 141 42405 8 11 15 126
733 A 397001 354460 44 130 387 41804 10 11 42 113
734 G 392854 45 72 178 351320 8 11 18 41116 86
735 T 390431 206 348634 85 193 49 40953 19 23 269
736 C 385708 140 70 343929 14 25 22 41389 13 106
737 G 379839 198 79 22 339055 44 14 5 40297 125
738 G 375736 147 138 27 336292 25 15 3 38939 150
739 A 372018 332993 112 22 85 38652 25 2 16 111
740 A 367743 326616 59 80 152 38433 12 241 24 2126
741 C 362606 77 191 323770 39 20 34 38352 11 112
742 C 356811 60 64 317996 20 23 10 38514 8 116
743 C 351984 74 70 313160 37 46 12 38458 17 110
744 A 348783 308686 42 31 147 39739 10 9 23 96
745 G 343251 48 75 15 303993 4 17 8 38998 93
746 G 337860 34 46 12 298666 26 15 7 38788 266
747 A 333021 295255 54 3 67 37508 9 6 14 105
748 A 329800 291587 29 20 61 37961 10 9 17 106
749 A 327145 288105 30 20 58 38772 14 7 17 122
750 T 324570 53 285177 80 20 14 39075 15 11 125
751 G 319930 61 77 10 281242 15 11 5 38418 91
752 C 315499 65 53 279414 7 24 10 35820 16 90
753 T 311019 11 274836 87 29 21 35910 14 8 103
754 G 308197 33 67 22 271892 27 17 6 36044 89
755 A 303404 267624 18 4 52 35584 11 2 23 86
756 G 298492 50 64 13 263142 13 12 5 35116 77
757 A 294391 261035 27 6 43 33166 10 1 9 94
758 T 290227 15 256360 32 3 4 33714 2 10 87
759 C 285951 78 80 251604 22 65 12 34014 7 69
760 G 280903 58 63 15 246337 73 22 1 34246 88
761 A 275877 242923 20 1 25 32802 6 3 9 88
762 A 273091 238045 15 1 71 34858 5 4 12 80
763 G 267738 17 28 9 231441 10 9 2 36146 76
764 A 262834 226673 22 6 22 35993 7 7 8 96
765 T 258239 18 222782 53 3 8 35298 9 1 67
766 C 253794 44 40 218528 15 17 8 35068 6 68
767 T 251278 33 214094 51 26 34 36946 10 11 73
768 C 246765 81 106 208754 16 31 25 37671 12 69
769 A 241514 204163 31 91 32 36973 13 20 17 174
770 T 238491 38 201069 32 15 14 37238 8 5 72
771 C 235507 72 82 197231 25 37 31 37673 11 345
772 T 231757 13 191182 37 3 45 40387 8 6 76
773 T 227533 9 186544 34 5 6 40849 11 8 67
774 T 223210 11 184083 30 4 7 38985 12 7 71
775 C 219956 55 28 181362 60 30 12 38333 24 52
776 T 216909 33 178888 30 7 36 37810 10 4 91
777 G 211173 45 88 10 175187 22 20 12 35718 71
778 G 205381 59 63 6 172292 12 9 6 32872 62
779 C 199864 52 68 167496 26 11 14 32136 8 53
780 A 195924 163664 18 31 60 31931 5 5 21 189
781 C 192479 42 44 160527 7 15 14 31757 8 65
782 G 188342 34 28 4 157101 18 8 2 31094 53
783 G 183455 32 20 21 152751 12 6 6 30548 59
784 T 180482 14 148661 28 9 8 31655 6 8 93
785 C 176978 46 24 145542 15 23 5 31282 9 32
786 T 173163 4 142150 65 7 19 30844 17 9 48
787 G 167335 323 43 10 137473 80 13 3 29334 56
788 C 162486 45 42 133664 115 28 9 28514 34 35
789 A 158369 127754 65 45 62 29907 17 15 17 487
790 C 154420 84 20 124118 12 30 5 30093 11 47
791 T 150809 21 119528 31 5 14 31150 9 9 42
792 C 146940 53 20 115494 58 29 11 31207 26 42
793 A 143938 109472 18 45 104 34186 11 21 43 38
794 T 139383 9 105513 31 13 7 33745 13 13 39
795 A 133841 100707 71 84 54 32776 29 31 35 54
796 T 130059 33 94979 41 16 15 34909 18 14 34
797 T 127337 5 91419 11 2 15 35826 9 6 44
798 G 124610 21 57 27 89530 10 23 15 34907 20
799 A 121447 87045 12 26 18 34286 6 11 11 32
800 G 118971 82 25 5 84924 30 5 2 33877 21
801 A 115425 81177 18 2 85 33976 11 3 45 108
802 G 111141 31 69 7 78299 23 41 7 32646 18
803 G 107823 11 19 67 75351 24 11 44 32273 23
804 G 102896 33 11 26 72295 16 8 18 30445 44
805 T 99266 18 69341 10 23 21 29740 14 31 68
806 C 95206 20 8 65603 15 29 8 29470 19 34
807 A 91077 62111 12 28 18 28834 10 13 18 33
808 G 86418 17 4 7 58651 8 15 6 27680 30
809 T 82359 9 53435 18 1 23 28816 13 7 37
810 T 79880 9 50155 10 8 14 29648 6 4 26
811 G 74628 16 10 0 46583 23 16 5 27951 24
812 C 71798 11 1 44941 15 16 2 26783 20 9
813 T 69398 5 40173 25 5 20 29095 26 7 42
814 C 66864 10 10 36855 4 35 13 29913 12 12
815 A 64765 35179 6 1 5 29530 11 5 13 15
816 C 62018 8 10 34209 1 51 15 27559 2 163
817 A 59602 32064 3 2 6 27494 5 2 10 16
818 A 57303 29112 1 0 6 28165 3 2 7 7
819 A 54837 27880 4 0 4 26875 21 10 10 33
820 T 52191 8 26478 4 0 25 25653 5 8 10
821 C 49432 7 0 23017 2 32 49 26223 18 84
822 T 47013 12 20657 6 1 31 26280 14 7 5
823 T 44078 2 20236 4 8 13 23785 10 13 7
824 G 40819 6 5 6 18887 14 18 11 21838 34
825 T 38405 13 18095 8 1 10 20232 24 8 14
826 C 36192 5 5 16506 0 22 17 19609 8 20
827 T 34787 0 15220 0 0 45 19291 53 48 130
828 G 31838 0 1 0 13539 29 6 412 17154 697
829 C 30630 14 27 13964 6 17 11 16575 8 8
830 C 30767 38 16 13416 9 29 5 17245 5 4
831 C 32874 48 43 13349 21 42 20 19335 11 5
832 G 33318 30 23 5 12942 63 14 58 20112 71
833 C 32906 32 23 12348 31 14 14 20425 12 7
834 C 34366 121 37 11970 43 32 300 21435 39 389
835 T 36104 2 12404 58 1 10 23549 21 26 33
836 G 35587 1 4 1 11620 8 37 4 23902 10
837 T 35933 3 12147 19 0 6 23628 22 56 52
838 G 37406 5 7 1 13182 13 51 8 24097 42
839 T 38599 0 14219 7 6 10 24298 14 29 16
840 G 39913 6 3 7 15356 26 128 23 24240 124
841 T 40595 1 16850 10 1 26 23671 12 12 12
842 A 41040 18030 5 0 4 22850 70 2 18 61
843 T 42653 4 18722 2 4 18 22189 13 743 958
844 G 45052 8 12 1 22115 8 64 4 22836 4
845 G 47236 13 1 34 24715 29 54 101 22107 182
846 A 49032 15140 23 10 44 14137 46 7126 44 12462
847 C 51444 190 341 29744 560 60 108 20236 196 9
848 C 55034 76 441 33146 440 82 114 20652 78 5
849 T 59311 191 36821 534 375 108 21032 176 66 8
850 G 61982 63 42 42 40731 18 17 11 21045 13
851 C 64587 36 120 43107 18 13 96 21179 5 13
852 C 68201 99 73 45191 32 23 44 22723 3 13
853 G 71615 20 43 9 46982 7 24 10 24509 11
854 T 75681 9 49671 10 17 4 25951 6 5 8
855 A 79448 51524 19 5 18 27839 13 6 14 10
856 G 84707 7 9 12 55364 5 14 8 29276 12
857 C 88793 16 10 57877 49 14 16 30779 14 18
858 C 92474 15 10 60330 24 16 13 32037 13 16
859 A 96229 62499 9 12 10 33655 12 16 5 11
860 G 99482 8 4 14 65667 12 15 55 33696 11
861 T 102369 13 68340 11 1 1 33964 9 7 23
862 G 105630 11 16 3 71711 16 39 7 33802 25
863 G 107619 7 11 0 75547 1 8 5 32027 13
864 C 111508 30 8 80032 10 12 8 31380 6 22
865 T 117270 52 84434 72 5 30 32621 42 3 11
866 A 121212 88629 56 2 43 32379 41 10 20 32
867 C 125179 44 74 93735 22 37 54 31176 10 27
868 G 130812 29 15 10 98600 27 35 22 32045 29
869 A 135394 103484 10 3 22 31771 21 16 30 37
870 C 140178 28 27 108188 8 20 22 31848 7 30
871 T 144841 3 111531 8 3 4 33221 28 3 40
872 T 146801 11 114592 23 3 9 32113 22 7 21
873 C 151312 25 49 119286 9 18 51 31834 11 29
874 G 156283 44 52 24 123184 34 24 28 32858 35
875 A 161060 125161 58 46 57 35627 18 21 25 47
876 A 165878 128730 19 70 77 36881 14 15 28 44
877 A 171101 132160 8 12 29 38810 12 7 20 43
878 A 176427 134716 12 26 25 41575 16 8 16 33
879 A 180811 139037 15 11 85 41562 29 9 30 33
880 G 184945 249 158 184 144097 90 64 55 40009 39
881 A 188854 147048 36 329 195 41016 43 77 73 37
882 G 190880 72 287 187 150530 20 117 61 39561 45
883 G 194648 25 33 4 157203 12 45 9 37255 62
884 G 198172 39 26 5 161892 10 20 9 36124 47
885 A 202370 167214 28 3 37 35023 4 3 14 44
886 T 206372 14 171400 24 1 4 34880 9 1 39
887 A 210634 174234 23 4 30 36055 26 36 21 205
888 C 216278 44 19 179908 3 14 13 36221 2 54
889 T 220402 12 184450 28 2 7 35830 12 6 55
890 C 226152 51 10 190891 21 22 17 35098 1 41
891 T 230285 18 196190 43 14 8 33916 19 6 71
892 T 233161 12 200967 33 2 3 32053 16 5 70
893 T 239439 5 207890 22 3 3 31438 12 1 65
894 A 243990 212637 16 5 64 31172 21 2 9 64
895 G 248210 27 51 5 216676 18 30 6 31351 46
896 T 253689 22 221547 36 2 11 31916 5 7 143
897 G 257640 37 55 68 224949 14 41 33 32368 75
898 G 262088 23 39 9 228535 7 39 11 33365 60
899 G 265888 51 49 19 231016 3 29 8 34643 70
900 A 268250 234234 30 22 69 33778 17 7 11 82
901 A 271557 238065 91 184 58 33021 19 37 6 76
902 T 275936 115 242457 70 210 26 32949 19 28 62
903 A 280066 247025 93 69 126 32594 49 18 22 70
904 G 284241 67 96 41 252860 9 34 14 31057 63
905 A 289183 258445 35 128 55 30301 14 28 15 162
906 C 294722 66 117 264368 34 14 15 30023 5 80
907 C 299984 50 41 268547 20 6 20 31226 7 67
908 C 304558 87 25 273238 15 7 4 31098 5 79
909 T 307116 29 276483 108 31 1 30331 19 10 104
910 T 310181 45 279650 90 60 9 30227 7 7 86
911 T 313028 46 284346 82 25 10 28418 10 4 87
912 C 316318 117 87 285900 79 13 23 30011 9 79
913 A 322113 290206 22 67 66 31605 18 13 20 96
914 A 326499 292901 41 11 131 33270 20 5 21 99
915 A 331045 296834 40 50 111 33837 10 10 12 141
916 C 336469 80 53 301401 11 21 9 34804 6 84
917 T 342434 41 306896 57 17 11 35280 19 5 108
918 G 347680 151 107 14 312594 22 41 8 34670 73
919 C 352768 70 41 316860 20 9 6 35678 8 76
920 T 358026 79 321697 69 16 11 36025 18 6 105
921 T 362710 65 326467 80 76 12 35861 25 10 114
922 C 367199 161 357 331054 198 26 67 35198 27 111
923 A 371385 334928 161 158 411 35513 41 28 51 94
924 A 375877 339258 120 346 275 35666 22 48 34 108
925 A 380249 343142 117 93 391 36289 19 15 47 136
926 A 384342 346693 158 299 502 36411 30 37 53 159
927 C 388066 167 89 351515 278 28 16 35847 36 90
928 A 392908 356530 449 21 239 35482 49 7 23 108
929 G 397092 322 143 375 361304 39 35 53 34724 97
930 C 400368 243 228 364065 102 44 33 35540 12 101
931 C 404112 450 218 367442 32 58 33 35756 4 119
932 A 408820 372885 37 160 502 35026 11 21 49 129
933 A 413394 377490 145 115 298 35160 17 21 25 123
934 G 417092 148 134 64 382652 24 19 10 33930 111
935 T 421795 36 387754 80 22 7 33685 11 8 192
936 A 425681 391536 72 56 156 33715 15 8 24 99
937 T 430423 39 396490 87 21 5 33651 12 5 113
938 A 434627 401733 73 21 93 32505 28 4 11 159
939 C 439033 129 404 405230 37 13 47 33085 3 85
940 A 444378 409861 258 10 173 33909 36 5 17 109
941 G 446764 62 140 75 412553 5 47 18 33737 127
942 C 450662 114 233 416752 33 16 21 33366 1 126
943 C 454687 134 269 420228 40 25 17 33825 6 143
944 T 458464 60 422556 101 20 3 35583 18 7 116
945 A 462209 426174 38 37 236 35535 22 8 21 138
946 A 466880 431972 83 37 70 34557 12 3 6 140
947 T 470642 41 435832 53 55 4 34496 4 9 148
948 C 474220 158 112 437872 74 28 28 35832 11 105
949 A 477361 438889 21 21 133 38128 21 3 21 124
950 G 481170 87 121 25 442689 6 20 19 38088 115
951 A 482577 443514 34 5 143 38634 9 2 18 218
952 C 487003 145 135 446541 134 37 17 39836 20 138
953 C 490793 252 178 448888 80 47 79 41110 10 149
954 G 494249 509 201 313 451502 54 43 39 41457 131
955 A 498174 455633 84 110 382 41757 14 15 45 134
956 A 501026 457255 100 107 457 42833 15 32 42 185
957 C 503805 276 352 458915 318 50 100 43635 38 121
958 G 506209 85 117 14 463965 8 59 9 41829 123
959 A 509372 467064 50 4 85 41947 43 15 29 135
960 G 511358 194 106 25 468216 33 26 29 42598 131
961 A 513891 468345 31 191 156 44927 23 44 20 154
962 A 516182 468898 121 26 271 46637 18 14 44 153
963 T 518126 167 470882 101 55 28 46703 21 12 157
964 C 520365 172 57 472788 129 29 11 46997 17 165
965 C 523324 128 99 473549 118 43 20 49186 16 165
966 A 524402 471794 130 79 304 51863 19 15 52 146
967 G 525578 164 218 181 473194 25 30 31 51570 165
968 C 528679 240 296 476330 184 32 46 51384 24 143
969 A 529422 477276 147 99 278 51302 27 24 36 233
970 C 530687 116 72 478502 20 22 13 51803 16 123
971 A 531785 478546 87 20 71 52808 20 8 13 212
972 C 532582 124 115 479065 17 42 33 53013 6 167
973 A 534635 479102 23 6 108 55170 12 11 24 179
974 A 536502 480574 45 11 93 55583 18 5 17 156
975 G 537084 83 110 27 480119 32 24 11 56509 169
976 A 537044 480371 34 1 68 56357 14 13 15 171
977 G 535885 80 74 12 481081 16 17 7 54473 125
978 T 535268 55 479229 78 8 26 55338 26 15 493
979 C 536124 113 67 478171 29 38 22 57550 14 120
980 A 537056 477746 27 11 111 58980 11 11 16 143
981 G 534658 95 159 20 475961 16 40 7 58247 113
982 C 535055 281 217 474396 34 73 22 59864 16 152
983 T 536751 43 474409 81 18 14 62010 17 13 146
984 G 534986 296 158 94 471991 61 51 25 62158 152
985 G 533008 101 70 24 471758 20 20 10 60866 139
986 T 532553 44 470646 68 20 48 60946 25 58 698
987 G 532855 243 178 52 471959 33 43 26 60176 145
988 T 535103 42 474653 58 14 24 59912 27 31 342
989 G 535633 94 111 26 475397 27 56 25 59744 153
990 G 535664 69 104 20 475269 24 40 26 59956 156
991 A 535515 472546 128 65 98 62420 50 24 26 158
992 T 536400 50 471281 65 23 21 64759 17 24 160
993 G 534969 132 118 39 471716 34 44 39 62611 236
994 G 534557 107 132 25 473313 50 50 14 60736 130
995 C 535053 136 117 474769 27 46 50 59714 17 177
996 A 535438 475089 73 37 156 59840 21 9 31 182
997 T 535454 73 475269 140 76 14 59638 32 16 196
998 G 535171 125 167 87 477862 27 37 21 56719 126
999 C 534720 119 402 476962 48 31 60 56900 16 182
1000 A 535674 474972 231 39 116 60054 46 14 25 177
1001 A 536621 474561 46 51 230 61485 16 16 48 168
1002 T 536118 37 473137 103 32 18 62550 23 12 206
1003 T 535913 41 472246 52 65 12 63278 14 29 176
1004 C 536114 113 47 471019 54 31 16 64683 23 128
1005 T 536646 71 469184 137 94 48 66907 27 22 156
1006 G 534830 247 208 30 467281 67 59 54 66747 137
1007 C 534312 123 131 468556 112 65 24 65123 36 142
1008 T 535309 125 465751 233 102 39 68789 76 17 177
1009 G 536263 73 123 22 465498 26 63 32 70262 164
1010 C 537519 120 69 466853 43 59 23 70190 14 148
1011 A 538257 467099 38 33 106 70740 24 17 47 153
1012 T 538275 31 466441 58 29 13 71477 30 27 169
1013 T 540029 41 465995 79 26 27 73661 21 11 168
1014 T 539656 39 465724 159 20 29 73454 41 15 175
1015 G 536099 48 123 33 465660 27 50 19 70002 137
1016 A 537057 466319 39 7 101 70334 29 8 29 191
1017 A 537019 466591 49 34 202 69888 40 8 36 171
1018 G 534023 98 120 25 464474 30 43 14 69088 131
1019 A 533122 463426 33 5 71 69358 25 12 26 166
1020 T 530964 31 462427 69 1 8 68246 18 20 144
1021 C 530162 122 56 461662 89 48 18 67976 44 147
1022 T 533535 38 462709 114 8 40 70444 31 12 139
1023 A 533616 462234 15 65 99 70975 17 23 26 162
1024 A 532877 462240 41 123 138 70049 31 43 43 169
1025 G 530705 141 101 74 461021 36 41 29 69140 122
1026 A 529320 461817 79 18 179 66983 23 12 50 159
1027 G 527724 101 127 116 462187 18 25 29 64998 123
1028 T 527017 47 459496 65 5 51 66400 17 59 877
1029 A 525937 460758 66 11 139 64735 25 9 19 175
1030 T 526685 50 459470 97 7 7 66860 22 9 163
1031 T 527582 47 460585 71 10 15 66645 25 13 171
1032 A 531290 461222 55 47 155 69575 36 14 29 157
1033 A 532491 460319 95 28 112 71711 35 8 25 158
1034 G 534355 84 115 88 461399 32 46 32 72434 125
1035 C 534934 153 118 462674 82 61 32 71661 26 127
1036 T 535695 88 463532 112 98 24 71612 27 44 158
1037 T 536124 55 464903 103 35 26 70808 20 21 153
1038 C 534252 151 131 465299 91 58 42 68328 25 127
1039 A 533784 464828 56 9 95 68592 18 14 22 150
1040 T 531823 45 461751 68 20 39 69731 15 12 142
1041 C 532610 125 83 459301 30 84 34 72797 17 139
1042 A 534395 457155 46 21 95 76819 66 18 26 149
1043 G 532348 80 113 35 457063 33 61 16 74815 132
1044 A 533856 458199 27 10 184 75178 45 33 40 140
1045 G 533476 61 102 14 459469 45 76 14 73530 165
1046 G 530223 59 65 20 459570 28 31 13 70266 171
1047 G 532586 201 119 29 463845 49 33 34 68115 161
1048 A 532767 463242 240 56 460 68381 51 25 71 241
1049 C 534904 123 190 464566 343 43 42 69347 72 178
1050 C 538567 198 184 465170 348 97 46 72295 66 163
1051 A 542720 467713 42 32 53 74674 26 20 13 147
1052 A 542682 467486 60 11 72 74805 49 6 21 172
1053 A 541935 466747 57 35 191 74652 43 20 43 147
1054 G 539362 122 46 93 466527 30 42 32 72310 160
1055 T 539617 44 465852 87 9 52 73103 21 35 414
1056 A 539023 466899 57 27 98 71720 45 6 20 151
1057 T 540470 96 469854 477 17 44 69654 116 7 205
1058 C 541921 85 181 470751 61 26 59 70569 22 167
1059 C 543371 128 130 470703 58 56 35 72038 28 195
1060 C 546231 98 54 470276 31 77 16 75472 15 192
1061 C 549232 103 65 469046 113 129 27 79552 25 172
1062 A 552397 469341 61 109 91 82492 22 81 23 177
1063 A 551587 468457 26 5 71 82776 49 10 49 144
1064 G 550727 94 173 32 468256 43 116 13 81868 132
1065 G 550747 63 84 9 472520 80 70 68 77668 185
1066 G 548368 74 66 22 475267 96 136 7 72506 194
1067 G 546005 59 75 15 473622 114 40 15 71879 186
1068 G 545536 173 130 23 472296 52 144 18 72538 162
1069 A 545457 469827 31 9 98 75127 118 17 60 170
1070 A 547259 470990 36 10 92 75795 134 8 19 175
1071 A 548216 472528 26 43 85 75143 27 20 137 207
1072 C 549063 38 102 472232 8 57 130 76335 21 140
1073 T 549984 18 472808 119 5 130 76672 48 6 178
1074 T 551358 35 474965 80 77 8 75845 149 13 186
1075 T 552020 252 476192 223 200 44 74803 59 38 209
1076 C 552077 337 120 478826 125 69 55 72321 51 173
1077 C 553024 461 91 482176 328 94 30 69619 79 146
1078 A 551683 483872 61 3 135 67328 44 18 28 194
1079 C 551655 132 99 482987 31 44 28 68186 22 126
1080 T 553205 87 481109 99 19 37 71667 48 6 133
1081 A 555410 478863 49 116 83 76016 64 56 23 140
1082 G 555770 49 126 40 479261 24 117 14 76005 134
1083 A 555548 480097 28 11 71 75116 23 24 27 151
1084 G 556397 43 121 30 483112 16 73 18 72815 169
1085 G 555161 22 96 26 483846 23 45 13 70934 156
1086 A 555216 486424 61 36 143 68265 33 11 44 199
1087 G 554378 440 191 64 486890 92 39 18 66531 113
1088 T 555092 41 489058 84 18 74 64931 27 53 806
1089 A 554573 489178 92 479 266 64228 25 54 67 184
1090 C 555363 862 186 489171 73 152 55 64693 28 143
1091 A 558363 491098 875 68 131 65821 173 15 24 158
1092 A 558792 492791 162 55 833 64584 53 16 115 183
1093 A 558119 493983 35 25 91 63764 7 18 12 184
1094 T 557101 33 494519 66 8 22 62244 22 13 174
1095 T 558187 28 497304 98 22 15 60515 22 8 175
1096 G 557708 86 125 18 498799 18 58 18 58441 145
1097 C 557854 125 51 498487 30 22 16 58964 16 143
1098 T 558931 28 498658 120 7 21 59865 24 15 193
1099 T 559016 128 497327 149 192 34 60927 28 47 184
1100 C 560615 223 55 497132 158 62 38 62755 31 161
1101 A 562927 497081 190 119 151 65109 36 21 44 176
1102 A 561993 494977 58 88 182 66442 25 18 42 161
1103 A 560836 493688 112 234 176 66353 36 54 40 143
1104 T 560838 206 494665 179 150 59 65411 21 24 123
1105 G 559666 81 123 36 495628 50 33 17 63563 135
1106 A 559093 496902 47 11 78 61837 28 11 16 163
1107 A 558142 497176 19 11 88 60580 15 10 39 204
1108 A 559736 495822 43 127 222 63260 10 36 26 190
1109 A 558916 494748 114 135 146 63423 43 37 28 242
1110 C 559533 121 130 495574 136 51 33 63298 24 166
1111 A 561319 496930 200 31 95 63833 36 22 31 141
1112 T 562110 44 498089 86 128 9 63568 12 25 149
1113 G 562020 184 234 44 499244 50 82 19 61995 168
1114 G 559920 85 75 42 498791 21 22 25 60712 147
1115 A 559236 499065 44 14 125 59755 33 9 17 174
1116 T 559990 138 500325 137 24 24 59123 18 24 177
1117 G 560257 217 257 185 499588 51 56 57 59694 152
1118 C 559462 185 183 498509 169 51 79 60088 26 172
1119 T 560372 61 499514 402 300 26 59810 67 42 150
1120 A 560974 500784 73 36 75 59781 21 52 13 139
1121 T 561162 47 502744 83 10 15 58077 13 7 166
1122 G 560788 156 152 30 501455 36 53 62 58695 149
1123 G 559061 87 117 38 500174 74 44 10 58340 177
1124 A 558472 499146 71 24 117 58815 30 3 64 202
1125 A 558850 499861 46 35 141 58501 59 16 29 162
1126 T 557620 66 499148 70 218 14 57875 18 30 181
1127 C 559175 119 136 499932 119 47 28 58620 29 145
1128 A 560238 498555 95 54 379 60870 23 21 51 190
1129 A 558496 496270 275 52 199 61442 40 12 40 166
1130 G 555734 99 218 223 494676 22 46 46 60270 134
1131 T 555959 143 494937 198 219 51 60080 30 45 256
1132 A 556990 495838 84 73 138 60243 48 20 45 501
1133 C 555534 107 91 494746 138 19 20 60227 36 150
1134 T 556693 121 495100 131 97 35 60967 22 25 195
1135 C 557446 153 52 495391 99 47 18 61530 22 134
1136 T 557916 34 493948 119 16 43 63561 24 7 164
1137 T 558218 90 492487 224 100 26 65015 60 10 206
1138 G 555759 82 117 32 490357 36 38 14 64939 144
1139 A 556291 489213 39 14 106 66711 22 13 16 157
1140 A 555767 487394 45 16 140 67891 19 8 25 229
1141 C 555949 134 82 488074 30 36 20 67415 16 142
1142 T 557052 26 488918 113 9 7 67797 22 6 154
1143 G 557868 121 140 44 490044 29 51 19 67258 162
1144 A 558133 487344 25 49 117 70370 28 9 19 172
1145 G 556966 612 36 25 485033 71 26 14 71017 132
1146 A 556854 484613 42 583 803 70394 22 69 143 185
1147 A 557299 486920 132 6 252 69740 27 16 54 152
1148 G 556152 90 163 263 486980 18 51 42 68421 124
1149 C 554471 201 342 487101 208 47 76 66292 56 148
1150 A 555177 486557 75 379 219 67615 45 57 49 181
1151 G 552698 144 114 34 485877 39 54 12 66278 146
1152 G 552197 256 131 98 485896 55 33 36 65536 156
1153 T 552640 65 484778 109 39 50 66901 36 59 603
1154 A 552428 486073 49 32 109 65895 23 15 40 192
1155 C 551708 131 276 485589 20 55 59 65409 34 135
1156 T 554018 47 486691 84 15 84 66892 13 19 173
1157 G 554143 103 111 21 487313 66 78 81 66198 172
1158 G 551888 83 78 28 485096 29 46 47 66272 209
1159 G 550069 112 91 22 484837 27 31 157 64629 163
1160 C 549784 92 105 482533 65 25 42 66676 19 227
1161 C 549085 159 94 480908 158 258 33 67273 30 172
1162 A 549233 479106 51 8 67 69595 21 13 218 154
1163 T 548958 29 476558 87 10 253 71834 25 9 153
1164 A 548445 475366 10 9 129 72691 23 13 27 177
1165 A 552028 478565 30 22 74 72812 313 8 46 158
1166 G 550791 60 119 28 475210 45 38 34 75122 135
1167 A 550963 473786 29 3 83 76488 17 361 28 168
1168 A 551676 474306 46 2 89 76901 40 28 27 237
1169 C 552261 72 42 473906 9 36 17 77977 14 188
1170 C 555240 94 79 475323 24 67 25 79458 17 153
1171 A 556821 477415 46 100 115 78896 33 18 37 161
1172 G 555261 81 63 17 475875 58 58 13 78934 162
1173 A 554376 475363 40 24 155 78510 14 15 44 211
1174 A 554916 475319 68 12 89 79154 70 11 32 161
1175 G 555851 63 72 63 477579 11 44 22 77862 135
1176 T 557241 41 478676 90 32 35 77667 80 50 570
1177 G 557444 95 117 44 481123 76 84 20 75696 189
1178 G 555281 35 104 32 481325 18 54 21 73534 158
1179 A 555273 480966 66 41 220 73627 33 11 127 182
1180 G 553961 64 106 26 481253 21 135 18 72184 154
1181 G 551947 72 89 27 481447 42 109 17 70000 144
1182 A 550638 479578 50 10 107 70548 36 38 98 173
1183 A 550257 478546 42 201 149 70900 96 100 34 189
1184 A 549500 477925 42 73 337 70671 27 30 158 237
1185 C 549116 217 150 477643 167 176 41 70521 42 159
1186 A 547003 474523 287 947 446 69976 203 195 87 339
1187 C 546809 448 594 469178 4722 110 271 70553 783 150
1188 T 547332 493 468791 677 4412 117 71844 131 700 167
1189 A 546873 474977 226 116 100 71014 67 26 184 163
1190 A 546877 473560 250 95 362 72314 61 35 57 143
1191 T 545544 620 474420 108 343 111 69424 241 74 203
1192 C 545613 2237 113 468337 134 394 43 74195 44 116
1193 A 547395 466594 130 50 2352 77431 259 26 392 161
1194 A 545643 467535 318 121 1591 75284 75 47 434 238
1195 C 547650 717 269 467673 276 184 69 78249 78 135
1196 A 552190 463501 331 394 4203 82601 92 87 809 172
1197 G 550907 396 995 1241 466121 105 197 242 81465 145
1198 A 551736 469181 32 81 139 82036 59 16 52 140
1199 G 550199 119 53 19 468843 39 52 23 80878 173
1200 G 547795 151 60 62 467821 53 44 18 79406 180
1201 G 545646 1084 237 5833 460452 229 55 1052 76554 150
1202 C 547005 335 150 462933 6623 113 41 75481 1165 164
1203 C 548943 853 5642 463464 461 216 999 77032 114 162
1204 T 552353 474 469430 954 112 144 80845 175 39 180
1205 C 551478 485 71 466440 856 137 38 83139 156 156
1206 T 551990 280 464921 702 560 106 85043 126 108 144
1207 G 548951 921 174 220 465671 169 57 64 81516 159
1208 C 548653 364 383 466443 253 94 273 80638 56 149
1209 A 548766 465154 279 237 428 82142 231 69 90 136
1210 G 547010 136 460 24 465907 40 107 21 80159 156
1211 G 544609 114 98 603 469823 179 44 90 73521 137
1212 T 541761 152 467472 529 648 34 72108 94 127 597
1213 C 542350 100 74 469848 23 32 162 71939 17 155
1214 A 545041 470704 38 19 89 73952 35 14 26 164
1215 A 546512 472247 41 3 87 73770 27 11 144 182
1216 A 548058 471033 76 46 70 76510 123 21 25 154
1217 T 548964 41 471442 141 32 28 76986 36 94 164
1218 C 550517 198 92 475698 34 59 95 74202 21 118
1219 A 551306 476790 331 16 230 73648 99 14 48 130
1220 G 549471 71 140 173 478517 22 56 44 70341 107
1221 T 548853 77 479998 190 38 33 68073 44 27 373
1222 G 546333 163 172 17 478023 39 43 18 67724 134
1223 T 546233 53 480032 122 34 26 65556 26 31 353
1224 G 547111 324 158 41 482993 61 56 24 63287 167
1225 C 547303 564 444 480521 459 102 81 64910 75 147
1226 A 548708 478233 307 559 310 68920 62 87 63 167
1227 A 550430 478736 394 402 450 69866 70 92 78 342
1228 C 552482 85 91 480861 420 30 44 70685 75 191
1229 C 555060 136 53 484247 41 54 17 70323 24 165
1230 T 557869 213 485411 294 274 46 71349 63 55 164
1231 G 558617 608 229 197 486617 116 58 41 70615 136
1232 C 560922 129 127 488823 421 53 34 71116 79 140
1233 A 564479 490483 93 245 304 73039 32 56 67 160
1234 T 566185 70 492802 85 10 32 72928 31 51 176
1235 T 569031 19 492858 76 8 47 75804 26 15 178
1236 T 570838 33 493793 102 64 20 76540 32 63 191
1237 T 573086 127 495498 75 31 43 77062 20 55 175
1238 C 573958 111 42 496499 146 50 30 76901 43 136
1239 T 574620 55 495744 225 34 29 78276 85 18 154
1240 G 571595 285 160 181 496185 60 66 73 74437 148
1241 T 571036 68 500142 192 35 19 70220 52 44 264
1242 G 571017 229 206 60 501750 54 61 54 68464 139
1243 C 572858 1037 876 501148 598 164 162 68620 120 133
1244 A 575842 502657 468 1011 1467 69607 72 156 239 165
1245 A 577169 504600 1701 293 841 69096 243 60 149 186
1246 A 579086 506509 31 61 131 72046 79 24 37 168
1247 G 578227 40 63 20 506392 45 51 28 71446 142
1248 A 577072 508137 63 8 214 68371 37 9 60 173
1249 A 577516 508077 199 1176 340 67212 44 192 84 192
1250 A 576266 507705 785 217 791 65739 169 76 146 638
1251 C 575838 656 403 509009 641 152 91 64602 101 183
1252 C 578123 317 85 511066 286 90 65 65996 60 158
1253 T 579965 45 513756 140 42 25 65610 57 43 247
1254 C 579272 147 65 513821 414 54 43 64467 72 189
1255 C 580566 119 72 513328 154 86 32 66524 43 208
1256 C 581245 132 150 514060 33 86 50 66523 40 171
1257 A 581136 513799 75 31 147 66818 25 36 63 142
1258 T 579472 69 513514 250 673 28 64586 39 128 185
1259 T 579097 116 515178 818 26 45 62568 115 10 221
1260 T 579161 439 515649 343 492 69 61823 67 102 177
1261 G 576974 3300 2319 644 512911 366 329 96 56830 179
1262 A 576052 510948 3183 1496 2208 57140 398 199 270 210
1263 C 576847 922 1224 512839 3271 126 171 57725 418 151
1264 A 580162 518334 271 375 791 59961 39 64 151 176
1265 A 580180 518148 316 194 840 60299 55 29 116 183
1266 A 579575 518126 412 427 831 59296 69 58 116 240
1267 C 579111 774 213 516295 1333 117 44 59955 194 186
1268 C 577908 579 125 511919 5283 114 36 58907 805 140
1269 A 576113 511004 832 842 3513 58914 109 316 420 163
1270 A 574492 514563 303 415 523 57940 51 312 76 309
1271 C 572210 558 760 513811 241 375 77 56197 46 145
1272 C 572469 277 479 515118 353 59 73 55579 370 161
1273 A 572588 516234 126 8 562 55399 20 20 87 132
1274 T 570508 68 514784 181 81 397 54722 39 20 216
1275 C 569469 168 330 515334 419 50 424 52535 83 126
1276 A 569876 514562 98 164 304 54483 43 32 43 147
1277 T 566878 101 512334 370 63 24 53705 73 27 181
1278 G 563959 221 587 148 510175 56 111 31 52459 171
1279 G 562568 701 1080 564 508783 107 145 99 50922 167
1280 C 560978 605 755 508099 1081 81 124 49918 169 146
1281 A 557429 505049 1207 704 463 49564 159 67 69 147
1282 G 552480 876 445 70 502730 94 62 14 48058 131
1283 C 549572 287 145 501089 545 71 38 47183 84 130
1284 A 546286 499640 438 315 188 45423 64 42 21 155
1285 T 543848 23 497326 125 15 12 46111 26 12 198
1286 T 541914 889 494564 76 33 121 46000 22 16 193
1287 C 539521 165 697 492273 55 66 90 45984 43 148
1288 A 538675 489367 348 317 958 47192 63 38 166 226
1289 C 534776 222 191 484133 2131 93 43 47583 242 138
1290 T 533070 563 481555 344 1625 113 48390 114 197 169
1291 G 529471 197 424 193 479736 67 59 32 48595 168
1292 G 524311 257 449 130 475268 130 66 32 47804 175
1293 G 521696 231 448 225 472489 69 158 38 47876 162
1294 A 518454 468507 517 607 324 47913 152 139 87 208
1295 A 516019 466277 295 580 592 47755 96 142 113 169
1296 T 512343 376 463675 363 601 94 46940 38 113 143
1297 A 509400 461447 308 357 352 46394 84 129 145 184
1298 C 507613 382 569 459458 316 95 157 46438 68 130
1299 A 504520 457480 286 187 541 45542 167 34 136 147
1300 G 498222 196 289 120 451473 32 198 38 45755 121
1301 A 497178 449026 383 122 202 46909 63 286 46 141
1302 G 494099 317 156 117 446596 46 164 95 46447 161
1303 G 490049 67 73 20 443779 110 29 8 45811 152
1304 G 485737 97 116 22 439914 40 89 8 45285 166
1305 A 482084 434315 309 42 515 46544 48 28 141 142
1306 A 476819 429310 32 242 84 46915 41 33 27 135
1307 G 473460 58 138 28 425700 28 69 14 47303 122
1308 A 471076 421937 182 11 206 48499 33 12 67 129
1309 A 468226 417491 117 15 87 50203 86 23 35 169
1310 C 463973 87 48 412584 62 41 39 50921 77 114
1311 A 460053 408087 83 31 69 51604 16 25 34 104
1312 T 456591 321 402382 123 1377 64 51971 31 202 120
1313 C 452713 408 66 398865 1354 91 29 51601 178 121
1314 A 448599 396034 242 458 943 50518 81 65 137 121
1315 G 442684 40 96 28 393424 39 39 18 48878 122
1316 A 439202 390719 87 6 71 48108 48 13 18 132
1317 C 434684 113 87 385943 25 40 52 48253 62 109
1318 A 430870 379957 1865 15 107 48511 258 13 22 122
1319 T 426351 1861 375811 89 109 276 48056 24 26 99
1320 G 420061 74 388 1493 371715 28 60 236 45980 87
1321 A 414330 369138 30 69 87 44845 12 22 16 111
1322 G 410375 52 117 21 364936 21 60 8 45019 141
1323 G 406179 79 105 18 361600 66 46 10 44125 130
1324 G 401767 1345 649 86 356019 215 106 24 43204 119
1325 C 398401 174 559 354176 158 57 103 43012 48 114
1326 A 393491 348857 380 232 705 42969 87 45 101 115
1327 G 389998 51 64 24 346404 35 21 5 43310 84
1328 A 387384 343751 18 6 71 43336 12 26 37 127
1329 A 383827 340803 25 8 76 42720 31 6 38 120
1330 A 380560 336987 30 13 294 43015 37 8 64 112
1331 T 377610 14 333579 153 23 12 43687 16 13 113
1332 T 372953 22 329385 173 127 38 43050 23 34 101
1333 A 368518 325118 39 7 108 43055 31 33 32 95
1334 T 364743 24 320370 60 22 28 44100 27 16 96
1335 A 360270 315632 43 26 101 44340 12 7 20 89
1336 A 357496 309485 89 909 590 46103 22 120 99 79
1337 G 352750 421 178 1045 304012 80 62 165 46705 82
1338 G 348396 276 452 862 300570 55 97 136 45870 78
1339 A 344451 297854 100 181 122 46013 21 41 37 82
1340 T 340804 168 294653 145 206 43 45411 36 42 100
1341 G 336301 220 202 67 291067 44 42 26 44554 79
1342 A 331043 286989 145 13 65 43692 29 11 20 79
1343 T 325673 32 282453 51 11 18 43015 20 10 63
1344 G 321751 72 60 16 277981 38 20 9 43475 80
1345 G 316387 53 69 14 272646 40 50 15 43432 68
1346 A 309591 266678 20 14 75 42651 43 6 28 76
1347 A 305594 262593 22 12 84 42732 14 32 35 70
1348 G 301234 655 144 64 257517 134 58 15 42592 55
1349 G 298115 247 155 496 253915 43 57 109 43014 79
1350 T 294073 74 249729 154 602 56 42639 69 214 536
1351 G 289260 392 2076 318 243999 114 415 99 41806 41
1352 C 283718 1701 813 238546 624 388 172 41242 156 76
1353 A 277822 232654 246 1916 722 41575 45 417 167 80
1354 A 273213 229779 56 99 92 43032 13 26 28 88
1355 A 268912 224572 112 74 61 43928 30 29 24 82
1356 A 263397 219634 42 47 154 43301 9 43 37 130
1357 C 260284 203 651 216880 473 93 157 41626 130 71
1358 C 254843 120 297 210519 891 100 54 42577 216 69
1359 A 250034 203326 130 151 961 45058 44 66 242 56
1360 G 246345 99 497 453 200346 78 168 95 44570 39
1361 A 243315 198077 675 418 362 43348 167 100 121 47
1362 A 239211 192299 225 375 360 45586 84 105 115 62
1363 G 233997 389 275 187 186974 150 103 53 45812 54
1364 A 228806 180901 453 172 385 46549 111 47 139 49
1365 A 224976 174022 339 120 302 49890 106 48 107 42
1366 A 221742 168226 409 343 282 52061 157 127 95 42
1367 T 218331 199 163371 373 494 81 53417 133 222 41
1368 G 214010 422 176 75 159329 172 102 29 53677 28
1369 T 209288 75 156030 79 140 41 52729 58 74 62
1370 C 205700 93 39 152880 138 71 21 52352 62 44
1371 C 202128 223 143 149537 80 165 81 51820 44 35
1372 T 200477 9 146250 41 1 55 54048 22 16 35
1373 T 196083 24 143801 35 17 45 52066 20 14 61
1374 C 191104 44 23 141204 23 49 33 49666 19 43
1375 C 187420 762 122 137918 290 291 71 47818 106 42
1376 A 182929 133730 141 151 1507 46855 51 64 395 35
1377 G 177624 161 291 121 132288 60 106 37 44521 39
1378 G 173257 124 50 157 130064 84 60 106 42571 41
1379 G 168261 50 43 149 126875 40 45 50 40964 45
1380 G 162712 131 212 85 123925 40 106 53 38126 34
1381 C 158300 60 35 121643 9 26 62 36359 72 34
1382 G 155946 56 57 5 120624 28 54 44 35045 33
1383 G 151866 51 67 15 118521 29 51 13 33091 28
1384 G 151843 34 39 17 118437 21 44 18 33173 60
1385 G 149200 30 29 9 117356 49 11 9 31677 30
1386 A 152183 115749 31 4 76 29713 26 21 3099 3464
1387 G 152512 73 53 6 118814 38 42 31 33427 28
1388 T 425850 11 268518 37 30 131 133657 82 7102 16282
1389 C 434243 252 30 294977 142 309 99 138015 225 194
1390 T 439749 29 311235 151 40 67 127848 158 56 165
1391 T 441514 56 309608 117 13 81 131427 91 29 92
1392 C 447554 123 144 312448 13 143 426 133783 81 393
1393 G 453867 60 122 14 318500 152 235 156 134193 435
1394 A 456330 321192 11 0 71 134529 145 28 112 242
1395 G 460975 23 104 5 323342 42 122 69 137076 192
1396 C 467376 783 549 331943 349 386 241 132548 315 262
1397 T 475500 856 345465 511 336 458 127012 375 149 338
1398 C 480704 257 947 346668 571 262 476 131137 248 138
1399 T 486082 231 351575 94 64 129 133641 116 38 194
1400 C 491395 173 89 352508 109 156 319 137852 81 108
1401 G 495087 97 171 68 358702 94 213 151 135380 211
1402 G 496709 48 71 22 363850 46 118 34 132359 161
1403 A 500230 367422 19 6 112 129740 51 19 645 2216
1404 C 505885 48 94 379534 19 89 148 125782 31 140
1405 G 510968 147 156 75 384689 93 92 45 125586 85
1406 A 515594 388151 121 88 113 126576 85 44 126 290
1407 A 520355 394612 41 96 191 125104 40 52 99 120
1408 A 523172 402473 20 14 77 120301 112 19 53 103
1409 G 522903 88 132 20 406030 607 120 22 114544 1340
1410 G 522506 62 69 42 413712 45 64 34 108388 90
1411 G 522562 66 80 11 421052 53 42 15 101068 175
1412 C 525605 73 113 428466 28 51 83 95734 273 784
1413 A 529691 434370 43 17 180 94759 45 28 76 173
1414 G 528900 413 217 49 440124 102 76 87 87522 310
1415 C 531724 97 150 446804 30 55 205 84055 56 272
1416 G 538223 136 159 125 452246 58 89 44 85059 307
1417 A 542056 456101 125 298 71 84924 62 104 88 283
1418 A 544564 460927 77 35 403 82601 39 59 116 307
1419 C 546849 123 204 466725 210 228 74 78506 52 727
1420 C 550742 91 59 473476 660 48 46 76080 95 187
1421 C 554134 89 78 479233 330 47 137 74051 59 110
1422 G 555566 446 272 23 483250 163 111 186 70103 1012
1423 A 557843 487057 38 25 137 69769 28 44 79 666
1424 T 558443 57 487786 57 6 115 70076 34 15 297
1425 C 560345 98 97 488337 31 57 112 71471 19 123
1426 G 561397 183 147 115 489068 50 42 106 71495 191
1427 T 563914 30 491875 443 67 34 70114 76 205 1070
1428 G 566665 224 146 96 498275 67 90 62 67491 214
1429 C 568807 71 57 499366 22 22 51 68962 70 186
1430 C 571298 87 54 503071 16 39 66 67800 28 137
1431 C 573477 56 81 510256 14 53 27 62820 70 100
1432 T 574856 50 513413 132 33 29 59320 376 27 1476
1433 C 575874 74 140 517876 47 160 59 57418 20 80
1434 T 576494 70 519894 592 135 34 55309 243 41 176
1435 T 576838 95 524984 211 88 20 51275 59 14 92
1436 T 576599 101 528375 93 224 21 47365 45 214 161
1437 T 576851 137 530403 247 149 244 45495 51 7 118
1438 G 576122 184 717 384 528464 233 628 62 41621 3829
1439 A 575188 532881 116 585 426 40524 36 276 73 271
1440 C 574216 235 214 535858 49 52 32 37493 16 267
1441 A 573832 538453 63 30 119 34895 39 16 12 205
1442 T 573158 41 541740 79 86 10 30922 33 12 235
1443 G 572646 93 222 68 545278 8 26 31 26785 135
1444 A 571754 547797 64 7 119 23440 4 2 21 300
1445 G 571097 89 182 45 550804 10 9 2 19893 63
1446 T 570289 62 544537 80 8 40 16613 11 372 8566
1447 A 569504 554726 23 21 64 14564 4 1 3 98
1448 A 568431 556001 26 6 61 12052 2 3 1 279
1449 T 567408 128 556646 134 28 31 10131 5 0 305
1450 G 567071 142 194 56 557633 9 13 6 8918 100
1451 A 566285 557665 176 91 66 7900 1 1 7 378
1452 A 565736 558695 94 22 212 6462 0 0 2 249
1453 G 565187 172 268 298 558596 84 2 1 5526 240
1454 G 564680 80 227 83 558593 6 3 3 5577 108
1455 A 564012 557139 297 45 346 5392 3 2 29 759
1456 T 563434 64 557679 65 2 19 5242 1 6 356
1457 C 563041 78 29 557491 14 11 1 5226 9 182
1458 T 562665 60 557111 83 8 17 5267 3 1 115
1459 T 562136 13 556742 102 2 15 5049 1 0 212
1460 A 561514 556302 31 1 44 4771 42 1 6 316
1461 T 561021 47 556140 65 7 4 4539 1 2 216
1462 T 560613 34 555929 89 3 4 4401 0 2 151
1463 T 560187 48 555541 73 2 5 4371 0 1 146
1464 C 559536 113 51 552835 21 2 148 3870 5 2491
1465 T 559225 20 554908 129 3 6 3991 4 6 158
1466 T 558672 41 554590 52 6 5 3760 1 1 216
1467 C 557993 133 80 553762 17 8 28 3340 0 625
1468 G 557629 131 128 33 553689 15 5 2 3311 315
1469 G 557158 46 127 26 553697 3 3 0 3168 88
1470 A 556765 552073 46 6 132 3028 2 2 59 1417
1471 G 556335 60 165 28 552875 3 3 2 2981 218
1472 A 555988 552422 88 3 234 2835 2 2 12 390
1473 C 555720 109 85 552496 48 8 4 2823 3 144
1474 A 555410 552369 42 31 91 2763 2 4 0 108
1475 A 554908 551773 55 9 196 2642 2 1 2 228
1476 T 554419 108 550571 99 18 18 2487 1 2 1115
1477 G 554099 355 210 49 550682 9 1 2 2421 370
1478 C 553627 151 154 550692 91 4 4 2305 4 222
1479 A 553280 550400 180 36 173 2201 1 1 3 285
1480 G 552931 95 151 46 550394 5 2 1 2123 114
1481 A 552509 550117 35 21 105 2057 1 0 1 172
1482 G 552118 314 150 25 549436 5 1 1 2036 150
1483 G 551645 141 129 43 549120 2 0 0 1941 269
1484 A 551109 547717 57 12 179 1833 0 2 17 1292
1485 G 550419 129 305 51 548078 0 0 1 1729 126
1486 T 549947 53 522906 82 35 3 1511 4 126 25227
1487 A 549567 547275 278 24 175 1613 3 0 0 199
1488 C 548662 111 437 546160 38 2 2 1526 1 385
1489 G 545926 1817 383 106 541907 11 3 0 1470 229
1490 A 541751 534905 2565 1430 1151 1401 10 5 5 279
1491 C 540613 705 712 536476 1076 10 4 1382 8 240
1492 A 537664 533862 585 822 865 1371 5 4 9 141
1493 A 534279 526162 768 1016 4893 1302 2 0 18 118
1494 T 531396 4046 521655 1845 1983 15 1270 5 10 567