# amino-acid counts among definitively called codons
# POSITION TOTAL_COUNTS WT N_A N_C N_D N_E N_F N_G N_H N_I N_K N_L N_M N_N N_P N_Q N_R N_S N_T N_V N_W N_Y N_STOP
1 1567193 M 0 0 0 0 0 0 0 596 140 119 1565854 0 0 0 27 0 225 232 0 0 0
2 1569471 A 1568129 0 0 402 0 73 0 0 0 0 0 0 38 0 0 200 150 478 0 1 0
3 1572862 S 21 89 0 0 212 0 0 0 0 0 0 0 340 0 0 1571908 83 0 0 209 0
4 1576478 Q 1 1 0 68 1 0 108 0 346 79 0 0 37 1575280 296 1 0 2 0 0 258
5 1580405 G 65 385 241 2 0 1579081 0 0 0 0 0 0 0 0 74 299 0 258 0 0 0
6 1583537 T 338 0 0 0 0 0 0 171 2 0 0 176 18 0 0 137 1582695 0 0 0 0
7 1587768 K 0 0 0 186 0 0 0 72 1587095 1 0 130 0 26 184 0 13 0 0 0 61
8 1593988 R 0 0 0 0 0 59 0 0 0 288 0 0 43 281 1593002 0 0 0 315 0 0
9 1596928 S 9 128 0 0 133 0 0 0 0 1 0 0 243 0 0 1595890 86 0 0 437 1
10 1600737 Y 0 225 19 0 52 0 491 0 0 8 0 44 0 0 0 9 0 0 0 1599684 205
11 1601298 E 13 0 124 1599959 0 295 0 1 285 0 0 0 0 113 0 0 1 127 0 0 380
12 1602758 Q 0 0 0 85 0 0 524 0 434 135 0 0 36 1601054 246 1 0 1 0 2 240
13 1595049 M 0 0 0 0 0 0 0 644 130 143 1593691 0 0 0 14 0 194 233 0 0 0
14 1585372 E 15 0 66 1584330 0 284 0 0 213 0 0 0 0 82 4 0 0 96 0 0 282
15 1581932 T 202 0 0 0 0 2 0 81 0 0 0 366 51 0 0 143 1581087 0 0 0 0
16 1575669 D 14 0 1574255 242 0 346 104 0 0 0 0 202 0 0 0 0 0 120 0 386 0
17 1553879 G 47 0 0 220 0 1552664 0 0 6 0 0 1 0 0 336 0 0 240 365 0 0
18 1537833 E 9 0 68 1536538 0 373 0 0 421 0 0 0 2 58 0 0 1 84 0 0 279
19 1507350 R 0 384 0 1 0 46 587 0 0 314 0 1 81 1 1505651 284 0 0 0 0 0
20 1477883 Q 0 0 1 73 0 0 477 0 345 142 0 0 3129 1473077 406 0 0 0 0 0 233
21 1437788 N 0 0 147 0 0 0 4 99 112 0 2 1437088 0 0 1 230 36 0 0 69 0
22 1382065 A 1380620 0 0 335 0 77 0 1 5 0 0 0 62 0 3 337 345 280 0 0 0
23 1346563 T 242 0 0 0 0 0 0 84 2 0 0 356 10 0 0 181 1345687 1 0 0 0
24 1298560 E 13 0 395 1297111 0 255 0 0 289 0 0 1 0 83 1 0 0 70 1 1 340
25 1228440 I 0 0 0 0 84 0 0 1227824 1 5 82 87 0 0 0 11 152 194 0 0 0
26 1163992 R 0 0 0 1 0 255 0 287 159 0 0 0 0 0 1163048 48 79 0 0 0 115
27 1090103 A 1089101 0 0 365 0 49 0 0 0 0 0 0 24 0 0 256 129 179 0 0 0
28 1047768 S 11 43 0 0 68 1 1 0 0 0 0 1 168 0 0 1047142 92 0 0 241 0
29 1005671 V 117 0 93 0 173 9 0 317 0 21 0 0 0 0 0 0 0 1004941 0 0 0
30 458481 G 16 0 0 71 0 458008 0 0 0 0 0 1 0 0 173 0 0 87 125 0 0
31 454014 K 0 0 0 94 0 0 0 0 453611 0 33 144 0 3 85 0 6 0 0 0 38
32 451623 M 0 0 0 0 0 0 0 241 43 37 451184 0 0 0 7 0 51 59 1 0 0
33 470946 I 0 0 0 0 31 0 0 470727 0 3 3 42 0 0 0 10 51 79 0 0 0
34 488953 D 2 0 488485 59 2 100 33 0 0 0 0 95 0 0 0 0 1 52 0 124 0
35 509794 G 19 0 0 56 0 509385 0 0 1 0 0 0 0 0 114 0 0 118 0 0 101
36 532416 I 0 0 0 0 21 0 0 532188 0 7 5 31 0 0 0 7 55 102 0 0 0
37 554337 G 33 0 0 65 0 553897 0 0 0 1 0 0 0 0 103 0 0 93 0 0 145
38 579250 R 1 0 0 0 0 26 0 0 2 160 0 0 28 107 578780 0 0 0 0 0 146
39 599519 F 0 4 0 0 599028 0 0 34 0 331 0 0 1 0 0 72 0 6 0 43 0
40 620537 Y 0 113 3 0 68 0 190 0 0 0 0 44 0 0 0 7 0 0 0 619939 173
41 640478 I 0 0 0 0 45 0 0 640160 0 6 24 53 0 0 0 12 104 74 0 0 0
42 660769 Q 0 0 0 29 0 0 32 0 158 36 0 0 5 660347 82 0 0 0 0 0 80
43 683154 M 0 0 0 0 0 0 0 293 44 50 682617 0 0 0 6 0 66 78 0 0 0
44 710692 C 0 709880 0 0 213 10 0 1 0 0 0 0 0 0 107 140 0 0 40 123 178
45 730519 T 125 0 0 0 0 0 0 84 0 0 0 179 14 0 0 109 730008 0 0 0 0
46 748026 E 6 0 76 747441 0 103 0 0 125 0 0 0 0 43 0 0 0 27 0 0 205
47 767120 L 0 0 0 0 58 0 19 147 0 766758 0 0 110 1 8 0 0 19 0 0 0
48 784769 K 0 0 0 104 0 0 0 27 784399 1 0 69 0 6 92 0 8 0 0 0 63
49 793892 L 0 0 0 0 72 0 27 121 0 793517 0 0 130 0 5 0 0 19 0 1 0
50 806043 S 1 51 0 0 0 235 0 149 0 0 0 64 0 0 124 805403 16 0 0 0 0
51 822616 D 3 1 821959 73 0 164 43 0 0 0 0 75 0 0 0 0 0 65 0 233 0
52 842380 Y 0 106 8 0 46 0 149 0 0 0 0 11 1 0 0 4 0 0 0 841946 109
53 859590 E 8 0 210 858679 0 223 0 0 105 0 0 0 0 57 1 0 1 60 0 1 245
54 873992 G 37 0 0 163 0 873300 0 0 0 0 0 0 0 0 233 0 0 105 154 0 0
55 882998 R 0 0 0 1 0 88 0 0 0 217 0 0 43 228 882170 2 2 0 0 0 247
56 893633 L 0 0 0 0 0 0 0 0 0 893258 79 0 188 64 13 0 1 30 0 0 0
57 906568 I 0 0 0 0 85 1 0 906048 0 4 33 93 0 0 0 6 155 143 0 0 0
58 918916 Q 0 0 0 43 0 0 296 0 178 52 0 0 17 918012 194 0 0 0 0 1 123
59 920353 N 0 0 131 0 0 0 2 72 238 0 0 919697 0 0 0 137 8 0 0 67 1
60 920417 S 0 43 0 0 0 116 0 276 0 0 0 86 0 0 289 919570 37 0 0 0 0
61 932538 L 0 0 0 0 88 0 0 60 1 932077 0 0 6 0 0 169 0 13 0 0 124
62 947985 T 114 0 0 0 0 0 0 101 188 0 0 0 8 0 34 74 947466 0 0 0 0
63 959061 I 2 0 0 0 0 0 0 958473 66 68 188 1 0 0 2 0 152 109 0 0 0
64 969315 E 16 0 308 968289 0 171 0 0 88 0 0 0 0 85 0 0 1 64 0 0 293
65 970490 R 0 0 0 0 0 161 0 265 120 0 0 0 0 0 969742 68 54 0 0 0 80
66 976033 M 0 0 0 0 0 0 0 485 100 75 975116 4 0 0 9 0 103 141 0 0 0
67 975092 V 163 0 0 155 0 23 0 0 1 166 196 0 0 0 0 0 0 974388 0 0 0
68 984180 L 0 0 0 0 90 0 63 245 0 983562 0 0 163 0 17 0 0 40 0 0 0
69 981446 S 12 70 0 0 72 0 0 0 0 0 0 0 181 0 0 980839 73 0 0 199 0
70 972268 A 971198 0 279 0 0 39 0 0 0 0 0 0 44 0 0 278 318 112 0 0 0
71 971716 F 0 8 0 0 971323 0 0 36 0 174 0 0 0 0 0 122 0 16 0 37 0
72 960852 D 5 0 959897 199 7 205 69 0 0 0 0 146 0 0 0 0 0 91 0 233 0
73 957675 E 8 0 47 956751 0 156 0 0 309 0 0 0 0 61 0 0 1 63 0 0 279
74 962756 R 0 0 0 0 0 165 0 248 131 0 0 1 0 0 962018 70 68 0 0 0 55
75 963051 R 0 0 0 0 0 127 0 1 111 0 204 0 0 0 962232 270 46 0 60 0 0
76 960095 N 0 0 179 0 0 0 8 61 108 0 0 959491 0 0 0 149 22 0 0 77 0
77 949756 K 0 0 0 158 0 0 0 58 949257 0 0 86 0 7 151 0 4 0 0 0 35
78 949448 Y 0 116 4 0 50 0 172 0 0 0 0 66 0 0 0 8 0 0 0 948938 94
79 951214 L 0 0 0 0 0 0 0 0 1 950606 238 0 210 101 16 0 0 42 0 0 0
80 948438 E 6 0 85 947747 0 156 0 0 111 0 0 1 0 55 1 0 0 45 0 0 231
81 942240 E 1 0 117 941465 0 156 0 0 141 0 0 0 0 57 1 0 0 65 0 0 237
82 935906 H 0 0 30 0 0 0 935279 0 0 75 0 188 9 84 115 0 0 0 0 126 0
83 935586 P 42 1 0 0 0 0 166 0 0 106 0 0 934924 0 51 82 214 0 0 0 0
84 946303 S 0 17 1 0 0 207 0 235 0 1 0 150 0 0 356 945309 26 0 0 0 1
85 940897 A 939842 0 0 228 0 65 0 0 0 0 0 0 44 0 0 244 325 149 0 0 0
86 939107 G 41 0 0 154 0 938397 3 0 0 0 0 1 0 0 173 0 0 158 180 0 0
87 941706 K 0 0 0 230 0 0 0 0 940823 0 74 306 0 3 175 0 11 0 0 0 84
88 944077 D 11 0 943392 116 2 115 35 0 0 0 0 135 1 0 0 0 0 72 0 198 0
89 944518 P 39 0 0 0 3 0 238 0 0 107 0 0 943821 1 40 99 170 0 0 0 0
90 950773 K 0 0 0 137 0 0 0 0 950323 1 32 115 0 5 128 0 16 0 0 0 16
91 950672 K 0 0 0 126 0 0 0 34 950305 0 0 37 0 4 129 0 4 1 0 0 32
92 942752 T 117 0 0 0 0 0 0 47 0 0 0 150 39 0 0 81 942318 0 0 0 0
93 943563 G 46 0 0 95 0 942894 0 0 1 0 0 0 0 0 226 0 1 100 0 0 200
94 945445 G 40 0 0 122 0 944818 0 0 0 0 0 1 0 0 132 0 0 184 0 0 148
95 941069 P 32 0 0 0 0 0 182 0 0 94 0 0 940517 0 25 126 93 0 0 0 0
96 937978 I 0 0 0 0 0 0 0 937405 94 107 108 0 0 0 7 0 128 129 0 0 0
97 931743 Y 0 134 11 0 135 0 176 0 0 0 0 85 0 0 0 7 0 0 0 930955 240
98 932073 K 0 0 0 195 0 0 0 0 931235 0 66 325 0 15 153 0 16 0 0 0 68
99 923747 R 0 0 0 0 0 166 0 176 111 0 1 0 0 0 923114 65 44 0 0 0 70
100 920485 V 143 0 0 129 0 11 0 143 1 217 0 0 0 0 0 0 0 919841 0 0 0
101 929221 D 13 0 928429 111 0 136 66 0 0 0 0 131 0 0 1 0 0 77 0 257 0
102 924765 R 0 0 0 0 0 156 0 157 126 0 0 1 0 0 924195 50 37 0 0 0 43
103 932723 K 0 0 0 142 0 0 0 0 932099 0 31 216 0 11 169 0 7 0 0 0 48
104 935050 W 0 258 0 0 0 9 0 0 0 222 0 0 0 0 209 49 0 0 934024 0 279
105 928907 M 0 0 0 0 0 0 0 524 107 77 927837 0 0 0 20 0 158 184 0 0 0
106 917657 R 0 0 0 0 0 206 0 0 144 0 224 0 0 0 916822 134 41 0 86 0 0
107 913691 E 4 0 86 912637 0 171 0 0 486 0 0 0 0 53 0 0 1 60 0 0 193
108 914555 L 0 0 0 0 83 0 85 140 0 914077 0 0 147 0 2 1 0 20 0 0 0
109 909645 V 155 0 88 0 140 5 0 263 0 21 0 0 1 0 0 0 0 908972 0 0 0
110 900808 L 0 0 0 0 69 0 34 233 0 900292 0 0 132 0 9 0 0 39 0 0 0
111 895672 Y 0 141 2 0 77 0 144 0 0 0 0 22 0 0 0 1 0 1 0 895182 102
112 874437 D 11 0 873296 223 4 185 70 0 0 0 0 313 0 0 0 0 0 130 0 205 0
113 868580 K 0 0 0 118 0 0 0 55 868193 0 0 57 0 9 106 0 5 0 0 0 37
114 878417 E 2 0 80 877767 0 124 0 0 127 0 0 0 0 71 1 0 0 53 0 0 192
115 884072 E 1 0 58 883491 0 131 0 0 102 0 0 0 0 40 0 0 0 50 0 0 199
116 879193 I 0 0 0 0 0 0 0 878669 61 50 153 2 0 0 6 0 135 116 0 0 1
117 885129 R 0 0 0 0 1 131 0 0 109 0 231 0 0 0 884382 169 40 0 66 0 0
118 889455 R 0 0 1 0 0 50 0 0 0 236 0 0 29 201 888761 0 0 0 0 0 177
119 889552 I 0 0 0 0 31 0 0 889144 0 10 41 57 0 0 0 3 133 133 0 0 0
120 893774 W 0 185 0 0 0 15 0 0 0 160 0 0 0 1 241 32 0 0 892847 0 293
121 897832 R 0 267 0 0 0 63 258 0 0 196 0 0 46 1 896757 244 0 0 0 0 0
122 900921 Q 0 0 0 49 0 0 71 0 194 56 0 0 19 900281 120 0 0 0 0 0 131
123 895372 A 894556 0 166 1 0 32 0 0 0 0 0 0 36 0 0 290 175 116 0 0 0
124 903032 N 0 0 149 0 0 0 14 64 110 0 0 902578 0 0 0 96 7 1 0 13 0
125 915059 N 0 0 118 0 0 0 5 57 50 0 0 914651 0 0 0 111 12 0 0 55 0
126 907716 G 31 268 149 0 0 906975 0 0 0 0 0 0 0 0 45 151 0 97 0 0 0
127 910117 D 5 0 909306 111 0 143 57 0 0 0 0 149 0 0 0 0 0 75 0 271 0
128 910632 D 6 0 909769 110 0 156 71 0 0 0 0 154 0 0 0 1 0 101 0 264 0
129 925977 A 925051 0 0 230 0 45 0 0 0 0 1 0 44 0 0 228 234 144 0 0 0
130 929916 T 127 0 0 0 0 0 0 84 265 0 0 0 13 0 31 71 929325 0 0 0 0
131 935154 A 934281 0 319 0 0 29 0 0 0 0 0 1 32 0 0 305 128 59 0 0 0
132 923826 G 27 229 113 0 0 923181 0 0 0 0 0 0 0 0 24 118 0 134 0 0 0
133 915378 L 0 0 0 0 0 0 0 0 0 914811 221 0 239 48 8 0 0 51 0 0 0
134 907149 T 151 0 0 0 0 0 0 117 0 0 0 198 18 0 0 134 906531 0 0 0 0
135 911600 H 0 0 57 0 0 0 910642 0 1 85 0 259 23 261 169 0 0 0 0 103 0
136 922564 M 0 0 0 0 0 0 0 492 64 67 921620 0 0 0 13 0 145 163 0 0 0
137 927357 M 0 0 0 0 0 0 0 418 85 75 926484 0 0 0 4 0 122 169 0 0 0
138 920840 I 0 0 0 0 71 0 0 920382 0 8 57 72 0 0 0 4 112 134 0 0 0
139 922975 W 0 239 0 0 2 27 0 0 0 200 0 0 0 0 350 46 0 0 921803 0 308
140 921653 H 0 0 51 0 0 0 920919 0 0 46 0 259 12 52 145 0 0 0 0 169 0
141 927104 S 2 50 0 0 100 0 0 0 0 0 0 0 172 0 0 926505 45 0 0 229 1
142 918627 N 0 0 140 0 0 0 11 42 53 0 0 918231 0 0 0 86 12 0 0 52 0
143 917808 L 0 0 0 0 312 0 0 0 0 917198 56 0 0 0 0 170 0 11 10 1 50
144 922904 N 0 0 166 0 3 0 3 40 108 0 0 922337 0 0 0 157 16 0 0 74 0
145 911655 D 11 0 910929 71 1 123 60 0 0 0 0 104 0 0 0 0 0 89 0 267 0
146 908154 T 206 0 0 0 0 0 0 124 212 1 0 0 3 0 34 113 907461 0 0 0 0
147 910269 T 159 0 0 0 0 0 0 82 255 0 0 0 8 0 34 82 909649 0 0 0 0
148 902826 Y 0 116 8 0 85 0 140 0 0 0 0 37 0 0 0 10 0 0 0 902265 165
149 906840 Q 0 0 0 43 0 0 343 0 209 62 0 0 15 905858 193 0 0 0 0 0 117
150 900810 R 0 0 0 1 0 113 0 0 127 0 210 0 0 0 900058 214 46 0 41 0 0
151 898805 T 157 0 0 0 0 0 0 123 166 0 0 0 13 0 38 106 898202 0 0 0 0
152 901745 R 0 0 0 0 0 165 0 118 133 0 0 0 0 0 901196 35 30 0 0 0 68
153 907431 A 906688 0 244 0 0 31 0 0 0 1 0 0 27 0 0 250 119 71 0 0 0
154 916318 L 0 0 0 0 77 0 58 162 0 915823 0 0 138 0 5 0 0 55 0 0 0
155 917193 V 160 0 108 0 183 15 0 121 0 43 0 0 0 0 0 0 0 916563 0 0 0
156 915600 R 0 227 0 0 1 56 293 0 0 195 0 0 27 0 914550 251 0 0 0 0 0
157 918820 T 142 0 0 0 0 0 0 199 0 0 0 103 18 0 0 113 918244 1 0 0 0
158 916509 G 45 197 293 0 0 915401 0 0 0 0 0 0 0 0 39 368 0 166 0 0 0
159 914405 M 0 0 0 0 0 0 0 477 26 92 913476 0 0 0 15 0 132 187 0 0 0
160 925763 D 9 0 925072 94 0 174 26 0 0 0 0 151 1 1 0 1 0 39 0 195 0
161 924283 P 31 0 0 0 0 0 171 1 0 100 0 0 923629 0 35 124 192 0 0 0 0
162 930291 R 0 0 0 0 0 205 0 0 89 0 249 0 0 1 929421 241 45 0 40 0 0
163 931791 M 0 0 0 0 0 0 0 419 54 84 930921 0 0 0 11 0 93 209 0 0 0
164 930832 C 0 929717 0 0 247 16 0 0 0 0 0 1 0 0 138 130 0 0 31 298 254
165 922605 S 16 66 0 0 84 0 0 0 0 0 0 0 167 0 0 922005 58 0 0 209 0
166 925248 L 0 0 0 0 0 0 0 1 0 924623 255 0 212 79 14 0 0 64 0 0 0
167 936510 M 1 0 0 0 0 0 0 561 79 101 935470 0 0 0 17 0 152 129 0 0 0
168 942589 Q 1 0 0 47 0 0 281 0 257 55 0 0 18 941444 288 0 0 0 0 0 198
169 935319 G 34 154 105 0 0 934757 0 0 0 1 0 0 0 0 22 117 1 128 0 0 0
170 943890 S 2 0 0 0 1 0 0 0 0 238 0 0 100 4 0 943235 84 0 35 0 191
171 945839 T 146 0 0 0 0 0 0 68 0 0 0 200 1 0 0 162 945261 1 0 0 0
172 946243 L 0 0 0 0 65 0 81 256 0 945596 0 0 191 0 3 0 0 51 0 0 0
173 947090 P 32 0 0 0 0 0 279 0 0 86 0 0 946346 0 41 109 197 0 0 0 0
174 947890 R 0 0 0 0 0 152 0 0 92 0 236 0 1 0 947105 181 62 0 61 0 0
175 944052 R 0 0 0 0 0 186 0 0 65 0 197 0 0 0 943397 133 27 0 47 0 0
176 956473 S 11 46 0 0 67 0 0 0 0 0 0 0 125 0 0 956014 65 0 0 145 0
177 970525 G 38 0 0 109 0 969891 0 0 1 0 0 0 0 0 206 0 0 137 0 0 143
178 983986 A 983137 0 268 0 0 24 0 0 0 0 0 0 31 0 0 310 126 90 0 0 0
179 997873 A 996834 0 0 235 0 47 0 0 0 1 0 0 33 0 0 252 296 175 0 0 0
180 995406 G 16 153 118 0 0 994808 0 0 0 0 0 0 0 0 40 99 0 171 0 0 1
181 993720 A 992954 0 96 0 0 8 0 0 0 0 0 0 34 0 0 252 304 72 0 0 0
182 999041 A 997804 0 0 262 0 43 0 0 0 0 0 0 40 0 0 249 285 358 0 0 0
183 1001391 V 145 0 74 3 230 11 0 113 1 32 0 0 0 0 0 0 0 1000782 0 0 0
184 1009028 K 0 0 0 153 0 0 0 61 1008474 0 0 103 0 6 131 0 13 0 0 0 87
185 1012694 G 30 0 1 113 0 1011991 0 0 1 0 0 0 1 0 157 0 0 216 0 0 184
186 1016742 V 120 0 76 0 191 10 0 187 0 30 0 0 0 0 0 0 0 1016128 0 0 0
187 1024946 G 51 1 0 168 0 1024071 0 0 2 2 0 0 0 0 206 0 0 171 274 0 0
188 1026661 T 242 0 0 0 0 0 0 168 190 0 0 0 14 0 53 136 1025858 0 0 0 0
189 1038119 M 0 0 0 0 0 0 0 471 92 81 1037206 1 0 0 14 1 121 132 0 0 0
190 1037988 V 149 0 0 125 0 29 0 0 0 173 156 0 0 0 0 0 0 1037356 0 0 0
191 1036376 M 0 0 0 0 0 0 0 461 97 120 1035382 0 0 0 14 2 147 153 0 0 0
192 1034341 E 15 0 224 1033328 0 268 0 0 131 0 0 0 0 36 1 0 0 96 0 0 242
193 1032323 L 0 0 1 0 355 0 0 0 0 1031671 75 0 2 0 0 161 0 12 4 0 42
194 1035477 I 1 0 0 0 0 0 0 1034769 42 118 194 0 0 0 8 0 161 184 0 0 0
195 1030916 R 0 1 0 0 0 147 0 0 126 0 296 0 0 0 1029970 261 44 0 71 0 0
196 1033728 M 0 0 0 0 0 0 0 496 93 87 1032734 0 0 0 5 0 130 183 0 0 0
197 1036240 I 1 0 0 0 84 0 0 1035576 3 6 68 139 0 0 0 7 182 174 0 0 0
198 1033436 K 0 0 1 153 0 1 0 17 1032978 0 0 102 0 7 144 0 9 0 0 0 24
199 1031837 R 0 159 0 0 0 40 242 0 0 225 0 0 41 0 1030873 257 0 0 0 0 0
200 1043096 G 34 0 1 147 0 1042157 0 0 0 1 0 0 0 0 316 0 0 188 251 0 1
201 1031237 I 1 0 0 0 121 0 0 1030577 0 5 67 65 0 0 0 6 165 230 0 0 0
202 1025534 N 0 0 204 0 0 1 12 47 87 0 0 1024975 0 0 0 146 10 0 0 52 0
203 1027346 D 11 0 1026465 102 0 135 63 0 0 0 0 149 0 0 0 0 0 110 0 311 0
204 1027992 R 0 0 0 1 0 31 0 0 0 207 0 0 49 290 1027202 0 0 0 212 0 0
205 1029032 N 0 0 162 0 0 0 3 44 119 0 0 1028419 0 0 0 233 12 0 0 40 0
206 1021060 F 0 5 0 0 1020433 0 0 32 0 412 0 0 2 0 0 117 0 13 0 46 0
207 1008546 W 0 260 0 0 2 10 0 0 0 236 0 0 0 0 366 53 0 0 1007315 1 303
208 1003543 R 0 1 0 0 0 266 0 268 100 0 0 0 0 0 1002667 81 63 0 0 0 97
209 1008293 G 28 206 120 1 0 1007663 0 0 0 0 0 0 0 0 37 136 0 102 0 0 0
210 1015400 E 6 0 63 1014642 0 175 0 0 160 0 0 0 0 46 0 0 1 87 0 0 220
211 1015709 N 0 0 167 0 0 0 14 99 59 0 1 1015139 0 0 0 164 26 0 0 40 0
212 1015747 G 56 0 0 135 0 1014881 0 2 1 0 0 0 0 0 276 0 0 192 0 0 204
213 1010562 R 0 0 0 0 0 56 1 0 1 234 0 0 28 275 1009655 0 0 0 0 0 312
214 1002140 K 0 0 0 152 0 0 1 25 1001719 0 0 51 0 13 134 0 15 0 0 0 30
215 998682 T 174 0 0 1 0 0 0 92 161 0 0 0 251 0 26 95 997882 0 0 0 0
216 993345 R 0 0 0 0 0 196 0 0 176 0 220 0 0 0 992459 203 31 0 60 0 0
217 988220 S 1 73 0 0 0 194 0 90 0 1 0 159 0 0 110 987571 21 0 0 0 0
218 979133 A 978210 0 269 0 0 38 0 0 0 0 0 0 37 0 0 275 199 105 0 0 0
219 990870 Y 0 147 10 0 61 0 174 0 0 0 0 14 0 0 0 14 0 0 0 990169 281
220 995725 E 7 0 315 994595 0 172 0 0 194 0 0 0 0 53 0 0 0 93 0 0 296
221 999995 R 0 0 0 0 0 170 0 242 102 0 0 0 0 0 999299 50 57 0 0 0 75
222 986242 M 0 0 0 0 0 0 0 416 85 63 985430 0 0 0 14 0 87 147 0 0 0
223 973712 C 0 972501 0 0 236 29 0 0 0 5 0 0 0 0 221 176 1 0 69 218 256
224 971816 N 0 0 155 0 0 0 15 119 222 0 0 971101 0 0 0 125 13 0 0 66 0
225 974895 I 0 0 0 0 60 0 1 974468 0 11 8 37 0 0 0 21 180 109 0 0 0
226 977782 L 0 0 0 0 65 0 102 249 2 977115 0 0 192 1 9 1 0 46 0 0 0
227 977524 K 0 0 0 154 0 0 0 82 977050 0 0 58 0 7 124 0 13 0 0 0 36
228 965483 G 46 0 0 130 0 964819 0 0 0 0 0 0 0 0 136 0 0 167 0 0 185
229 959588 K 0 0 0 167 0 0 0 20 959102 0 0 111 0 7 143 0 2 0 0 0 36
230 963127 F 0 5 0 0 962607 0 0 58 0 233 0 0 2 0 0 163 0 14 0 42 3
231 954525 Q 0 0 0 50 4 0 42 0 241 47 0 0 9 953769 266 1 0 0 0 0 96
232 945512 T 124 0 0 0 0 0 0 65 246 0 0 0 44 0 34 33 944966 0 0 0 0
233 943497 A 942626 0 305 0 1 27 0 0 0 0 0 0 35 0 0 286 132 85 0 0 0
234 932830 A 931840 0 0 242 0 46 0 0 1 2 0 0 51 0 0 214 301 133 0 0 0
235 920295 Q 0 0 0 33 0 0 79 0 207 27 0 0 8 919698 116 0 0 0 0 0 127
236 910995 R 0 0 0 0 0 219 0 0 162 0 239 0 0 0 910150 162 24 0 39 0 0
237 902140 A 901278 0 0 214 0 74 0 0 1 0 0 0 42 0 0 194 143 194 0 0 0
238 884742 M 0 0 0 0 0 0 0 416 68 40 883988 0 0 0 12 0 106 112 0 0 0
239 869956 M 1 0 0 0 0 0 0 456 80 93 869007 0 0 0 13 0 118 188 0 0 0
240 849650 D 8 0 848881 131 0 173 36 0 0 0 0 164 0 0 0 0 0 69 0 188 0
241 821924 Q 0 0 0 46 0 0 44 0 211 54 0 0 17 821275 192 0 0 0 0 0 85
242 800257 V 109 0 0 91 0 11 0 2 0 223 147 0 0 0 0 0 0 799674 0 0 0
243 785783 R 0 0 0 0 0 168 0 233 146 0 2 0 0 0 785002 93 51 0 0 0 88
244 756107 E 3 0 54 755559 0 157 0 0 99 0 0 0 0 44 0 0 0 29 0 0 162
245 738247 S 0 11 0 1 0 186 0 131 0 0 0 108 0 0 96 737690 24 0 0 0 0
246 711017 R 0 0 0 0 0 18 0 0 0 124 0 0 34 255 710434 0 0 0 152 0 0
247 682276 N 0 0 112 0 0 0 6 43 120 0 0 681824 0 0 0 116 25 0 0 30 0
248 656891 P 21 0 0 0 0 0 0 0 0 84 0 0 656471 119 34 57 105 0 0 0 0
249 629413 G 24 0 0 94 0 628951 0 0 0 0 0 0 0 0 112 0 0 118 0 0 114
250 609146 N 0 0 99 0 0 0 11 34 43 0 0 608838 0 0 0 82 5 0 0 34 0
251 586943 A 586395 0 139 0 0 15 0 0 0 0 0 0 26 0 0 180 112 76 0 0 0
252 563644 E 1 0 173 563118 0 100 0 0 65 0 0 0 0 28 0 0 0 21 0 0 138
253 538840 I 0 0 0 0 45 0 0 538554 0 5 49 36 0 0 0 2 66 83 0 0 0
254 509804 E 3 0 49 509376 0 67 0 0 116 0 0 0 0 29 0 0 0 49 0 0 115
255 478339 D 3 0 478073 36 0 71 16 0 0 0 0 42 0 0 0 0 0 22 0 76 0
256 452073 L 0 0 0 0 30 0 39 87 0 451787 0 0 106 0 4 0 0 20 0 0 0
257 429537 I 0 0 0 0 20 0 0 429344 0 10 26 25 0 0 0 14 43 55 0 0 0
258 401683 F 0 4 0 0 401500 0 0 24 0 90 0 0 0 0 0 53 0 5 0 7 0
259 382817 L 0 0 0 0 1 0 0 0 0 382555 133 0 49 40 7 0 0 32 0 0 0
260 359038 A 358634 0 0 116 0 26 0 0 0 0 0 0 11 0 0 53 88 110 0 0 0
261 334608 R 0 0 0 0 0 13 0 0 1 86 0 0 6 72 334329 0 0 0 101 0 0
262 311025 S 2 22 0 0 47 0 0 0 0 0 0 0 45 0 0 310810 24 0 0 75 0
263 279212 A 278876 1 0 86 0 25 0 0 1 0 0 0 15 0 0 63 71 74 0 0 0
264 251817 L 0 0 0 0 43 0 24 58 0 251646 0 0 40 0 1 0 0 5 0 0 0
265 220731 I 0 0 0 0 0 0 0 220599 11 19 35 0 0 0 1 0 30 36 0 0 0
266 195951 L 0 0 0 0 70 0 0 0 0 195815 16 0 0 0 0 28 0 1 2 0 19
267 177966 R 0 0 0 0 0 33 0 32 16 0 0 0 0 0 177856 11 6 0 0 0 12
268 159570 G 1 0 0 18 0 159448 0 0 0 0 0 0 0 0 35 1 0 33 33 0 1
269 137343 S 1 0 0 0 0 0 0 0 0 17 0 0 24 0 0 137255 13 0 0 0 33
270 110272 V 15 0 12 0 7 2 0 13 0 0 0 0 0 0 0 0 0 110223 0 0 0
271 87022 A 86934 0 22 0 0 2 0 0 0 0 0 0 3 0 0 25 16 20 0 0 0
272 74509 H 0 1 8 0 0 0 74418 0 0 10 0 33 2 18 7 0 0 0 0 12 0
273 61005 K 0 0 0 4 0 0 0 3 60983 0 0 5 0 1 6 0 1 0 0 0 2
274 44614 S 0 0 0 0 1 0 0 0 0 0 0 0 5 0 0 44592 0 0 0 16 0
275 38573 C 0 38544 0 0 6 0 0 0 0 0 0 0 0 0 4 1 0 0 0 7 11
276 28346 L 0 0 0 0 0 0 0 0 0 28325 12 0 0 8 0 0 0 1 0 0 0
277 22254 P 10 0 0 0 0 0 60 0 0 43 0 0 22076 0 13 41 11 0 0 0 0
278 19531 A 19343 0 59 0 0 9 0 0 0 0 0 0 16 0 0 18 56 30 0 0 0
279 16466 C 0 16350 0 0 7 1 0 0 0 0 0 0 0 0 89 2 0 0 2 3 12
280 21799 V 1 0 0 3 0 0 0 0 0 6 3 0 0 0 0 0 0 21786 0 0 0
281 28066 Y 0 3 3 0 3 0 4 0 0 0 0 0 0 0 0 0 0 0 0 28051 2
282 21776 G 2 0 0 17 0 21740 0 0 0 0 0 0 0 0 11 0 0 1 0 0 5
283 58186 P 2 0 0 0 0 0 31 0 0 29 0 0 58056 0 15 25 27 0 0 1 0
284 79254 A 78945 0 73 0 1 13 0 0 0 0 0 0 23 0 0 63 70 66 0 0 0
285 91543 V 18 0 0 17 0 2 0 25 0 59 0 0 0 0 0 0 0 91422 0 0 0
286 108722 A 108641 0 33 0 0 5 0 0 0 0 0 0 4 0 0 15 10 14 0 0 0
287 123615 S 0 12 0 0 0 19 0 20 0 0 0 31 0 0 34 123468 31 0 0 0 0
288 142142 G 2 29 11 0 0 142053 0 0 0 0 0 0 0 0 8 16 0 23 0 0 0
289 167282 Y 0 22 0 0 9 0 32 0 0 0 0 2 0 0 0 0 0 0 0 167154 63
290 194913 D 1 0 194751 50 0 26 6 0 0 0 0 33 0 0 0 0 0 11 0 35 0
291 221344 F 0 2 0 0 221189 0 0 5 0 108 0 0 0 0 0 28 0 3 0 9 0
292 245858 E 0 0 8 245657 0 60 0 0 58 0 0 0 0 11 0 0 0 8 0 0 56
293 264454 K 0 0 0 45 0 0 0 7 264350 0 0 16 0 3 25 0 3 0 0 0 5
294 291054 E 3 0 72 290782 0 66 0 0 26 0 0 0 0 22 0 0 0 15 1 0 67
295 318723 G 15 0 0 62 0 318513 0 0 0 0 0 0 0 0 57 0 0 44 0 0 32
296 350223 Y 0 59 5 0 30 0 56 0 0 0 0 23 0 0 0 2 0 0 0 349941 107
297 379387 S 2 21 0 0 17 0 0 0 0 0 0 0 48 0 0 379152 32 0 0 115 0
298 416964 L 0 0 0 0 30 0 0 8 0 416860 0 0 0 0 0 50 0 3 0 0 13
299 450580 V 63 0 0 53 0 7 0 1 0 123 53 0 0 0 0 0 0 450280 0 0 0
300 476458 G 19 0 0 87 0 476091 0 0 0 0 0 0 0 0 83 0 0 102 0 0 76
301 499007 I 0 0 0 0 0 0 0 498661 36 51 92 0 0 0 6 0 76 85 0 0 0
302 532486 D 6 0 531989 106 0 77 34 0 0 0 0 108 0 0 0 0 0 32 0 134 0
303 567078 P 18 0 0 0 0 0 145 0 0 37 0 0 566705 0 23 55 95 0 0 0 0
304 592220 F 0 7 0 0 591715 0 0 42 0 306 0 0 0 1 0 99 0 4 0 45 1
305 615373 K 0 0 0 101 0 0 0 38 615059 0 0 80 0 3 63 0 6 0 0 0 23
306 639808 L 0 0 0 0 0 0 0 0 0 639478 157 0 116 30 5 0 0 22 0 0 0
307 675471 L 0 0 0 0 56 0 26 156 0 675076 0 0 112 0 11 0 0 34 0 0 0
308 709867 Q 0 0 0 40 0 1 44 0 164 40 0 0 6 709383 115 2 0 0 0 0 72
309 736890 N 0 0 97 1 0 0 10 71 210 0 0 736234 0 0 0 128 120 0 0 19 0
310 767815 S 0 51 0 0 0 108 0 211 0 0 1 162 0 0 221 767024 37 0 0 0 0
311 793355 Q 0 0 0 31 0 0 24 0 191 55 0 0 9 792803 108 0 0 0 0 0 134
312 825096 V 89 0 0 79 0 7 0 109 0 230 0 0 0 0 0 0 0 824582 0 0 0
313 855369 Y 0 130 3 0 70 0 127 0 0 0 0 47 0 0 0 13 0 1 0 854719 259
314 886363 S 0 42 0 0 0 198 0 275 0 0 0 124 1 0 248 885435 40 0 0 0 0
315 909567 L 0 0 0 0 0 0 0 191 2 909056 0 0 207 67 4 0 0 40 0 0 0
316 936002 I 0 0 0 0 63 0 0 935600 0 14 41 57 0 0 0 6 123 98 0 0 0
317 953580 R 0 0 0 0 0 276 0 220 123 0 0 0 0 0 952823 59 44 0 0 0 35
318 971661 P 37 0 0 0 0 0 0 0 0 150 0 0 970917 269 33 119 135 1 0 0 0
319 990460 N 0 1 95 0 0 1 8 50 290 0 0 989740 0 0 1 193 18 0 0 63 0
320 1009310 E 8 0 288 1008297 1 150 0 0 167 0 0 0 0 48 0 0 0 106 0 0 245
321 1017819 N 0 0 137 0 0 0 7 49 84 0 0 1017348 0 0 0 140 13 0 0 41 0
322 1026266 P 27 0 0 0 0 0 0 0 0 164 0 0 1025557 187 43 93 195 0 0 0 0
323 1031865 A 1030810 0 0 340 0 35 0 0 1 0 0 0 47 0 0 301 163 168 0 0 0
324 1043325 H 0 0 34 0 1 0 1042339 0 0 142 0 253 21 293 142 0 0 0 0 100 0
325 1045990 K 0 0 0 184 0 0 0 0 1045192 0 82 268 0 10 211 1 11 0 0 0 31
326 1048405 S 0 74 0 0 0 170 0 164 0 0 0 149 0 0 123 1047689 36 0 0 0 0
327 1043060 Q 0 0 0 59 0 0 356 0 263 45 0 0 19 1041926 272 0 0 1 0 0 119
328 1034276 L 0 0 0 0 0 0 0 2 0 1033720 305 0 134 62 7 0 0 46 0 0 0
329 1036870 V 112 0 0 64 0 14 0 0 0 170 108 0 0 0 0 0 0 1036402 0 0 0
330 1042805 W 0 309 0 0 0 24 0 0 0 246 0 0 0 0 173 40 0 0 1041733 0 280
331 1036516 M 0 0 0 0 0 0 0 465 96 96 1035527 0 0 0 11 0 130 191 0 0 0
332 1036150 A 1035216 0 0 267 0 51 0 0 0 0 0 0 42 0 0 173 211 190 0 0 0
333 1038923 C 0 1037708 0 0 292 9 0 0 0 2 0 0 0 0 272 122 0 0 51 216 251
334 1033856 N 0 0 182 0 0 0 13 57 42 0 0 1033375 0 0 0 131 10 0 0 46 0
335 1025911 S 6 49 0 0 81 0 0 0 0 0 0 0 100 0 0 1025345 70 0 0 260 0
336 1018535 A 1017438 0 336 0 0 42 0 0 0 0 0 1 44 0 0 305 259 110 0 0 0
337 1011911 A 1011026 0 0 275 0 49 0 0 1 0 0 0 32 0 0 250 154 124 0 0 0
338 1008735 F 0 12 0 0 1008245 0 0 65 0 212 0 0 2 0 0 127 0 16 0 56 0
339 1010457 E 5 0 98 1009656 0 178 0 0 98 0 0 0 0 68 0 0 0 79 0 0 275
340 996498 D 4 0 995697 65 0 124 37 0 0 0 0 222 0 0 0 0 0 87 0 262 0
341 992052 L 0 0 0 0 0 0 0 221 0 991509 0 0 196 72 7 0 0 47 0 0 0
342 988819 R 0 0 0 0 0 121 0 231 118 0 0 0 0 0 988159 76 69 1 0 0 44
343 984976 V 147 0 1 89 0 8 0 110 0 274 0 0 0 0 0 0 0 984347 0 0 0
344 984191 L 0 0 0 0 97 0 0 66 0 983773 0 0 1 0 0 132 0 12 0 0 110
345 990260 S 0 29 0 0 0 132 0 235 0 0 0 92 0 0 354 989387 31 0 0 0 0
346 992378 F 0 16 0 0 991575 0 0 16 0 516 0 0 0 0 0 156 0 16 0 83 0
347 988342 I 0 0 0 0 71 0 0 987808 0 13 78 78 0 0 0 10 118 166 0 0 0
348 980860 R 0 0 0 0 0 200 0 219 158 0 0 0 0 0 980050 86 64 0 0 0 83
349 987549 G 35 0 0 144 0 986928 0 0 0 0 0 0 0 0 139 0 0 134 169 0 0
350 990232 T 219 0 0 0 1 0 0 145 3 0 0 77 12 0 1 144 989630 0 0 0 0
351 987096 K 0 0 0 108 0 0 0 54 986637 0 0 87 0 9 123 0 10 0 0 0 68
352 986634 V 131 0 0 59 0 8 0 106 0 79 0 0 0 0 0 0 0 986247 0 4 0
353 997798 S 3 26 0 0 47 0 0 0 0 0 0 0 783 0 1 996666 91 0 0 181 0
354 995830 P 24 0 0 0 0 0 0 1 0 115 0 0 995132 193 65 107 193 0 0 0 0
355 991422 R 0 0 0 0 0 136 0 0 199 4 347 0 0 0 990411 196 66 0 63 0 0
356 999800 G 37 0 0 128 0 999201 0 0 0 0 0 0 0 0 123 0 0 122 189 0 0
357 988571 K 0 0 0 189 0 0 0 63 987952 0 0 110 0 10 175 0 12 0 0 0 60
358 992039 L 0 0 0 0 71 0 38 71 0 991642 0 0 196 0 4 0 4 13 0 0 0
359 1007138 S 10 52 0 0 82 0 0 0 0 0 0 0 227 1 0 1006476 80 0 0 210 0
360 1020872 T 156 0 0 0 0 0 1 86 0 0 0 301 10 1 0 145 1020172 0 0 0 0
361 1007529 R 0 0 0 0 0 139 0 266 100 0 0 0 0 0 1006795 56 88 0 0 0 85
362 1016636 G 40 0 0 78 0 1015912 0 0 0 0 0 0 0 0 142 1 0 230 0 0 233
363 1024538 V 195 0 0 83 0 10 0 147 1 216 0 0 0 0 0 0 0 1023886 0 0 0
364 1027297 Q 0 0 0 35 0 0 84 0 202 54 0 0 14 1026637 149 0 0 0 0 0 122
365 1034652 I 0 0 0 0 44 0 0 1034298 0 23 3 63 0 0 1 6 114 99 1 0 0
366 1042698 A 1041848 0 243 0 1 38 0 0 0 0 0 0 34 0 0 275 166 93 0 0 0
367 1041304 S 20 0 0 0 2 0 0 0 0 99 0 0 170 1 0 1040539 130 0 0 0 343
368 1032273 N 1 0 106 0 0 0 5 39 79 0 0 1031807 0 0 0 129 66 0 0 41 0
369 1038691 E 7 0 47 1037965 0 160 0 0 160 0 0 0 0 67 0 0 0 74 0 0 211
370 1035934 N 0 0 191 0 0 0 20 85 246 0 0 1035025 0 0 0 131 200 0 0 36 0
371 1038893 M 0 0 0 0 0 0 0 665 72 99 1037771 0 0 0 14 0 122 150 0 0 0
372 1043089 D 9 0 1042380 132 0 192 40 0 0 0 0 146 0 0 0 0 0 45 0 145 0
373 1044946 A 1043888 0 311 0 1 36 0 0 0 0 0 0 50 0 1 332 230 97 0 0 0
374 1047800 M 0 0 0 0 0 0 0 542 91 130 1046790 0 0 0 8 0 126 113 0 0 0
375 1044461 E 10 0 74 1043683 0 210 0 0 124 1 0 0 0 47 0 0 0 94 0 0 218
376 1042814 S 6 0 0 0 0 0 0 0 0 76 0 0 126 0 0 1042266 77 0 0 0 263
377 1034793 S 0 75 0 0 0 141 0 147 0 0 0 143 0 0 137 1034122 28 0 0 0 0
378 1028517 T 204 0 0 0 0 0 0 90 0 0 0 185 9 0 0 120 1027909 0 0 0 0
379 1027193 L 0 0 0 0 83 0 90 314 0 1026420 0 0 208 0 10 0 0 68 0 0 0
380 1017258 E 10 0 92 1016468 0 139 0 0 165 1 0 0 0 69 0 0 0 72 0 0 242
381 1014883 L 0 0 0 0 0 0 0 0 0 1014367 250 0 198 27 10 0 0 31 0 0 0
382 1010369 R 0 0 0 0 0 199 0 61 127 0 0 0 0 0 1009803 86 36 0 0 0 57
383 1010079 S 0 31 0 0 0 161 0 301 1 0 0 153 0 0 315 1009087 30 0 0 0 0
384 1006826 R 0 0 0 0 0 287 0 0 107 1 180 0 0 0 1006020 121 45 0 65 0 0
385 1001376 Y 0 176 14 0 77 0 180 0 0 0 0 82 0 0 0 13 0 0 0 1000588 246
386 999188 W 0 176 0 0 0 14 0 0 0 219 0 0 0 0 228 31 0 0 998129 0 391
387 992589 A 991690 0 208 0 0 38 0 0 0 0 0 0 39 0 0 190 227 197 0 0 0
388 979119 I 0 0 0 0 0 0 0 978446 45 118 222 0 0 0 16 0 121 151 0 0 0
389 975128 R 1 0 0 0 0 149 0 283 124 0 0 0 0 0 974409 67 44 0 0 0 51
390 969973 T 133 0 0 0 0 0 0 82 0 0 0 96 14 0 0 116 969532 0 0 0 0
391 974888 R 0 0 0 0 0 218 0 132 111 1 0 0 0 0 974259 44 46 0 0 0 77
392 971980 S 0 51 0 0 0 146 0 166 0 0 0 120 0 0 111 971356 30 0 0 0 0
393 976602 G 44 0 0 90 0 975845 0 0 0 0 0 0 0 0 205 0 0 228 0 0 190
394 974960 G 60 0 0 94 0 974225 0 0 4 0 0 0 0 0 170 0 0 248 0 0 159
395 967010 N 0 0 173 0 0 1 12 73 241 1 0 966213 0 0 0 165 90 0 0 40 1
396 962327 T 128 0 0 0 0 1 0 68 1 0 0 234 9 0 2 143 961741 0 0 0 0
397 962380 N 0 0 112 0 0 1 8 38 103 0 0 961994 0 0 0 101 13 0 0 10 0
398 954782 Q 0 0 0 55 0 0 82 0 262 49 0 0 8 954088 158 0 0 0 0 0 80
399 949636 Q 0 1 0 46 0 0 282 0 246 48 0 0 19 948716 182 0 0 0 0 1 95
400 945717 R 0 0 0 1 0 253 0 0 154 0 103 0 0 0 944984 113 30 0 79 0 0
401 952455 A 951716 0 168 0 0 53 0 0 1 0 0 0 72 0 8 138 146 153 0 0 0
402 948955 S 9 40 0 0 60 0 0 0 1 0 0 0 184 0 0 948494 61 0 0 106 0
403 941448 A 940274 0 0 254 0 52 0 0 0 1 0 0 46 0 0 268 216 337 0 0 0
404 944928 G 32 226 143 0 0 944275 0 0 0 0 0 0 0 0 40 92 0 120 0 0 0
405 964021 Q 0 0 0 48 0 0 70 0 197 67 0 0 13 963342 156 0 0 0 0 0 128
406 957839 I 0 0 0 0 68 0 0 957389 0 18 43 65 0 0 0 8 146 102 0 0 0
407 969976 S 0 61 0 0 0 222 0 254 0 0 0 160 0 0 150 969097 32 0 0 0 0
408 970787 V 207 0 0 106 0 21 0 1 0 280 248 0 0 0 0 0 0 969924 0 0 0
409 973706 Q 0 0 0 64 0 0 119 0 250 53 0 0 5 972760 146 0 1 0 0 0 308
410 974811 P 17 0 0 0 0 0 266 0 0 82 0 0 974136 0 37 153 120 0 0 0 0
411 988443 A 987385 0 0 231 0 47 0 0 0 0 0 0 36 0 0 250 370 124 0 0 0
412 996037 F 0 8 0 0 995560 0 0 94 0 178 0 0 1 0 0 141 0 23 0 32 0
413 999419 S 3 45 0 0 100 0 0 0 0 0 0 0 110 0 0 998905 36 0 0 220 0
414 1003174 V 241 0 1 157 0 20 0 0 0 293 266 0 0 0 0 0 0 1002196 0 0 0
415 1015078 Q 2 0 0 72 0 0 45 0 293 81 1 0 13 1014206 184 1 0 0 1 0 179
416 1018139 R 0 0 0 0 0 235 0 170 87 0 0 0 0 0 1017482 52 67 0 0 0 46
417 1028430 N 0 0 160 0 0 0 45 46 150 0 0 1027641 0 0 1 163 163 0 1 60 0
418 1034191 L 0 1 0 0 95 0 94 194 0 1033525 0 0 250 0 8 0 0 24 0 0 0
419 1037285 P 52 0 0 0 0 0 0 0 0 133 0 0 1036502 244 43 109 202 0 0 0 0
420 1037075 F 2 7 0 0 1036545 0 1 66 0 240 0 0 0 0 0 139 0 27 0 48 0
421 1048542 D 8 1 1047381 263 4 214 72 0 2 0 0 246 0 0 0 1 0 125 0 225 0
422 1049902 K 2 0 0 167 0 2 0 69 1049184 0 0 250 0 20 160 0 13 0 0 0 35
423 1047902 P 49 0 0 0 0 3 1 0 0 115 0 0 1047160 245 37 93 199 0 0 0 0
424 1048448 T 129 0 0 0 0 0 0 123 0 0 0 162 8 0 0 115 1047911 0 0 0 0
425 1051410 I 0 0 0 0 67 0 0 1050815 1 14 88 119 0 0 0 5 174 127 0 0 0
426 1041194 M 0 0 0 0 0 0 0 567 84 83 1040077 0 0 0 43 0 186 154 0 0 0
427 1038079 A 1036957 0 0 310 0 77 0 0 0 2 0 0 48 0 1 221 217 246 0 0 0
428 1020566 A 1019420 0 1 293 0 36 0 0 0 0 0 0 48 0 1 289 301 176 0 0 1
429 1007453 F 0 7 0 0 1006668 0 0 43 0 458 0 0 0 0 0 142 0 16 0 119 0
430 991677 T 169 0 1 0 0 0 0 93 0 0 0 259 16 0 1 120 991018 0 0 0 0
431 972491 G 31 0 0 137 0 971691 0 0 1 0 0 0 0 0 269 0 0 163 198 1 0
432 955278 N 1 1 150 0 0 0 8 74 57 0 0 954725 0 0 0 172 16 0 0 74 0
433 941337 T 178 0 0 0 1 0 0 188 272 0 0 0 6 0 42 108 940542 0 0 0 0
434 920438 E 15 0 275 919380 0 178 0 0 119 0 0 0 0 100 1 0 0 79 0 0 291
435 897656 G 54 0 0 222 0 896840 0 0 0 0 0 0 0 0 156 0 0 234 0 0 150
436 875514 R 0 0 0 0 0 157 0 254 124 0 1 0 0 0 874815 55 53 0 0 0 55
437 845022 T 141 0 0 0 0 0 0 102 153 0 0 0 13 0 30 59 844514 0 0 0 10
438 823273 S 8 0 0 0 0 1 0 0 0 95 0 0 115 0 0 822700 46 0 0 0 308
439 804005 D 9 0 803176 227 0 120 52 0 0 47 0 112 0 0 0 0 0 64 0 198 0
440 778860 M 0 0 0 0 0 0 0 384 50 70 778121 0 1 0 9 0 112 113 0 0 0
441 755729 R 0 0 0 0 0 181 0 0 125 0 249 0 0 0 754946 126 50 1 51 0 0
442 729573 A 728839 0 0 181 0 42 0 0 1 0 0 1 35 0 0 170 173 131 0 0 0
443 709696 E 3 0 47 709236 0 96 0 0 89 0 0 0 0 40 0 0 0 34 0 0 151
444 687163 I 0 0 0 0 18 0 0 686931 0 6 2 36 0 0 0 7 79 84 0 0 0
445 658458 I 0 0 0 0 0 0 0 658088 43 52 125 0 0 0 2 0 73 75 0 0 0
446 630883 R 0 0 0 1 0 129 0 0 89 0 202 1 0 0 630238 165 22 0 36 0 0
447 608907 M 0 0 0 0 0 0 0 309 38 58 608323 0 0 0 8 0 79 92 0 0 0
448 583660 M 0 0 0 0 0 0 0 299 73 82 582969 0 0 0 14 0 99 124 0 0 0
449 554155 E 1 0 47 553741 0 136 0 0 68 0 0 0 0 26 0 0 0 35 0 0 101
450 529339 G 15 165 77 2 0 528866 0 0 0 0 0 0 0 0 24 111 0 79 0 0 0
451 499065 A 498204 0 0 189 0 37 0 0 5 1 0 0 27 2 1 148 260 191 0 0 0
452 465791 K 0 0 0 68 0 0 0 14 465515 0 0 113 0 2 58 0 11 1 0 0 9
453 434209 P 5 0 0 0 0 0 0 0 0 54 0 0 433952 95 13 36 53 1 0 0 0
454 410388 E 3 0 32 410017 0 65 0 0 77 1 0 0 0 21 0 0 0 16 0 0 156
455 371219 E 4 0 31 370912 0 58 0 0 44 0 0 0 0 19 0 0 0 43 0 0 108
456 339612 M 0 3 0 0 0 0 0 103 39 16 339356 0 0 0 10 1 35 49 0 0 0
457 319466 S 1 16 0 0 35 0 0 0 0 0 0 0 73 0 0 319249 41 2 0 49 0
458 300804 F 0 5 0 0 300484 0 0 28 0 172 0 0 0 0 0 74 0 1 0 40 0
459 282940 Q 0 0 0 33 0 0 105 0 108 28 0 0 12 282462 152 0 0 0 0 0 40
460 263704 G 16 0 0 49 0 263546 0 0 0 0 0 0 0 0 16 0 0 71 6 0 0
461 248170 R 1 0 0 0 0 26 0 0 0 95 0 0 13 108 247847 0 0 0 80 0 0
462 234830 G 13 0 0 54 0 234534 0 0 0 0 0 0 0 0 81 0 0 50 0 0 98
463 208735 V 21 0 5 0 60 0 0 32 0 11 0 0 0 0 0 0 0 208606 0 0 0
464 607777 F 0 3 0 0 607297 1 0 35 0 266 0 0 1 0 0 105 0 16 0 53 0
465 620643 E 5 0 244 619925 0 90 0 0 123 0 0 0 0 36 0 0 1 22 0 0 197
466 657159 L 0 0 0 0 60 0 13 129 0 656818 1 0 114 0 7 0 0 17 0 0 0
467 703306 S 3 0 0 0 1 0 0 0 0 169 0 0 127 0 0 702841 20 0 24 0 121
468 738036 D 3 0 737358 104 0 172 39 0 0 0 0 107 0 0 0 0 0 53 0 200 0
469 796475 E 7 0 53 795751 0 137 0 0 139 0 0 0 0 42 0 0 1 53 0 0 292
470 839875 R 0 0 0 0 0 129 0 0 58 0 252 0 0 0 839192 180 33 0 31 0 0
471 891631 A 890865 0 0 163 0 38 0 0 0 0 0 0 25 0 1 199 124 216 0 0 0
472 945123 A 944094 0 0 165 0 29 0 0 1 0 0 0 47 0 0 279 274 234 0 0 0
473 982284 N 0 0 118 0 0 0 8 67 146 0 0 981710 0 0 0 159 10 0 0 66 0
474 1025033 P 28 0 0 0 0 0 0 0 1 209 0 0 1024299 225 30 80 161 0 0 0 0
475 1059157 I 0 0 0 0 78 0 0 1058653 0 5 33 112 0 0 0 2 123 151 0 0 0
476 1064131 V 208 0 0 68 0 6 0 0 0 279 298 0 0 1 1 0 0 1063270 0 0 0
477 1085683 P 38 0 0 0 0 0 150 0 0 113 0 0 1085041 0 29 149 163 0 0 0 0
478 1110696 S 6 46 0 0 97 0 0 0 0 0 0 0 159 0 0 1110218 59 0 0 111 0
479 1130976 F 0 8 0 0 1130564 0 0 28 0 209 0 0 1 0 0 106 0 11 0 49 0
480 1135842 D 22 0 1134492 279 6 220 103 0 1 0 0 254 0 0 0 2 0 153 0 310 0
481 1152120 M 1 0 0 0 0 0 0 683 75 108 1150900 0 0 0 9 0 150 194 0 0 0
482 1146389 S 0 109 0 0 0 181 0 270 1 0 0 161 0 0 129 1145503 35 0 0 0 0
483 1169033 N 0 0 140 0 0 0 4 87 127 0 0 1168516 0 0 0 107 7 0 0 45 0
484 1170443 E 12 0 93 1169368 0 134 0 0 173 0 0 0 0 122 0 0 1 126 0 0 414
485 1168602 G 55 0 0 108 0 1167607 0 0 0 1 0 0 0 0 277 1 0 274 0 0 279
486 1167436 S 1 33 0 0 69 0 0 0 0 0 0 0 154 0 0 1166957 89 0 0 132 1
487 1165360 Y 0 98 1 0 50 0 210 3 0 1 0 14 0 0 0 2 0 0 0 1164879 102
488 1158832 F 0 7 0 0 1158095 0 0 64 0 449 0 0 0 0 0 143 0 9 0 65 0
489 1160812 F 0 6 0 0 1160009 0 0 46 0 549 0 0 0 0 0 116 0 11 0 75 0
490 1157163 G 49 0 0 106 1 1156107 0 1 0 0 0 0 0 0 367 0 0 264 0 0 268
491 1157113 D 10 0 1155904 245 0 354 67 0 0 0 0 122 0 0 0 0 0 148 0 263 0
492 1154613 N 0 0 176 0 0 0 13 78 138 0 0 1153993 0 0 0 156 11 0 0 48 0
493 1154605 A 1152915 0 0 280 0 60 0 0 0 1 0 0 56 0 0 402 621 269 0 0 1
494 1152744 E 14 0 358 1151547 0 196 0 0 155 0 0 0 0 102 0 0 0 56 0 0 316
495 1148392 E 8 0 319 1147285 0 209 0 0 184 0 0 0 0 56 0 0 0 68 0 0 263
496 1102169 Y 1 238 9 0 95 0 184 0 0 0 0 84 0 0 0 3 0 0 0 1101343 212
497 1135953 D 12 0 1134531 245 0 271 65 1 1 0 0 368 0 0 0 0 0 166 0 293 0
498 1122067 N 0 0 152 0 0 1 13 68 96 2 0 1121515 0 1 10 149 8 1 0 50 1
