# nucleotide counts
# upper case indicates nucleotide called by both reads
# lower case indicates nucleotide called by one read with other ambiguous
# N indicates disagreement between reads, or both ambiguous
# POSITION WT COUNTS A T C G a t c g N
1 A 1577500 1567788 102 17 232 9133 18 2 4 204
2 T 1579336 141 1568260 225 27 6 10111 2 2 562
3 G 1580764 288 242 68 1569246 6 20 4 10536 354
4 G 1581451 150 201 38 1570337 1 9 1 10476 238
5 C 1583354 404 478 1570146 73 9 13 11555 11 665
6 G 1585371 354 250 58 1571679 6 10 9 12454 551
7 T 1587309 83 1573067 340 22 1 13133 7 7 649
8 C 1589517 209 212 1574117 90 4 9 14641 2 233
9 C 1591588 266 237 1575196 68 12 7 15456 1 345
10 C 1593701 347 261 1576433 71 7 13 16281 1 287
11 A 1596303 1578087 82 39 297 17438 9 12 4 335
12 A 1598775 1579435 84 27 308 18621 18 4 6 272
13 G 1600138 299 386 74 1580353 10 22 6 18730 258
14 G 1602033 243 258 65 1581453 2 11 3 19502 496
15 C 1605110 449 194 1583256 67 6 21 20930 6 181
16 A 1606931 1583548 108 18 338 21833 10 15 8 1053
17 C 1609144 178 171 1585852 29 7 8 22690 6 203
18 C 1612751 460 138 1587123 81 11 13 24732 2 191
19 A 1615817 1588201 62 27 186 27133 9 7 5 187
20 A 1618436 1590232 73 13 184 27623 9 5 4 293
21 A 1620220 1592331 75 56 218 27126 5 4 10 395
22 C 1622582 380 315 1593769 59 12 17 27770 2 258
23 G 1625123 282 289 43 1596407 9 22 16 27789 266
24 G 1628761 180 156 46 1599385 3 16 12 28710 253
25 T 1631940 86 1598923 245 9 3 30256 6 10 2402
26 C 1635340 443 136 1602659 129 7 23 31746 7 190
27 T 1638369 74 1603783 634 20 1 33613 22 1 221
28 T 1641632 45 1603645 501 19 1 37202 29 3 187
29 A 1646192 1604533 60 9 225 41141 23 6 9 186
30 T 1650532 190 1606130 242 16 8 43544 25 0 377
31 G 1652597 289 381 113 1605127 32 47 11 46243 354
32 A 1656519 1606445 129 14 296 49218 10 8 34 365
33 A 1659957 1608519 111 14 274 50666 14 3 7 349
34 C 1664373 437 244 1609667 86 26 14 53660 22 217
35 A 1669038 1609884 136 37 248 58417 24 8 29 255
36 G 1670634 238 437 93 1607989 19 50 17 61589 202
37 A 1674669 1607394 135 8 236 66584 13 1 22 276
38 T 1678362 131 1603971 194 14 49 71469 32 22 2480
39 G 1681769 318 245 85 1604319 37 32 17 76450 266
40 G 1684950 221 284 84 1602826 41 37 16 81173 268
41 A 1688975 1597108 97 15 289 90473 30 11 53 899
42 A 1692885 1594850 50 16 297 97282 13 27 32 318
43 A 1696136 1595866 96 51 205 99349 38 26 45 460
44 C 1699914 369 83 1595811 51 57 29 103245 30 239
45 T 1705118 78 1591440 332 16 35 112652 56 21 488
46 G 1706532 206 389 104 1587075 36 90 29 118397 206
47 A 1708730 1585499 122 14 349 122116 32 23 57 518
48 T 1712526 178 1584021 205 65 60 127683 24 31 259
49 G 1713705 276 367 74 1574083 50 116 21 138478 240
50 G 1713741 229 241 47 1567970 42 111 31 144819 251
51 G 1712685 370 236 51 1562402 87 96 18 149087 338
52 G 1711775 424 280 62 1554744 101 56 23 155798 287
53 A 1711590 1549878 86 12 376 160601 29 31 73 504
54 A 1709399 1545754 45 28 350 162676 25 39 47 435
55 C 1708520 286 390 1531683 49 66 69 175733 39 205
56 G 1704191 596 319 84 1522808 117 75 53 179748 391
57 C 1702794 234 140 1516752 36 61 43 185257 27 244
58 C 1710393 349 238 1506876 75 110 49 202315 43 338
59 A 1714503 1497042 143 3172 411 212910 46 438 98 243
60 G 1708662 124 395 93 1491200 85 107 22 216411 225
61 A 1706543 1479702 74 6 150 226218 37 11 68 277
62 A 1705972 1463128 103 36 239 242118 37 31 46 234
63 T 1707409 80 1449595 223 34 68 256866 57 46 440
64 G 1700241 359 349 66 1431980 131 127 32 266978 219
65 C 1697065 353 285 1410944 83 169 108 284839 62 222
66 A 1697188 1388098 76 9 290 308255 62 47 82 269
67 A 1691880 1370838 123 10 252 320054 70 27 108 398
68 C 1690929 362 85 1357922 62 243 65 331666 117 407
69 T 1689754 130 1357627 321 25 106 331137 112 39 257
70 G 1678239 301 354 86 1341449 167 199 56 335385 242
71 A 1673512 1326130 72 14 260 346457 133 61 139 246
72 G 1667777 197 331 70 1315107 140 187 99 351399 247
73 A 1659118 1293609 89 6 208 364596 90 85 113 322
74 T 1652797 89 1269423 161 11 110 382527 104 63 309
75 C 1646151 386 147 1244379 83 336 131 400340 128 221
76 A 1641584 1220765 127 23 273 419390 155 68 200 583
77 G 1624804 168 298 82 1202269 193 236 49 421285 224
78 A 1612760 1177250 42 7 212 434655 124 51 180 239
79 G 1597444 145 278 25 1149487 194 187 88 446766 274
80 C 1581550 382 198 1140748 50 347 145 439345 111 224
81 A 1568756 1109212 54 30 145 458789 91 61 156 218
82 T 1555713 98 1088213 179 13 123 466614 125 104 244
83 C 1543945 252 69 1077270 44 335 224 465384 131 236
84 C 1550822 263 244 1064931 61 589 190 484177 126 241
85 G 1537613 333 179 21 1051912 491 328 63 484023 263
86 T 1519678 94 1031018 119 9 206 487209 135 287 601
87 C 1511725 251 241 1018437 56 390 311 491363 291 385
88 G 1487477 329 213 39 1009938 351 287 196 475830 294
89 G 1461634 138 164 36 989081 171 186 46 471577 235
90 G 610297 84 95 18 475133 50 79 19 134739 80
91 A 601172 474097 39 3 101 126611 46 13 49 213
92 A 593730 466100 35 6 86 127238 55 16 44 150
93 G 590069 45 122 26 466649 61 69 28 122987 82
94 A 588394 464044 33 5 61 124058 26 7 36 124
95 T 592954 47 467908 51 8 30 124782 13 8 107
96 G 594976 65 154 36 477867 28 120 31 116599 76
97 A 597244 481574 31 3 81 115379 24 27 31 94
98 T 599080 43 484018 54 10 29 114777 30 8 111
99 T 601805 36 490738 84 3 29 110761 43 14 97
100 G 604033 97 133 33 497562 40 110 32 105936 90
101 A 608519 501371 57 3 100 106797 18 8 49 116
102 T 614099 52 512242 79 10 22 101535 28 11 120
103 G 617711 98 101 19 516129 42 70 17 101136 99
104 G 624222 58 121 19 522307 26 64 29 101498 100
105 A 627926 526737 36 10 118 100831 34 7 29 124
106 A 632547 538341 22 7 103 93907 20 11 26 110
107 T 635142 31 546911 55 7 12 87970 23 14 119
108 T 643094 41 550100 75 5 25 92717 15 10 106
109 G 649279 77 147 26 559915 23 111 19 88826 135
110 G 653699 68 96 35 570316 20 32 18 83022 92
111 A 659510 576644 48 10 199 82317 19 17 40 216
112 C 669815 122 147 583653 27 36 57 85582 20 171
113 G 679160 110 163 29 590003 39 69 21 88621 105
114 A 686644 598091 42 2 72 88261 26 5 13 132
115 T 694004 34 602831 92 7 14 90835 20 17 154
116 T 698995 44 608404 73 4 20 90273 21 10 146
117 C 702845 198 55 614567 47 33 35 87777 19 114
118 T 712644 44 622744 191 3 20 89472 40 13 117
119 A 720261 629762 70 7 114 89980 41 13 34 240
120 C 728052 157 106 637744 24 34 40 89843 13 91
121 A 738157 643188 46 6 74 94646 15 19 13 150
122 T 744671 53 648623 105 11 27 95628 31 18 175
123 C 752731 160 64 657166 24 49 32 95084 17 135
124 C 761713 160 80 663680 29 67 43 97470 13 171
125 A 770859 669933 39 5 83 100585 28 14 24 148
126 A 777806 675769 23 10 89 101691 20 21 17 166
127 A 787460 686435 42 9 79 100696 18 15 16 150
128 T 794674 45 696834 66 6 20 97537 21 9 136
129 G 799352 119 156 27 706708 35 70 22 92100 115
130 T 806829 94 714334 107 10 33 91835 27 17 372
131 G 814100 124 216 47 722129 30 70 20 91329 135
132 C 822689 184 205 726676 40 43 41 95318 8 174
133 A 828940 735046 78 14 127 93325 41 20 23 266
134 C 834367 179 85 739941 31 45 22 93917 12 135
135 T 839859 42 746177 152 9 16 93256 35 11 161
136 G 841987 126 207 44 752679 31 61 27 88687 125
137 A 849558 757758 28 6 103 91444 21 14 14 170
138 A 856010 764422 65 11 149 91000 24 9 35 295
139 C 862021 148 59 771761 19 43 37 89807 6 141
140 T 870182 20 780290 115 8 16 89539 31 7 156
141 T 876936 86 785982 205 2 26 90448 33 7 147
142 A 882362 789734 65 6 105 92219 44 10 17 162
143 A 889600 794506 28 8 95 94692 15 10 33 213
144 A 894830 796971 39 31 122 97309 32 19 32 275
145 C 901887 121 74 802514 21 40 26 98909 15 167
146 T 907557 28 805097 131 5 17 102038 29 9 203
147 C 913936 217 93 809728 39 53 37 103587 22 160
148 A 920551 814611 53 16 240 105392 23 12 37 167
149 G 925437 65 152 19 819347 34 43 10 105640 127
150 T 931986 104 825365 169 10 30 105792 41 23 452
151 G 939028 77 236 43 829363 29 90 23 109036 131
152 A 944164 837833 69 4 166 105881 14 14 23 160
153 T 948377 68 840650 116 6 28 107300 26 14 169
154 T 956333 11 847242 151 8 24 108672 46 17 162
155 A 963062 854367 48 5 108 108314 38 7 31 144
156 T 968672 94 860558 120 18 44 107620 30 16 172
157 G 972098 110 246 57 868046 41 76 27 103349 146
158 A 976656 873432 61 11 229 102568 67 10 70 208
159 G 978822 135 189 28 875528 40 101 16 102606 179
160 G 981316 201 156 33 880639 36 89 19 99899 244
161 G 983267 163 108 37 885662 40 67 35 96913 242
162 G 985194 137 152 22 891708 64 68 15 92861 167
163 C 991372 267 250 894972 92 97 90 95327 33 244
164 G 997460 230 220 47 893710 106 67 30 102891 159
165 A 1001003 898360 136 11 127 101929 41 30 65 304
166 C 1006871 80 135 903738 30 40 45 102595 29 179
167 T 1014462 64 905989 193 13 29 107944 40 11 179
168 G 1016802 150 239 50 907951 53 79 30 108094 156
169 A 1022991 913018 85 4 147 109497 23 9 35 173
170 T 1027393 94 918984 155 7 35 107802 25 86 205
171 C 1034766 209 117 926486 33 83 61 107529 17 231
172 C 1040405 180 128 927953 43 166 74 111612 23 226
173 A 1045276 932590 55 18 196 112041 97 43 62 174
174 G 1045690 177 262 42 931578 102 99 15 113260 155
175 A 1053166 932635 68 2 133 120012 25 14 55 222
176 A 1056232 931092 72 9 140 124530 43 16 59 271
177 C 1059635 205 124 929299 34 58 97 129590 46 182
178 A 1062040 932275 43 7 116 129309 65 19 40 166
179 G 1061075 89 282 37 938332 34 97 47 121999 158
180 C 1063533 273 82 938403 20 84 45 124408 45 173
181 T 1071988 62 943441 167 13 48 127946 52 11 248
182 T 1077812 116 952416 177 12 174 124573 101 20 223
183 A 1082479 955635 80 10 131 126236 141 25 32 189
184 A 1087588 960103 74 8 116 126902 40 24 120 201
185 C 1092935 189 101 961920 35 226 45 130196 23 200
186 A 1099071 965271 64 14 129 133270 36 13 96 178
187 A 1098568 967297 62 7 113 130763 72 13 75 166
188 T 1102457 68 973373 154 3 88 128464 84 20 203
189 A 1105121 973288 76 6 188 131242 72 10 47 192
190 G 1105275 90 295 86 979043 38 115 32 125377 199
191 A 1107715 980900 64 17 177 126251 45 12 61 188
192 G 1107538 99 257 57 985730 57 56 24 121096 162
193 A 1110873 985013 80 3 165 125278 42 17 31 244
194 G 1111053 125 268 56 984558 50 69 12 125732 183
195 A 1110883 988858 67 1 173 121479 23 6 44 232
196 A 1114283 993760 64 13 143 120022 11 7 42 221
197 T 1116543 106 994297 104 9 40 121709 21 17 240
198 G 1115133 132 313 53 994182 35 121 18 120015 264
199 G 1117588 199 129 39 991651 54 34 14 125241 227
200 T 1121878 160 992174 166 23 39 128145 40 80 1051
201 G 1129607 225 288 49 997442 55 66 23 131274 185
202 C 1135667 249 91 999906 41 50 32 135090 23 185
203 T 1141832 64 1000031 167 17 39 141178 47 15 274
204 C 1148258 189 123 1006921 52 73 34 140640 20 206
205 T 1149676 76 1002703 184 12 68 146377 52 13 191
206 C 1149136 204 75 1000756 71 73 37 147746 30 144
207 T 1152621 96 996637 227 15 79 155294 69 18 186
208 G 1144528 325 287 44 992698 163 109 28 150726 148
209 C 1146923 282 112 989520 40 88 118 156505 58 200
210 T 1154416 25 990962 181 13 31 162874 85 24 221
211 T 1155947 36 990062 129 16 48 165259 49 102 246
212 T 1158544 38 990495 123 8 46 167498 54 24 258
213 T 1159199 42 985282 174 5 41 173326 53 67 209
214 G 1153127 148 247 75 981346 152 90 35 170857 177
215 A 1146636 977437 99 5 212 168457 41 54 82 249
216 C 1146997 175 438 975672 26 82 165 170072 122 245
217 G 1145592 312 284 64 975825 121 110 91 168617 168
218 A 1146949 978450 66 9 158 167877 78 12 52 247
219 A 1147596 976896 38 11 199 170087 21 10 92 242
220 A 1148770 977293 56 16 166 170864 76 15 65 219
221 G 1144619 134 252 70 978791 80 80 26 165032 154
222 A 1145867 981706 68 6 186 163561 52 6 51 231
223 A 1144569 981612 61 26 129 162454 40 17 50 180
224 G 1142665 112 207 46 983080 50 130 28 158802 210
225 G 1136466 130 226 54 981372 71 71 29 154326 187
226 A 1131289 977486 79 8 184 153200 41 10 57 224
227 A 1133784 975476 61 22 149 157789 43 9 46 189
228 T 1132326 105 975952 226 4 111 155591 63 15 259
229 A 1132660 973758 35 7 162 158392 36 32 41 197
230 A 1130574 972379 60 4 156 157695 27 26 34 193
231 A 1123334 969233 68 18 114 153626 37 34 28 176
232 T 1121347 66 965111 175 5 56 155600 50 37 247
233 A 1121263 970117 55 8 119 150658 61 37 29 179
234 T 1114902 88 972248 116 6 46 142119 38 39 202
235 C 1114328 245 63 975937 43 87 67 137700 22 164
236 T 1117322 103 968575 214 16 43 148086 58 30 197
237 G 1109679 214 213 47 966109 67 134 19 142658 218
238 G 1108444 114 233 56 964480 102 72 18 143168 201
239 A 1107102 960197 46 6 158 146328 35 20 81 231
240 A 1106461 958799 72 17 184 147012 73 8 89 207
241 G 1103914 144 242 58 959348 101 84 34 143685 218
242 A 1100759 958791 65 1 163 141384 66 15 46 228
243 A 1101725 957452 101 18 149 143602 20 57 55 271
244 C 1101607 191 131 956094 31 83 55 144800 30 192
245 A 1105406 956418 75 9 119 148445 64 34 35 207
246 T 1104422 73 954415 180 14 46 149350 53 25 266
247 C 1105710 221 86 951841 45 89 54 153169 8 197
248 C 1107416 168 107 951349 53 98 42 155329 23 247
249 C 1113524 235 142 952940 45 133 61 159702 22 244
250 A 1118980 956411 19 25 211 162010 18 44 60 182
251 G 1112481 153 241 26 960840 71 56 35 150846 213
252 C 1107591 289 232 958965 49 92 64 147627 58 215
253 G 1104799 331 252 44 955847 76 85 50 147918 196
254 C 1102119 232 150 955967 67 62 105 145104 113 319
255 G 1102078 242 264 42 959049 68 122 35 142079 177
256 G 1099595 141 183 38 953969 33 126 17 144900 188
257 G 1098482 166 162 41 955147 39 85 29 142596 217
258 G 1095210 137 220 42 953952 82 64 25 140521 167
259 A 1096672 956283 85 3 233 139702 52 12 68 234
260 A 1096464 962947 74 11 179 132544 413 15 80 201
261 G 1095177 136 284 33 963701 42 90 15 130695 181
262 G 1090639 137 203 38 963106 64 423 14 126454 200
263 A 1087607 962226 76 12 117 124527 401 5 32 211
264 T 1084969 108 962826 210 8 31 121090 396 11 289
265 C 1082109 174 102 962170 40 56 373 118895 24 275
266 C 1087196 242 112 958324 42 109 324 127783 15 245
267 T 1094210 65 960607 433 11 69 132560 260 14 191
268 A 1093317 961478 16 7 138 131255 28 166 32 197
269 A 1092511 963865 33 16 129 128190 28 9 45 196
270 G 1090212 123 86 33 965741 124 36 20 123789 260
271 A 1088321 966205 32 4 129 121711 11 8 29 192
272 A 1089376 964067 35 4 131 124799 69 16 31 224
273 A 1086418 960760 26 12 127 125283 7 7 22 174
274 A 1083130 961311 53 40 117 121087 36 40 35 411
275 C 1082811 154 47 960581 28 53 25 121736 16 171
276 T 1083425 48 957516 157 15 20 125347 46 23 253
277 G 1079540 173 204 63 957419 36 93 21 121349 182
278 G 1079753 97 102 48 960201 35 65 14 118993 198
279 A 1084287 962368 66 6 259 121258 37 2 74 217
280 G 1083243 111 151 24 962718 53 26 12 119937 211
281 G 1081697 124 186 42 962962 43 54 15 118040 231
282 A 1079798 960635 80 23 167 118001 34 59 68 731
283 C 1081890 96 126 960521 32 39 47 120763 8 258
284 C 1084661 184 98 960541 26 49 47 123490 7 219
285 C 1085621 217 163 956253 35 107 37 128535 25 249
286 A 1088588 955192 87 21 131 132862 38 16 31 210
287 T 1085632 101 953607 129 7 41 131508 20 13 206
288 A 1081639 952361 68 17 109 128858 25 8 19 174
289 T 1082726 86 950585 185 11 44 131603 37 5 170
290 A 1080373 948904 141 7 137 130774 29 22 20 339
291 C 1080314 218 126 949908 30 115 25 129593 22 277
292 A 1082480 947829 70 15 198 134105 16 5 35 207
293 A 1083840 946326 66 16 154 136960 48 17 40 213
294 G 1083139 140 286 45 946146 52 67 23 136206 174
295 A 1081285 942207 70 6 168 138516 44 8 45 221
296 G 1076680 112 179 44 939208 36 58 21 136827 195
297 A 1075470 938670 58 7 176 136217 32 9 42 259
298 G 1073500 146 194 27 938741 32 39 13 134138 170
299 T 1074715 133 940001 145 11 204 131715 45 110 2351
300 A 1076220 942210 88 15 204 133441 35 3 30 194
301 G 1074873 131 265 68 944195 53 76 20 129836 229
302 A 1074898 945402 80 13 138 129017 22 4 28 194
303 T 1077383 100 945326 161 13 64 131399 41 13 266
304 A 1079030 944437 43 6 158 134147 36 11 36 156
305 G 1074966 130 163 38 942159 57 52 19 132168 180
306 A 1075428 942688 48 7 154 132296 20 6 38 171
307 A 1078519 947127 48 11 142 130916 25 2 29 219
308 A 1078526 949922 31 7 172 128125 25 13 42 189
309 G 1080380 172 192 27 947920 42 45 31 131729 222
310 T 1082931 103 947287 107 9 115 133704 35 148 1423
311 G 1082767 178 225 50 945757 49 86 35 136133 254
312 G 1081259 103 222 39 946672 29 66 23 133805 300
313 A 1081086 945727 69 9 184 134802 19 9 48 219
314 T 1077041 109 945889 159 20 32 130480 35 26 291
315 G 1076789 190 261 93 948752 54 94 26 127150 169
316 A 1076921 941725 86 12 213 134455 82 9 61 278
317 G 1070405 146 228 42 935113 37 119 20 134533 167
318 G 1067928 165 103 32 934926 52 74 14 132176 386
319 G 1062024 504 197 55 932614 89 74 20 127943 528
320 A 1061439 929584 64 5 173 131308 29 13 30 233
321 A 1058814 929064 70 19 148 128244 34 87 39 1109
322 C 1054842 141 85 928784 22 51 33 125544 12 170
323 T 1054155 86 927231 149 2 37 126277 42 11 320
324 C 1056964 270 138 927933 42 76 57 128209 26 213
325 G 1055688 263 144 22 926489 120 61 45 128367 177
326 T 1057370 89 924512 158 5 51 132100 62 37 356
327 C 1059990 176 60 920654 42 64 48 138724 32 190
328 C 1063438 240 71 919075 41 88 58 143579 7 279
329 T 1064998 35 918352 133 9 81 146164 57 11 156
330 T 1062075 47 915867 84 5 65 145731 67 11 198
331 T 1058481 22 913927 151 3 39 144112 34 13 180
332 A 1054055 908594 78 1 143 144937 90 13 27 172
333 T 1051229 99 902422 137 4 41 148300 25 20 181
334 G 1045929 325 218 71 897848 107 114 61 146998 187
335 A 1043751 895678 137 12 191 147237 77 27 57 335
336 C 1045989 192 128 891854 34 231 62 153116 42 330
337 A 1051130 890548 40 9 120 160136 39 19 25 194
338 A 1049077 884844 55 5 107 163827 22 16 23 178
339 A 1053323 885717 50 7 255 166965 46 17 77 189
340 G 1054784 133 193 71 893186 133 78 31 160704 255
341 A 1054962 898067 54 2 128 156469 22 8 33 179
342 A 1058624 902947 63 19 179 155155 26 8 61 166
343 G 1053218 106 205 40 907510 90 67 23 144911 266
344 A 1052971 902854 51 1 137 149661 31 8 35 193
345 A 1049623 897475 51 8 140 151717 15 9 31 177
346 A 1049118 897447 48 4 119 151245 36 9 29 181
347 T 1047602 64 891806 137 6 92 155140 40 18 299
348 A 1054452 895760 12 3 155 158294 35 3 44 146
349 A 1057026 898871 71 18 135 157595 46 10 56 224
350 G 1053012 109 236 42 901398 39 76 18 150896 198
351 G 1047920 101 149 26 902107 39 40 21 145221 216
352 C 1046777 210 178 905488 51 79 67 140356 55 293
353 G 1045151 203 240 29 903526 85 69 20 140741 238
354 A 1044867 906938 68 6 117 137488 38 16 31 165
355 A 1044664 904945 31 11 135 139219 28 22 48 225
356 T 1046573 58 906874 134 3 44 139175 42 19 224
357 C 1045060 294 60 909810 43 80 57 134468 32 216
358 T 1050868 60 909898 187 15 56 140292 41 44 275
359 G 1048540 163 167 34 912021 52 85 17 135813 188
360 G 1045476 139 171 21 912716 52 57 19 132043 258
361 C 1049912 246 271 913915 64 45 83 134935 41 312
362 G 1047819 263 202 49 914653 55 61 52 132196 288
363 C 1046221 185 75 916701 36 44 32 128934 23 191
364 C 1053878 195 134 917789 50 126 43 135057 20 464
365 A 1054167 912728 57 20 122 140990 19 19 36 176
366 A 1053777 910831 56 17 109 142480 23 9 30 222
367 G 1051041 180 294 37 912872 53 57 28 137353 167
368 C 1045982 168 119 915215 33 42 29 130176 21 179
369 C 1045387 164 146 915831 23 77 34 128875 12 225
370 A 1047796 916423 14 14 151 130950 20 25 28 171
371 A 1053977 918999 67 7 98 134540 26 23 28 189
372 T 1053820 115 920057 183 1 71 133169 39 9 176
373 A 1056890 925010 56 5 122 131425 49 13 36 174
374 A 1057940 925349 57 12 111 132133 26 29 17 206
375 T 1062784 42 926826 128 9 42 135539 27 14 157
376 G 1061477 153 272 45 923748 49 108 33 136906 163
377 G 1059941 149 97 32 922421 68 43 18 136922 191
378 T 1060255 98 924005 167 12 73 134312 42 106 1440
379 G 1059301 150 278 60 929200 36 90 42 129275 170
380 A 1058563 929992 76 5 146 128069 28 18 54 175
381 T 1058810 104 930339 137 9 34 127921 22 29 215
382 G 1059270 157 267 75 930157 77 81 25 128284 147
383 A 1058256 934168 103 6 161 123529 51 10 41 187
384 T 1058782 97 933652 178 17 43 124494 66 18 217
385 G 1059742 237 235 44 936263 78 72 18 122631 164
386 C 1059414 233 149 937509 45 93 89 121061 29 206
387 A 1063505 940655 40 9 199 122296 54 10 41 201
388 A 1065410 944487 70 13 130 120316 32 51 25 286
389 C 1066618 267 86 947270 32 130 39 118555 17 222
390 A 1069167 946472 42 18 115 122294 11 13 31 171
391 G 1071401 132 310 32 950028 65 83 11 120575 165
392 C 1070486 323 60 949080 29 58 65 120686 18 167
393 T 1070772 59 947735 143 15 25 122518 35 14 228
394 G 1069373 121 235 25 943161 49 81 11 125512 178
395 G 1060276 113 135 27 938781 40 42 14 120951 173
396 T 1056964 90 935831 150 9 38 120322 33 22 469
397 C 1055430 225 84 931268 52 67 41 123527 20 146
398 T 1056457 48 929614 240 8 47 126277 40 5 178
399 G 1049716 171 250 58 927070 39 62 21 121898 147
400 A 1047364 927328 100 18 159 119402 40 14 28 275
401 C 1051796 202 119 927120 35 51 18 124077 18 156
402 T 1053140 106 927176 229 7 31 125361 31 11 188
403 C 1054301 264 103 924994 58 78 36 128600 15 153
404 A 1056297 926453 87 24 169 129157 33 23 41 310
405 C 1058008 221 137 931736 47 67 44 125577 19 160
406 A 1063182 932628 47 20 164 130120 11 16 26 150
407 T 1066646 67 934666 146 13 27 131512 24 14 177
408 G 1065367 144 290 64 940382 48 97 39 124143 160
409 A 1064040 942186 69 7 169 121354 19 15 34 187
410 T 1064912 85 939147 122 4 32 125299 36 10 177
411 G 1065347 139 236 51 940035 64 82 18 124539 183
412 A 1067081 941670 74 9 137 124935 37 17 19 183
413 T 1064361 74 942175 118 5 16 121768 18 15 172
414 C 1064542 277 77 938131 59 74 18 125719 21 166
415 T 1066630 68 937250 288 28 61 128715 52 13 155
416 G 1058454 161 202 46 936443 43 87 22 121253 197
417 G 1054601 150 200 43 937004 27 30 29 116932 186
418 C 1055677 261 171 936746 51 55 32 118143 20 198
419 A 1057224 935575 46 12 148 121194 24 4 22 199
420 T 1059218 37 937351 163 15 8 121432 28 3 181
421 T 1059630 45 939543 174 2 17 119594 52 17 186
422 C 1058448 231 101 939895 51 64 34 117848 11 213
423 C 1059717 209 142 938034 42 87 42 120916 28 217
424 A 1062448 936323 54 11 142 125672 19 12 23 192
425 A 1061318 936254 44 12 88 124661 20 13 35 191
426 T 1059649 46 934305 115 9 18 124896 37 10 213
427 T 1063049 57 935165 137 11 23 127384 32 12 228
428 T 1065437 51 933594 171 10 25 131309 42 17 218
429 G 1064510 160 271 53 933543 40 108 34 130093 208
430 A 1066150 937858 79 3 168 127765 30 7 28 212
431 A 1064900 935980 43 17 160 128430 14 13 44 199
432 T 1064275 103 931835 145 8 25 131918 34 16 191
433 G 1059399 105 278 60 931598 54 115 33 126978 178
434 A 1055890 933212 95 11 127 122207 20 12 27 179
435 T 1055931 67 929897 136 4 29 125585 34 13 166
436 A 1055943 925555 115 3 210 129693 46 12 43 266
437 C 1056338 217 129 925203 34 97 49 130412 33 164
438 A 1061052 926964 25 16 166 133620 29 26 36 170
439 A 1059746 927432 84 8 161 131713 27 18 29 274
440 C 1059581 259 85 927997 34 69 76 130876 21 164
441 A 1059278 924851 55 13 98 133989 27 9 81 155
442 T 1053297 38 919258 142 8 29 133527 94 16 185
443 A 1052733 918435 85 10 116 133062 34 131 40 820
444 C 1055679 127 91 919784 41 50 36 135271 106 173
445 C 1057094 215 119 917646 44 100 40 138631 115 184
446 A 1066448 921358 62 15 197 144433 141 10 50 182
447 G 1066868 142 265 83 924265 52 90 25 141811 135
448 A 1069483 919173 42 8 117 149735 30 124 36 218
449 G 1067230 134 211 46 916667 56 101 26 149794 195
450 G 1062459 150 180 40 916256 170 60 31 145398 174
451 A 1063791 915606 109 14 158 147381 48 25 55 395
452 C 1064012 167 125 916499 38 83 55 146827 26 192
453 A 1067169 916680 72 12 152 149930 27 27 48 221
454 A 1062411 915368 70 18 168 146460 44 24 53 206
455 G 1064359 136 120 30 918338 103 72 15 145250 295
456 A 1061640 920864 30 8 148 140267 27 15 53 228
457 G 1058231 120 253 28 923467 43 70 22 134062 166
458 C 1061118 247 73 923003 33 57 27 137468 26 184
459 T 1065180 33 925722 134 6 24 138995 53 12 201
460 C 1066590 162 77 930001 57 58 67 135873 26 269
461 T 1066684 60 933798 141 5 46 132414 36 11 173
462 T 1072201 64 934310 124 18 29 137367 36 43 210
463 G 1071607 125 188 41 932499 35 92 29 138431 167
464 T 1069679 109 928689 161 16 42 140326 37 18 281
465 T 1068145 80 926109 144 11 70 141322 165 22 222
466 C 1066352 255 230 924478 56 91 102 140917 25 198
467 G 1070545 296 200 28 929526 100 192 9 139955 239
468 C 1073391 225 141 939241 34 57 85 133410 16 182
469 A 1075978 939549 73 19 145 134771 181 84 57 1099
470 C 1078865 104 202 938608 43 39 37 139501 155 176
471 C 1082388 304 246 937773 60 96 116 143499 107 187
472 G 1084592 372 202 39 936288 141 168 20 147124 238
473 G 1083213 300 172 46 941106 122 81 25 141145 216
474 C 1083478 278 147 939048 48 66 102 143606 29 154
475 A 1078777 936437 77 15 188 141781 27 17 65 170
476 T 1079052 27 936035 134 15 23 142577 28 28 185
477 G 1074974 196 246 40 933914 52 92 22 140203 209
478 G 1069500 153 198 28 937067 59 55 27 131716 197
479 A 1071953 939430 39 11 176 131981 28 21 47 220
480 T 1073215 87 941373 169 10 45 131194 44 27 266
481 C 1073277 196 126 941079 32 75 42 131502 18 207
482 C 1076086 175 102 943736 35 71 45 131624 23 275
483 C 1076764 222 142 942711 36 107 56 133227 30 233
484 A 1083942 947031 40 28 211 136294 30 21 55 232
485 G 1084343 91 253 45 949190 45 82 23 134413 201
486 G 1082758 109 218 31 950569 51 66 20 131517 177
487 A 1081155 947710 75 12 209 132824 35 12 37 241
488 T 1083814 55 949794 93 12 30 133559 20 27 224
489 G 1081833 167 226 35 952035 55 56 23 129020 216
490 T 1081929 104 952560 140 17 47 128470 36 42 513
491 G 1080447 303 252 31 949825 85 69 16 129692 174
492 C 1080132 258 96 946227 33 54 30 133202 38 194
493 T 1085444 58 943840 171 16 27 140961 62 70 239
494 C 1088134 213 88 940923 68 155 34 146260 29 364
495 T 1091139 57 940024 157 7 102 150497 46 59 190
496 C 1092485 258 66 939674 65 118 46 152041 34 183
497 T 1095324 81 941896 218 14 121 152644 79 68 203
498 G 1090696 122 237 69 944871 100 85 97 144954 161
499 A 1090782 947365 92 10 134 142700 62 72 134 213
500 T 1095668 82 952675 154 17 69 142333 81 16 241
501 G 1097808 258 265 54 951258 134 69 50 145545 175
502 C 1099718 262 201 956593 49 72 153 142192 18 178
503 A 1100471 957308 55 19 289 142357 67 21 114 241
504 G 1095851 100 255 36 957837 55 136 41 137226 165
505 G 1090630 122 160 23 954618 48 110 50 135269 230
506 G 1092190 107 131 37 954822 23 91 38 136745 196
507 T 1091947 39 956976 193 16 46 133762 98 93 724
508 T 1087909 84 958270 106 2 56 129104 71 20 196
509 C 1090162 204 243 962320 37 116 162 126919 22 139
510 G 1091958 289 243 46 961140 152 71 53 129751 213
511 A 1092737 961072 125 1 150 130429 43 49 67 801
512 C 1096891 202 73 966896 40 85 33 129403 14 145
513 T 1100214 48 966086 186 8 23 133469 59 36 299
514 C 1097806 259 67 963697 52 64 19 133482 13 153
515 T 1099352 82 962115 195 3 93 136515 55 23 271
516 C 1102205 220 203 962356 43 41 47 139037 24 234
517 C 1109270 201 111 965014 33 114 54 143489 18 236
518 C 1113293 289 87 968609 42 112 30 143903 27 194
519 T 1116256 65 967989 117 15 63 147795 43 11 158
520 A 1114572 960146 61 8 152 153900 54 23 36 192
521 G 1112270 93 241 63 960132 39 69 54 151376 203
522 G 1112190 101 140 44 962377 68 56 27 149181 196
523 A 1111441 960069 47 4 191 150773 28 19 43 267
524 G 1113683 65 205 27 962402 38 69 67 150648 162
525 G 1113238 113 113 21 964519 38 97 21 148164 152
526 T 1117020 68 967217 126 11 49 148370 148 107 924
527 C 1119212 146 68 971042 47 58 36 147601 22 192
528 T 1125646 56 979010 341 15 25 145898 74 23 204
529 G 1126985 160 144 52 981317 51 171 20 144890 180
530 G 1129930 110 139 38 986357 41 137 18 142882 208
531 A 1131470 992327 42 4 186 138488 32 20 141 230
532 G 1132623 127 313 32 996199 104 75 23 135603 147
533 C 1136762 271 91 1001940 24 65 34 134122 17 198
534 T 1142893 28 1010034 212 18 16 132275 47 14 249
535 G 1142307 303 256 34 1015140 74 68 15 126246 171
536 C 1144029 244 180 1012406 47 64 62 130825 22 179
537 A 1146998 1011777 83 58 440 134288 60 19 77 196
538 G 1145870 103 157 41 1015476 44 57 23 129804 165
539 G 1144192 119 174 17 1014583 52 43 23 129000 181
540 C 1143911 280 204 1011452 55 56 60 131488 36 280
541 G 1147643 309 255 34 1011073 57 70 25 135655 165
542 C 1149907 96 74 1012218 9 45 25 137212 22 206
543 T 1154958 42 1016852 280 26 26 137424 57 14 237
544 G 1155257 291 253 40 1014129 79 85 16 140201 163
545 C 1159291 269 366 1013274 44 53 64 144976 29 216
546 A 1166448 1015784 65 14 225 150043 32 23 34 228
547 G 1168949 115 231 33 1016328 36 82 28 151951 145
548 T 1169953 79 1018017 145 11 53 151183 145 28 292
549 C 1173664 249 161 1022569 63 72 162 150130 19 239
550 A 1177233 1021708 88 6 156 154848 18 158 28 223
551 A 1182157 1028497 63 14 135 152992 60 106 39 251
552 A 1183687 1033377 47 58 372 149457 34 35 82 225
553 G 1185226 118 191 44 1029296 35 77 50 155231 184
554 G 1182766 116 221 32 1025684 120 66 33 156305 189
555 A 1184590 1027827 94 4 204 155988 27 75 75 296
556 G 1181182 188 192 30 1028811 53 59 62 151648 139
557 T 1178460 77 1030984 123 10 47 146211 59 73 876
558 T 1185886 62 1040500 141 14 32 144793 65 35 244
559 G 1185874 172 281 37 1041365 57 118 46 143584 214
560 G 1184897 171 179 51 1044079 53 97 38 139977 252
561 G 1184555 218 196 45 1047482 82 62 24 136232 214
562 A 1184477 1044776 138 14 246 138822 46 20 52 363
563 C 1186448 198 169 1045575 54 70 62 140069 34 217
564 A 1187897 1046020 79 20 159 141280 31 15 43 250
565 A 1188954 1049123 74 8 135 139282 36 10 44 242
566 T 1193297 93 1055468 122 14 30 137344 20 22 184
567 G 1192402 179 256 47 1058415 45 109 33 133121 197
568 G 1188806 160 142 32 1057794 46 38 14 130399 181
569 T 1188404 127 1053624 152 30 68 131909 43 240 2211
570 G 1187293 179 309 67 1057328 40 100 35 129031 204
571 A 1186705 1055337 112 12 156 130761 24 36 34 233
572 T 1186480 102 1053925 149 14 35 132009 34 17 195
573 G 1187282 206 214 56 1054203 67 93 34 132225 184
574 G 1183806 132 245 38 1048802 59 65 36 134216 213
575 A 1184146 1045866 97 15 272 137466 30 10 95 295
576 G 1184977 181 204 27 1045963 44 74 24 138294 166
577 T 1184942 75 1049633 121 13 39 134188 42 71 760
578 T 1186950 44 1050462 164 4 20 136005 35 12 204
579 G 1184956 188 292 74 1053783 56 100 35 130257 171
580 A 1185621 1055438 110 11 187 129540 24 24 42 245
581 T 1188039 42 1053134 167 8 56 134376 37 31 188
582 A 1191215 1048214 24 9 196 142453 34 16 46 223
583 A 1194595 1048621 75 19 149 145410 53 25 43 200
584 G 1196243 131 302 44 1051683 45 173 40 143634 191
585 G 1193516 170 232 37 1050346 57 66 34 142381 193
586 A 1195302 1051460 84 5 187 143271 44 18 37 196
587 T 1199667 94 1054298 131 5 20 144811 44 20 244
588 G 1197505 175 272 58 1054710 53 106 29 141930 172
589 A 1197716 1054820 84 6 175 142348 21 9 43 210
590 T 1196987 144 1054429 186 7 49 141787 48 9 328
591 C 1196426 295 95 1051911 69 117 53 143654 29 203
592 A 1201680 1052793 24 7 161 148423 9 16 43 204
593 A 1201083 1054032 17 9 147 146565 15 10 19 269
594 A 1197360 1050279 48 57 128 146438 19 59 33 299
595 C 1196872 258 162 1048946 41 80 62 147048 48 227
596 G 1193963 250 228 41 1050724 41 87 62 142367 163
597 T 1196887 62 1055285 123 32 37 140676 58 67 547
598 G 1195214 287 255 33 1054648 83 126 32 139549 201
599 G 1194769 149 190 34 1054136 44 137 27 139800 252
600 G 1194568 166 230 34 1051853 60 56 50 141927 192
601 A 1197009 1054366 123 5 234 141927 34 13 60 247
602 T 1196625 67 1053687 170 6 25 142320 63 12 275
603 C 1190904 234 139 1047090 67 114 71 142965 24 200
604 A 1189842 1048118 53 12 215 141115 34 29 37 229
605 A 1191845 1045308 49 10 148 146013 67 11 30 209
606 T 1192987 84 1044692 138 6 27 147789 49 17 185
607 G 1195368 152 319 63 1049106 46 92 58 145387 145
608 A 1192095 1050257 111 11 137 141264 53 11 35 216
609 T 1189363 94 1046689 122 10 23 142171 28 12 214
610 C 1190240 253 215 1048850 33 111 112 140423 32 211
611 G 1193800 297 211 51 1049530 96 148 21 143262 184
612 G 1189246 204 163 42 1048678 44 57 34 139818 206
613 A 1189512 1047377 40 3 167 141558 23 16 50 278
614 A 1193670 1042704 44 12 239 150155 24 24 43 425
615 C 1196038 109 69 1039566 11 38 30 156014 16 185
616 T 1196561 32 1039370 155 13 15 156691 33 20 232
617 T 1192019 46 1036660 123 5 14 154900 37 9 225
618 C 1190403 211 86 1037843 56 67 39 151860 24 217
619 T 1190424 94 1029955 276 10 47 159784 42 16 200
620 G 1186782 169 242 57 1029150 56 151 27 156739 191
621 G 1181783 144 209 58 1027626 50 83 12 153429 172
622 A 1180778 1025531 101 8 274 154455 44 11 78 276
623 G 1181883 102 272 65 1024337 48 94 12 156813 140
624 A 1180157 1020507 74 10 247 158889 37 14 89 290
625 G 1179810 137 209 38 1025844 39 64 14 153286 179
626 G 1175476 123 106 28 1026919 43 42 15 148024 176
627 T 1180530 82 1025111 193 12 83 152001 68 289 2691
628 G 1186530 165 222 46 1033170 81 80 11 152571 184
629 A 1186575 1034182 88 7 177 151786 30 14 54 237
630 A 1186666 1036454 50 13 201 149627 31 5 42 243
631 A 1184325 1034907 40 14 172 148866 26 14 34 252
632 A 1183267 1033738 107 28 167 148924 42 12 32 217
633 T 1183450 56 1033598 122 5 28 149368 27 40 206
634 G 1177886 236 207 49 1034315 52 133 28 142641 225
635 G 1176666 141 196 57 1030690 71 71 23 145201 216
636 A 1176247 1027077 87 4 297 148399 25 39 83 236
637 C 1179976 177 317 1027473 56 84 88 151512 47 222
638 G 1181610 280 236 28 1024891 91 67 43 155730 244
639 A 1180907 1025816 59 6 191 154539 28 9 54 205
640 A 1182383 1025472 31 15 156 156400 17 17 32 243
641 A 1181437 1019996 25 15 136 160993 13 7 38 214
642 A 1179978 1018867 28 24 153 160635 15 11 28 217
643 A 1175503 1015077 96 257 179 159470 33 76 36 279
644 C 1175221 163 93 1015847 28 132 30 158710 25 193
645 A 1178710 1018209 76 21 218 159938 31 20 34 163
646 A 1177685 1013636 61 21 200 163456 37 5 66 203
647 G 1173429 178 223 32 1009925 56 117 38 162675 185
648 G 1173211 194 162 44 1009926 113 63 16 162488 205
649 A 1172004 1007866 75 6 199 163494 36 10 91 227
650 G 1167913 163 93 23 1006040 88 50 21 161257 178
651 T 1168259 95 1001808 147 14 106 164809 59 188 1033
652 G 1165089 204 283 38 1001690 71 139 32 162427 205
653 C 1160013 275 107 998698 39 71 70 160506 34 213
654 T 1165950 51 1002139 122 30 36 163320 36 11 205
655 T 1171602 16 1007663 179 10 64 163387 85 12 186
656 A 1171004 1009091 63 14 149 161291 51 63 44 238
657 C 1172841 237 189 1011987 51 77 183 159905 36 176
658 G 1175664 196 303 54 1015923 61 118 17 158803 189
659 A 1175185 1015870 95 7 175 158705 102 12 33 186
660 G 1173137 79 276 53 1020907 24 75 15 151547 161
661 A 1174989 1021406 75 9 175 153048 43 12 36 185
662 G 1172672 104 248 57 1020860 43 53 15 151109 183
663 A 1166964 1011584 45 5 179 154854 27 9 34 227
664 A 1163662 1008272 56 10 150 154919 23 11 28 193
665 T 1159164 85 1001177 91 14 26 157543 22 5 201
666 G 1154355 172 211 37 999997 52 73 33 153594 186
667 T 1149957 139 998874 229 33 49 149942 44 50 597
668 G 1144181 225 254 43 994132 50 105 22 149175 175
669 C 1138320 260 242 990340 78 83 57 146979 38 243
670 A 1137631 988677 67 16 158 148439 20 33 35 186
671 A 1140269 989962 120 14 127 149681 22 20 35 288
672 C 1141346 196 91 991892 32 95 25 148775 28 212
673 A 1144071 992171 62 12 114 151465 20 19 38 170
674 T 1146580 40 997210 183 21 19 148875 32 19 181
675 T 1148228 74 995725 172 9 31 151949 36 5 227
676 C 1148264 256 67 998038 47 73 38 149474 27 244
677 T 1146598 111 994997 195 9 62 150974 43 10 197
678 C 1145371 233 109 993890 62 118 50 150624 24 261
679 A 1149237 995008 37 8 161 153734 37 20 33 199
680 A 1147542 992766 85 13 126 154231 41 17 33 230
681 A 1142933 987797 41 18 253 154556 17 10 80 161
682 G 1142586 101 191 37 984351 63 67 21 157582 173
683 G 1139151 134 171 46 980980 65 44 22 157460 229
684 A 1131407 979457 70 7 274 151280 24 12 68 215
685 A 1128932 979719 37 7 169 148736 19 9 29 207
686 A 1127941 977038 20 3 145 150477 11 16 24 207
687 A 1122256 976973 100 11 125 144814 46 8 28 151
688 T 1119645 58 977126 147 14 26 142005 46 15 208
689 T 1118410 45 978300 168 5 14 139619 38 7 214
690 T 1111403 86 974301 152 7 25 136539 42 17 234
691 C 1107243 242 103 973012 50 386 61 132694 22 673
692 A 1103482 972392 51 10 270 130488 32 17 41 181
693 A 1097786 969141 36 11 160 128195 10 13 30 190
694 A 1094360 965519 36 45 128 128287 23 26 22 274
695 C 1090979 254 69 962738 35 99 29 127544 18 193
696 A 1087436 959938 30 15 145 127078 19 14 30 167
697 G 1082784 135 291 35 957821 36 66 20 124206 174
698 C 1079169 311 87 956336 30 70 29 122141 27 138
699 T 1074617 86 954026 191 16 23 119891 50 30 304
700 G 1068222 306 220 52 949072 54 54 25 118240 199
701 C 1064086 251 137 948369 48 72 35 114894 27 253
702 A 1060783 944550 118 15 198 115475 33 36 32 326
703 C 1056249 216 129 937115 33 1044 33 114299 17 3363
704 A 1055253 936352 27 8 116 118496 19 21 24 190
705 A 1048220 930850 69 10 138 116891 17 10 21 214
706 A 1044763 928521 40 21 221 115516 31 14 97 302
707 G 1039961 164 241 24 926531 34 58 9 112662 238
708 G 1029196 217 127 40 920409 37 40 13 108049 264
709 G 1023388 147 195 42 917513 34 36 29 105144 248
710 C 1019174 218 198 915429 74 259 31 102296 27 642
711 A 1014127 911758 53 13 186 101863 12 13 23 206
712 A 1006770 903730 36 5 116 102646 21 3 32 181
713 T 999812 69 897629 106 13 26 101742 36 23 168
714 G 991058 134 231 56 892115 46 66 13 98263 134
715 A 982432 884962 90 7 191 96959 27 14 33 149
716 T 976637 82 879877 120 13 25 96158 25 66 271
717 G 971705 237 185 44 876391 46 62 16 94565 159
718 G 964869 169 192 37 871887 47 47 11 92295 184
719 A 954537 862869 70 8 175 91156 21 6 43 189
720 T 948134 118 856178 142 13 47 91363 27 9 237
721 C 940660 216 87 846483 48 156 17 93301 20 332
722 A 933299 834382 56 17 195 98412 18 5 34 180
723 A 923626 823305 34 10 145 99872 34 6 27 193
724 G 917882 154 199 29 816155 33 34 6 101156 116
725 T 908904 92 809031 111 11 91 98867 32 44 625
726 G 901475 143 214 66 804417 30 34 11 96406 154
727 A 893324 799160 89 9 169 93640 29 11 31 186
728 G 881528 146 237 53 791770 38 45 11 89091 137
729 A 875648 787782 84 9 252 87298 20 8 38 157
730 G 865955 99 166 47 777417 70 24 1 87800 331
731 A 857167 769020 29 3 160 87749 10 10 27 159
732 A 844816 757907 37 17 107 86589 6 6 24 123
733 A 836580 751192 11 5 193 84966 10 6 34 163
734 G 828333 110 133 25 744699 18 30 7 83164 147
735 T 822784 83 739616 89 9 47 82425 29 22 464
736 C 812640 162 153 728243 20 44 37 83798 16 167
737 G 800485 257 126 34 717969 66 29 8 81816 180
738 G 791789 146 92 26 712275 53 12 14 78897 274
739 A 783701 704893 30 6 117 78492 10 3 18 132
740 A 775866 691897 45 25 119 78773 12 387 17 4591
741 C 766056 106 109 687615 14 25 18 78008 5 156
742 C 754259 106 59 675606 21 32 9 78232 14 180
743 C 745038 123 84 666766 34 69 21 77592 14 335
744 A 739555 657919 27 34 123 81250 17 10 32 143
745 G 728785 89 118 24 647706 20 27 6 80655 140
746 G 718054 95 118 24 636800 67 18 3 80453 476
747 A 708361 630503 59 4 108 77499 9 0 14 165
748 A 702180 623334 34 11 99 78541 10 4 16 131
749 A 697045 615613 35 5 82 81119 13 4 20 154
750 T 691596 35 609599 82 8 20 81635 14 18 185
751 G 681009 115 188 26 600590 23 37 8 79892 130
752 C 672122 140 77 596956 15 52 15 74724 16 127
753 T 662786 16 587215 132 10 29 75205 17 13 149
754 G 656579 68 143 29 581404 40 30 9 74754 102
755 A 647320 572931 21 1 102 74109 13 4 31 108
756 G 638139 51 148 25 563829 30 33 7 73929 87
757 A 629101 558963 47 6 85 69829 22 6 12 131
758 T 621050 37 548456 67 2 9 72306 16 13 144
759 C 612512 144 72 539013 49 89 15 73009 27 94
760 G 602108 123 122 29 528126 95 33 12 73444 124
761 A 591506 521275 50 3 70 69963 8 4 14 119
762 A 585890 509976 44 6 83 75621 6 4 15 135
763 G 575366 45 80 16 496138 25 16 3 78940 103
764 A 564945 486559 22 3 72 78184 9 5 9 82
765 T 555400 35 478450 71 1 17 76700 18 7 101
766 C 546705 91 32 470659 21 36 10 75758 14 84
767 T 541983 40 462480 109 4 46 79182 19 5 98
768 C 532787 140 92 452025 27 70 26 80308 27 72
769 A 522692 443610 21 10 56 78736 5 3 11 240
770 T 516400 26 436835 46 14 13 79328 18 12 108
771 C 510319 141 29 429708 26 62 23 80022 18 290
772 T 502502 25 416163 65 5 65 86085 18 5 71
773 T 493630 7 406901 53 4 9 86539 18 7 92
774 T 484540 25 401785 50 4 14 82530 21 2 109
775 C 477404 137 38 396181 33 44 23 80874 11 63
776 T 471085 40 390878 50 7 46 79885 20 6 153
777 G 458300 77 82 26 382873 30 33 11 75071 97
778 G 446143 91 54 12 376898 27 27 7 68920 107
779 C 435436 117 111 367512 27 22 22 67513 20 92
780 A 427365 359146 35 8 63 67757 13 8 23 312
781 C 420706 87 105 352480 15 20 29 67808 14 148
782 G 412823 77 86 6 344563 21 30 5 67977 58
783 G 403172 63 36 1 334732 19 11 6 68201 103
784 T 397132 24 324982 47 2 18 71844 17 19 179
785 C 390080 79 47 318798 23 35 13 70993 21 71
786 T 382779 18 311162 96 6 39 71340 33 6 79
787 G 369811 78 68 16 301898 52 14 4 67602 79
788 C 359260 92 74 292641 27 34 19 66318 9 46
789 A 350647 279250 44 5 60 70245 19 10 15 999
790 C 342091 62 47 270893 5 25 18 70963 16 62
791 T 334417 25 260792 42 1 25 73446 19 5 62
792 C 325790 76 40 251811 22 49 13 73694 26 59
793 A 319628 239393 14 6 40 80099 5 4 15 52
794 T 309968 12 230646 32 1 18 79200 12 5 42
795 A 297751 220793 10 2 35 76797 15 4 16 79
796 T 289592 17 207848 28 1 14 81611 12 14 47
797 T 283280 19 199616 29 2 21 83493 21 7 72
798 G 276916 33 50 20 195982 36 33 13 80706 43
799 A 269293 190104 12 1 35 79015 15 7 36 68
800 G 264069 19 33 6 185812 22 33 7 78105 32
801 A 256023 178000 8 3 61 77740 4 3 44 160
802 G 247071 32 37 4 171923 31 37 19 74949 39
803 G 239344 20 36 1 165783 40 43 11 73362 48
804 G 228719 33 29 1 159620 30 25 7 68928 46
805 T 220599 15 153272 26 2 52 67007 34 55 136
806 C 212025 22 19 144834 15 49 14 67009 25 38
807 A 202802 137466 10 5 29 65193 10 8 26 55
808 G 192526 15 12 0 129041 25 41 9 63332 51
809 T 183216 12 117657 18 2 57 65390 13 22 45
810 T 177707 9 110368 11 0 35 67240 19 6 19
811 G 166144 22 30 3 102420 42 26 15 63541 45
812 C 159534 26 21 98307 2 31 18 61078 33 18
813 T 154638 6 87077 17 1 45 67428 21 6 37
814 C 148856 35 13 79729 8 56 29 68954 23 9
815 A 144608 76474 10 2 8 68014 20 12 31 37
816 C 138753 14 14 74538 4 56 17 63858 7 245
817 A 133340 69900 3 1 7 63378 14 5 18 14
818 A 128464 63550 3 1 6 64848 7 3 20 26
819 A 122894 61047 5 0 11 61727 46 2 15 41
820 T 116825 1 57809 6 0 23 58931 15 17 23
821 C 110094 17 1 50171 0 48 75 59673 11 98
822 T 104339 4 44869 6 2 15 59408 11 13 11
823 T 96891 1 43877 4 0 8 52962 11 15 13
824 G 89692 9 7 0 40752 21 35 4 48809 55
825 T 84181 11 38997 7 0 13 45101 21 11 20
826 C 79251 15 9 35232 1 42 19 43904 17 12
827 T 75931 9 32504 0 0 35 43039 98 66 180
828 G 68307 0 5 0 28744 28 12 1008 37337 1173
829 C 65567 12 44 28902 11 17 26 36533 16 6
830 C 65686 62 43 27138 13 58 26 38329 10 7
831 C 69697 81 43 26197 13 76 35 43222 21 9
832 G 70563 61 20 19 25361 105 30 193 44650 124
833 C 69596 60 30 23419 9 24 27 46016 6 5
834 C 72551 104 27 22330 20 42 683 48442 72 831
835 T 75566 1 22054 93 2 12 53236 39 64 65
836 G 73868 4 10 1 19720 20 84 6 53998 25
837 T 73953 12 20498 2 2 12 53236 16 102 73
838 G 76875 3 6 0 22362 12 132 16 54225 119
839 T 78598 3 24287 1 0 14 54203 15 41 34
840 G 81406 8 0 2 26448 27 331 29 54266 295
841 T 82220 0 29443 5 3 35 52678 23 7 26
842 A 82915 31659 5 0 3 50948 113 6 47 134
843 T 86338 0 33149 1 3 21 49412 26 1724 2002
844 G 91421 13 14 4 40214 21 119 9 51018 9
845 G 95859 18 10 4 45630 100 100 228 49371 398
846 A 98857 27109 8 3 22 29712 64 17140 53 24746
847 C 104140 27 26 58176 2 17 25 45731 132 4
848 C 111105 35 31 64980 15 156 9 45859 10 10
849 T 119684 6 73308 11 9 168 46149 14 6 13
850 G 123813 71 65 24 79147 30 20 12 44423 21
851 C 128152 73 67 83821 14 20 192 43945 6 14
852 C 135322 78 93 87925 11 39 53 47104 3 16
853 G 142170 25 53 7 91508 12 38 18 50503 6
854 T 150906 17 97039 19 2 6 53799 11 1 12
855 A 158875 101142 9 4 24 57640 16 3 19 18
856 G 169752 10 15 4 108757 9 26 3 60913 15
857 C 178253 33 16 114007 5 22 17 64124 7 22
858 C 184895 19 20 118943 9 27 22 65819 9 27
859 A 193153 123634 12 17 19 69420 10 12 15 14
860 G 199862 31 22 34 129990 21 28 94 69627 15
861 T 205464 18 134968 24 1 17 70394 9 5 28
862 G 212028 16 29 8 142144 18 45 10 69738 20
863 G 216226 11 23 2 150111 10 28 9 66014 18
864 C 224484 36 17 158992 5 25 15 65354 13 27
865 T 236132 2 167325 32 0 8 68701 32 9 23
866 A 244101 175184 9 0 24 68772 32 18 24 38
867 C 252188 54 58 185473 11 32 66 66461 8 25
868 G 263903 33 35 6 194945 39 65 27 68735 18
869 A 274216 204975 12 1 30 69042 37 22 29 68
870 C 284667 46 16 214702 6 27 40 69788 8 34
871 T 294846 5 221393 38 3 10 73293 52 4 48
872 T 299084 9 228234 29 2 8 70704 50 10 38
873 C 308952 77 46 237450 8 32 52 71222 15 50
874 G 319608 58 56 11 245839 60 54 31 73457 42
875 A 330139 249964 8 0 61 79984 17 23 38 44
876 A 341109 257623 7 2 44 83337 22 4 24 46
877 A 352089 264524 5 3 45 87421 11 6 21 53
878 A 364229 270148 7 3 25 93962 17 7 17 43
879 A 374845 279883 15 4 117 94698 28 5 46 49
880 G 382910 26 68 22 291073 24 63 27 91571 36
881 A 392256 297356 16 3 68 94686 33 4 38 52
882 G 397250 47 66 10 305434 26 84 9 91518 56
883 G 405282 42 32 15 318775 23 52 18 86266 59
884 G 412865 66 47 15 328999 19 43 18 83612 46
885 A 422861 341606 37 5 77 81022 20 3 21 70
886 T 432255 23 350680 56 5 14 81377 19 3 78
887 A 442683 356355 31 2 60 85524 100 75 48 488
888 C 455411 106 22 368891 10 35 20 86252 8 67
889 T 464577 33 379467 48 2 11 84904 32 9 71
890 C 477532 122 17 393895 24 32 38 83324 7 73
891 T 486962 20 405959 48 2 10 80816 30 3 74
892 T 493653 8 417044 52 3 3 76447 14 4 78
893 T 506773 9 431897 52 4 3 74719 15 0 74
894 A 517302 443171 27 6 62 73919 32 5 17 63
895 G 526035 54 111 12 450744 25 65 16 74951 57
896 T 537952 55 461331 64 7 6 76222 11 17 239
897 G 547257 70 85 10 468825 16 74 16 78069 92
898 G 557660 59 76 24 476534 23 72 6 80782 84
899 G 565466 89 105 19 481694 25 72 15 83365 82
900 A 571681 489554 38 5 110 81780 29 7 26 132
901 A 579412 499078 44 7 85 80069 8 8 21 92
902 T 589032 37 509757 78 6 22 79024 10 5 93
903 A 598208 520481 28 10 96 77451 47 1 16 78
904 G 607209 108 134 34 532658 26 48 14 74098 89
905 A 619089 545965 32 6 82 72573 31 44 36 320
906 C 631862 88 62 558796 24 34 14 72722 8 114
907 C 643921 96 55 567112 18 27 36 76465 6 106
908 C 654493 146 37 576803 23 23 16 77343 7 95
909 T 660949 31 584919 147 22 7 75685 38 15 85
910 T 668053 42 592341 122 4 7 75390 16 7 124
911 T 674607 49 602605 102 7 11 71647 30 7 149
912 C 682566 145 79 606338 49 29 50 75763 11 102
913 A 694925 615570 23 3 102 79024 30 24 28 121
914 A 704319 621122 38 6 63 82937 19 8 27 99
915 A 714628 630142 60 23 87 84052 32 16 26 190
916 C 727023 157 50 639869 22 49 19 86772 3 82
917 T 740639 30 652404 119 5 14 87847 53 10 157
918 G 752605 119 186 30 665900 30 83 27 86117 113
919 C 764788 156 56 675638 34 34 30 88694 34 112
920 T 775574 27 686682 114 11 4 88510 46 13 167
921 T 785269 80 697690 111 4 16 87145 27 10 186
922 C 795155 165 77 709909 41 45 54 84725 9 130
923 A 804760 719502 41 11 116 84901 27 36 15 111
924 A 814709 729351 30 18 96 85044 15 8 23 124
925 A 824117 737362 19 10 98 86456 12 12 20 128
926 A 832779 745515 71 121 133 86667 25 23 24 200
927 C 840759 201 103 755948 15 32 29 84299 5 127
928 A 852126 768238 51 16 108 83535 15 9 18 136
929 G 861264 163 216 37 779138 25 35 20 81497 133
930 C 868953 185 114 785134 25 32 22 83280 10 151
931 C 877656 191 134 793758 31 41 21 83297 19 164
932 A 887188 805695 55 9 110 81139 13 14 18 135
933 A 897655 815556 14 10 105 81805 22 8 12 123
934 G 904938 110 203 27 826403 23 40 24 77977 131
935 T 915442 81 837467 91 7 15 77363 17 6 395
936 A 924650 846378 58 7 133 77878 17 8 23 148
937 T 934190 47 857254 128 4 6 76585 19 9 138
938 A 943052 869490 72 13 133 73059 26 9 22 228
939 C 953301 225 251 878105 45 20 29 74476 8 142
940 A 964769 888134 42 19 198 76199 19 4 23 131
941 G 970263 125 279 41 893550 9 45 17 76014 183
942 C 979293 205 90 902565 29 27 13 76189 3 172
943 C 988176 194 85 911796 40 26 13 75855 3 164
944 T 996344 71 916731 210 4 9 79124 24 6 165
945 A 1005323 926228 15 13 133 78738 21 3 10 162
946 A 1016160 939228 63 14 98 76536 10 8 14 189
947 T 1025207 59 948198 125 6 13 76559 12 4 231
948 C 1032591 281 124 953897 43 23 34 78049 8 132
949 A 1040855 956794 35 20 277 83515 24 6 26 158
950 G 1048536 123 220 44 964715 17 38 21 83172 186
951 A 1052095 968029 57 5 179 83441 12 9 19 344
952 C 1061619 136 119 975144 38 47 32 85896 13 194
953 C 1069636 269 151 979699 33 33 101 89155 4 191
954 G 1077200 241 229 30 986988 30 68 17 89440 157
955 A 1086422 997174 64 8 96 88832 12 14 43 179
956 A 1093323 1001296 51 18 200 91386 25 35 25 287
957 C 1099623 249 313 1006171 48 65 132 92425 9 211
958 G 1105274 170 247 48 1016338 24 108 15 88178 146
959 A 1113178 1023704 107 8 150 88881 35 39 45 209
960 G 1118114 111 256 35 1027825 41 43 41 89561 201
961 A 1124666 1029486 42 7 140 94719 47 33 25 167
962 A 1130355 1031570 50 13 140 98283 13 25 47 214
963 T 1135598 70 1036098 187 14 35 98895 60 8 231
964 C 1140781 199 94 1041221 27 40 21 98982 14 183
965 C 1147860 195 166 1042966 43 69 37 104184 15 185
966 A 1150561 1039958 42 23 273 109952 50 20 32 211
967 G 1154167 166 305 47 1043357 54 56 55 109887 240
968 C 1161227 346 172 1050634 37 70 47 109712 21 188
969 A 1163432 1052797 127 23 172 109799 47 21 34 412
970 C 1167600 256 103 1055789 36 34 45 111128 9 200
971 A 1170071 1056237 145 21 143 113063 31 16 40 375
972 C 1172706 256 118 1058711 44 55 44 113241 28 209
973 A 1178366 1059729 35 10 185 118133 7 16 28 223
974 A 1183142 1064490 84 12 215 118026 34 8 25 248
975 G 1184575 165 239 35 1063627 64 54 24 120087 280
976 A 1184792 1064918 75 9 171 119320 32 3 25 239
977 G 1183819 153 167 36 1067745 27 41 19 115416 215
978 T 1182965 106 1063712 161 8 54 117803 43 42 1036
979 C 1184542 265 120 1061233 62 55 34 122525 28 220
980 A 1187426 1060278 46 19 276 126543 20 8 35 201
981 G 1183417 135 331 32 1057072 26 63 22 125529 207
982 C 1184849 311 184 1054288 48 86 35 129689 24 184
983 T 1188128 64 1054124 137 8 25 133539 28 16 187
984 G 1184714 145 251 45 1049617 42 80 30 134301 203
985 G 1181783 109 153 17 1050445 30 53 16 130773 187
986 T 1180760 66 1047977 114 14 83 130760 59 128 1559
987 G 1181975 335 207 38 1051817 60 82 18 129243 175
988 T 1186659 72 1056617 104 24 36 129138 37 67 564
989 G 1188155 176 249 40 1057510 51 113 45 129709 262
990 G 1187608 109 261 54 1056330 36 98 37 130474 209
991 A 1187744 1049942 93 3 195 137214 36 33 41 187
992 T 1189935 99 1046822 130 12 27 142460 40 60 285
993 G 1186772 211 214 49 1048084 46 114 32 137748 274
994 G 1185629 213 173 42 1050302 72 84 36 134522 185
995 C 1186713 271 191 1053593 54 74 78 132207 32 213
996 A 1189051 1055333 122 16 175 133076 46 19 33 231
997 T 1188325 81 1055346 277 9 33 132234 56 27 262
998 G 1187041 219 299 43 1059957 56 78 23 126181 185
999 C 1187392 258 229 1058894 51 62 53 127613 28 204
1000 A 1191381 1054230 48 13 182 136539 45 29 57 238
1001 A 1194062 1052039 60 10 131 141496 36 20 41 229
1002 T 1193508 37 1049210 139 6 29 143787 39 6 255
1003 T 1193001 73 1047372 104 6 31 145101 27 25 262
1004 C 1193293 266 82 1043342 51 89 56 149196 34 177
1005 T 1193993 118 1039094 233 11 88 154178 40 12 219
1006 G 1189595 263 307 44 1033989 44 105 85 154523 235
1007 C 1188912 344 111 1035680 42 110 34 152331 26 234
1008 T 1191452 69 1029243 235 41 23 161463 133 13 232
1009 G 1192756 161 253 33 1027076 58 110 66 164824 175
1010 C 1196097 280 125 1030662 51 121 55 164564 25 214
1011 A 1198332 1031254 49 18 140 166552 32 29 63 195
1012 T 1198134 66 1029565 130 16 25 168021 56 31 224
1013 T 1201653 57 1027036 130 12 41 174107 44 5 221
1014 T 1199823 75 1025546 217 11 29 173635 57 22 231
1015 G 1191448 103 284 71 1026211 66 129 22 164314 248
1016 A 1192908 1027138 81 6 183 165194 27 11 43 225
1017 A 1193332 1026898 74 28 223 165822 40 15 52 180
1018 G 1186232 225 271 39 1020750 91 99 19 164517 221
1019 A 1183416 1017872 91 6 125 164999 33 18 37 235
1020 T 1178829 62 1014961 147 5 28 163362 32 10 222
1021 C 1177638 227 65 1013658 52 99 38 163257 31 211
1022 T 1183867 73 1014793 204 7 62 168501 45 11 171
1023 A 1182994 1013051 23 9 190 169435 27 7 42 210
1024 A 1180184 1012849 45 16 127 166844 46 5 46 206
1025 G 1174724 119 239 71 1009628 65 82 38 164312 170
1026 A 1171975 1011804 71 6 171 159626 35 5 46 211
1027 G 1168853 114 245 32 1012427 38 79 21 155762 135
1028 T 1167657 92 1005359 148 8 135 159633 70 134 2078
1029 A 1165185 1008229 68 9 119 156516 29 12 26 177
1030 T 1166348 68 1005250 123 12 36 160611 23 10 215
1031 T 1167878 107 1007121 136 5 50 160200 34 10 215
1032 A 1175102 1007766 89 11 182 166759 42 12 45 196
1033 A 1177316 1004421 29 15 133 172422 35 15 28 218
1034 G 1179798 94 241 32 1006830 30 98 27 172301 145
1035 C 1179954 311 108 1008223 35 100 35 170938 28 176
1036 T 1180710 16 1010460 193 16 23 169701 45 12 244
1037 T 1179277 83 1012817 162 16 27 165903 39 20 210
1038 C 1174299 251 122 1014027 83 107 47 159431 27 204
1039 A 1174034 1014218 76 12 169 159254 27 25 41 212
1040 T 1168282 80 1006257 119 11 70 161472 30 14 229
1041 C 1169090 272 121 1000859 79 147 53 167347 26 186
1042 A 1173170 996719 86 15 203 175740 120 39 52 196
1043 G 1168522 160 223 65 996782 53 133 38 170872 196
1044 A 1170803 999016 76 11 223 171071 90 62 52 202
1045 G 1169277 110 170 33 1000360 95 111 17 168161 220
1046 G 1162131 146 135 35 1000153 75 75 17 161243 252
1047 G 1165550 339 208 31 1008588 60 58 41 155953 272
1048 A 1164888 1009087 103 14 229 154900 52 30 65 408
1049 C 1168294 81 150 1010978 45 69 29 156685 65 192
1050 C 1175429 216 139 1011927 46 154 47 162658 47 195
1051 A 1183662 1014910 69 9 113 168201 53 36 38 233
1052 A 1183414 1012031 55 10 130 170899 40 5 34 210
1053 A 1181033 1009224 50 38 248 171109 47 13 87 217
1054 G 1175235 109 70 15 1008397 79 85 22 166264 194
1055 T 1174091 66 1006379 135 8 122 166481 48 91 761
1056 A 1171527 1008518 71 10 140 162463 128 10 29 158
1057 T 1173586 92 1014839 795 3 67 157287 194 3 306
1058 C 1175283 185 51 1016011 28 61 84 158638 17 208
1059 C 1177915 182 110 1015072 25 86 41 162104 20 275
1060 C 1183275 199 110 1013382 24 106 46 169116 18 274
1061 C 1188716 201 118 1010380 66 197 43 177469 17 225
1062 A 1195091 1010859 54 28 143 183639 36 82 43 207
1063 A 1192722 1008366 69 16 141 183703 88 14 115 210
1064 G 1190117 204 357 67 1007531 112 158 41 181452 195
1065 G 1188914 133 165 32 1016234 41 111 153 171853 192
1066 G 1182579 105 193 18 1020815 186 88 11 160901 262
1067 G 1176543 131 124 37 1017251 246 71 25 158435 223
1068 G 1174642 197 201 39 1014835 125 265 24 158734 222
1069 A 1173944 1009822 61 10 190 163248 251 11 107 244
1070 A 1177671 1010833 68 12 180 166003 277 16 43 239
1071 A 1180046 1013860 57 58 151 165180 40 59 275 366
1072 C 1181989 77 73 1013219 13 109 290 168016 18 174
1073 T 1183748 39 1014198 207 4 252 168787 86 3 172
1074 T 1185672 47 1018370 200 15 13 166477 275 10 265
1075 T 1187045 80 1022147 231 10 31 164182 63 6 295
1076 C 1187288 217 87 1026881 53 60 77 159621 68 224
1077 C 1189457 179 142 1034377 66 100 53 154200 74 266
1078 A 1185523 1036631 102 12 157 148129 88 65 37 302
1079 C 1185607 308 90 1034512 43 90 38 150320 23 183
1080 T 1187857 50 1029466 143 13 45 157852 91 14 183
1081 A 1192036 1023395 86 12 142 168020 87 72 44 178
1082 G 1192645 103 269 90 1023281 59 173 43 168439 188
1083 A 1191205 1024740 49 7 170 165877 46 51 53 212
1084 G 1192625 94 236 50 1030237 37 155 28 161581 207
1085 G 1189589 79 234 42 1032023 42 66 19 156878 206
1086 A 1189280 1037834 93 7 225 150704 49 11 45 312
1087 G 1188017 152 199 22 1040034 101 68 18 147272 151
1088 T 1189357 85 1043294 196 11 149 143779 61 124 1658
1089 A 1187527 1044800 101 13 204 142021 40 10 78 260
1090 C 1188575 210 127 1043382 37 69 70 144435 26 219
1091 A 1195021 1046800 54 14 151 147685 82 14 32 189
1092 A 1195486 1050637 79 9 149 144289 62 6 39 216
1093 A 1194815 1051956 46 24 101 142390 26 33 15 224
1094 T 1192030 66 1052990 115 8 26 138535 31 12 247
1095 T 1192825 64 1057600 157 5 18 134681 36 13 251
1096 G 1190842 168 278 34 1060233 42 88 33 129780 186
1097 C 1191233 248 95 1059096 38 44 32 131470 16 194
1098 T 1194145 35 1059551 181 20 13 134049 42 10 244
1099 T 1192483 132 1056080 171 20 31 135739 31 6 273
1100 C 1196231 278 102 1054829 69 129 53 140539 36 196
1101 A 1201524 1055787 77 14 187 145138 32 24 36 229
1102 A 1199836 1050250 44 5 109 149129 23 14 24 238
1103 A 1198208 1047812 39 67 131 149885 23 25 19 207
1104 T 1198639 66 1050236 149 13 45 147889 24 14 203
1105 G 1195887 165 218 67 1051561 69 84 42 143525 156
1106 A 1194830 1055353 75 7 164 138943 20 20 41 207
1107 A 1192810 1056309 32 16 162 136006 17 19 37 212
1108 A 1195940 1053291 36 20 197 142071 14 30 30 251
1109 A 1193878 1050056 85 204 131 142943 40 60 41 318
1110 C 1194596 219 95 1052310 28 98 42 141561 29 214
1111 A 1197598 1054724 85 16 152 142356 26 21 37 181
1112 T 1199306 72 1057264 126 14 25 141509 37 18 241
1113 G 1198966 338 267 72 1059479 90 120 24 138340 236
1114 G 1194955 148 150 42 1057870 47 60 45 136384 209
1115 A 1193718 1059160 47 10 195 133950 49 24 43 240
1116 T 1195046 115 1061470 174 18 33 132938 40 32 226
1117 G 1194782 231 335 51 1059976 33 76 83 133817 180
1118 C 1193167 313 101 1057935 39 59 103 134379 23 215
1119 T 1195456 45 1060945 210 20 40 133953 38 7 198
1120 A 1195737 1061948 124 8 114 133212 32 69 30 200
1121 T 1195912 93 1065953 127 8 31 129433 30 6 231
1122 G 1195412 282 216 51 1063249 60 83 77 131180 214
1123 G 1191759 127 222 48 1061002 105 69 9 129993 184
1124 A 1189637 1058205 95 10 211 130747 26 4 100 239
1125 A 1191454 1060066 60 16 181 130763 79 7 30 252
1126 T 1188868 79 1059486 128 6 22 128890 29 9 219
1127 C 1191060 228 76 1060062 40 69 25 130355 24 181
1128 A 1192938 1056851 87 15 248 135442 40 11 44 200
1129 A 1189908 1052723 78 15 142 136653 46 10 43 198
1130 G 1184303 145 150 28 1049983 38 65 21 133729 144
1131 T 1184448 115 1049754 178 11 71 133837 39 18 425
1132 A 1185780 1051065 85 9 205 133239 68 40 47 1022
1133 C 1183132 189 91 1049774 37 63 29 132762 18 169
1134 T 1184118 56 1048743 160 4 35 134796 36 7 281
1135 C 1184966 321 83 1048349 70 83 28 135821 30 181
1136 T 1185793 91 1044512 211 10 50 140626 55 10 228
1137 T 1185338 68 1041128 193 8 29 143646 39 12 215
1138 G 1180158 169 254 71 1035170 57 70 27 144147 193
1139 A 1180251 1032797 73 10 141 146910 37 11 27 245
1140 A 1179304 1029517 81 12 176 149140 37 11 39 291
1141 C 1179754 254 97 1030389 32 77 31 148663 22 189
1142 T 1181706 27 1031580 200 10 22 149638 50 7 172
1143 G 1182350 199 259 50 1033068 66 89 29 148397 193
1144 A 1183286 1027588 58 16 202 155123 41 15 59 184
1145 G 1179408 128 63 36 1022468 54 51 16 156407 185
1146 A 1177241 1023101 83 5 144 153601 24 18 48 217
1147 A 1178670 1026237 32 8 165 151948 36 16 40 188
1148 G 1175370 161 305 30 1026459 50 75 18 148057 215
1149 C 1170959 272 208 1026828 48 78 46 143220 33 226
1150 A 1171064 1026033 68 30 294 144312 43 22 70 192
1151 G 1165538 109 184 46 1023941 41 77 12 140935 193
1152 G 1163294 179 103 19 1022868 50 43 37 139816 179
1153 T 1163254 82 1019762 182 14 90 141719 63 67 1275
1154 A 1162653 1022160 79 14 180 139785 61 21 33 320
1155 C 1161143 217 107 1021161 35 64 39 139342 22 156
1156 T 1164348 74 1021508 158 14 15 142303 48 23 205
1157 G 1162772 199 226 32 1022196 65 139 27 139650 238
1158 G 1158248 199 146 34 1017131 41 76 21 140350 250
1159 G 1153596 232 192 41 1017074 65 72 33 135683 204
1160 C 1151812 209 201 1011637 38 49 90 139275 29 284
1161 C 1150949 222 189 1007407 33 81 63 142680 23 251
1162 A 1151436 1002522 109 14 153 148322 56 31 14 215
1163 T 1151010 48 996250 122 16 52 154273 49 14 186
1164 A 1150513 993686 12 3 233 156317 31 8 46 177
1165 A 1157873 999689 53 15 156 157603 67 13 97 180
1166 G 1155427 125 288 46 991707 93 69 70 162843 186
1167 A 1153799 987889 66 4 154 165389 25 13 46 213
1168 A 1155354 988866 87 15 138 165686 82 45 40 395
1169 C 1155469 98 83 987548 33 65 27 167333 12 270
1170 C 1160967 231 94 989672 28 133 50 170515 28 216
1171 A 1163704 993068 80 20 224 170032 31 12 64 173
1172 G 1160191 115 134 46 988823 107 112 14 170648 192
1173 A 1158174 988159 40 4 171 169462 27 11 102 198
1174 A 1159775 987004 51 15 148 172147 139 9 44 218
1175 G 1162034 123 172 30 992058 44 113 19 169323 152
1176 T 1163049 82 994728 116 19 108 166641 148 81 1126
1177 G 1162020 154 194 55 998824 150 154 15 162270 204
1178 G 1156924 93 239 45 998315 45 85 43 157881 178
1179 A 1155915 996544 83 12 385 158416 46 9 198 222
1180 G 1153714 130 161 48 997479 64 211 28 155394 199
1181 G 1148664 101 252 61 996771 64 185 14 151017 199
1182 A 1146126 992783 89 5 178 152529 46 81 151 264
1183 A 1145932 990509 43 13 181 154621 173 127 38 227
1184 A 1144870 989962 74 93 169 153977 31 34 200 330
1185 C 1144050 198 107 988440 50 305 39 154659 36 216
1186 A 1139893 984336 116 11 136 154368 296 48 31 551
1187 C 1139645 239 69 980778 32 76 310 157923 25 193
1188 T 1140344 97 979081 188 11 60 160664 56 9 178
1189 A 1139641 981435 10 8 115 157477 56 16 333 191
1190 A 1140031 978517 39 13 104 161082 31 23 25 197
1191 T 1138335 95 981334 147 11 43 155947 415 17 326
1192 C 1138026 271 82 970691 58 130 55 166524 44 171
1193 A 1141215 967277 50 8 162 173023 444 21 57 173
1194 A 1136919 969192 76 13 134 166798 44 16 350 296
1195 C 1141652 254 98 968032 47 124 53 172826 44 174
1196 A 1151310 966629 50 19 187 184103 61 29 48 184
1197 G 1147929 118 214 75 966614 52 102 37 180531 186
1198 A 1148044 967932 81 12 258 179361 84 11 93 212
1199 G 1145406 158 106 30 967882 72 78 25 176824 231
1200 G 1140045 171 85 29 967134 67 61 21 172218 259
1201 G 1134771 148 142 79 966908 50 64 42 167106 232
1202 C 1137770 173 155 972399 64 96 53 164506 37 287
1203 C 1141940 228 103 972273 33 100 42 168923 20 218
1204 T 1147886 65 973236 189 9 114 173932 80 17 244
1205 C 1145715 112 60 967426 40 104 51 177710 24 188
1206 T 1145462 84 963726 330 20 81 180868 67 33 253
1207 G 1138827 221 272 47 964616 60 98 30 173265 218
1208 C 1137833 264 344 965688 54 87 477 170687 37 195
1209 A 1138357 962299 88 20 269 174986 390 26 68 211
1210 G 1134549 93 232 42 962238 51 106 12 171572 203
1211 G 1130705 146 122 32 972980 389 46 23 156743 224
1212 T 1124261 82 969348 242 10 51 153052 64 106 1306
1213 C 1125206 198 128 972566 48 64 368 151620 29 185
1214 A 1130979 974354 67 13 158 156096 29 33 35 194
1215 A 1133652 976746 63 7 128 156142 34 11 306 215
1216 A 1137350 973758 73 17 103 162908 233 16 31 211
1217 T 1138479 68 974914 150 8 44 162757 43 207 288
1218 C 1141607 323 103 985254 43 89 206 155369 34 186
1219 A 1143575 987489 61 24 227 155385 144 18 55 172
1220 G 1140193 165 256 33 989843 39 137 28 149522 170
1221 T 1138900 115 992200 162 15 54 145557 47 75 675
1222 G 1133328 253 256 28 987202 53 79 26 145211 220
1223 T 1133411 110 991052 215 21 51 141290 47 49 576
1224 G 1135131 372 265 51 997069 82 79 35 136982 196
1225 C 1135856 256 323 993336 71 91 73 141467 33 206
1226 A 1138890 988570 54 6 148 149814 20 25 37 216
1227 A 1142182 988827 101 21 163 152413 36 46 37 538
1228 C 1146653 123 154 990601 17 55 73 155396 20 214
1229 C 1152062 271 85 996731 39 101 44 154554 49 188
1230 T 1157604 86 1000260 349 25 50 156497 100 47 190
1231 G 1158482 375 251 37 1003509 89 99 44 153920 158
1232 C 1163668 236 124 1006609 52 120 43 156264 43 177
1233 A 1171354 1008460 32 15 158 162332 35 23 73 226
1234 T 1173967 94 1012173 130 24 50 161140 48 100 208
1235 T 1178713 32 1011718 144 8 86 166445 50 21 209
1236 T 1181623 44 1012341 206 8 36 168647 37 90 214
1237 T 1184886 36 1014749 113 14 25 169622 41 88 198
1238 C 1186641 226 103 1015898 46 106 94 169950 28 190
1239 T 1187099 60 1013753 211 24 32 172667 134 23 195
1240 G 1180134 271 255 43 1015945 62 127 91 163152 188
1241 T 1178448 160 1023318 245 21 57 154100 60 63 424
1242 G 1177723 276 271 57 1026908 58 120 86 149733 214
1243 C 1180621 304 181 1029820 74 92 81 149821 51 197
1244 A 1187802 1034779 83 15 191 152379 29 45 55 226
1245 A 1190095 1038502 38 12 163 151010 38 25 70 237
1246 A 1194284 1036235 47 15 240 157355 96 19 73 204
1247 G 1191296 87 173 67 1036248 76 75 53 154342 175
1248 A 1188849 1042226 47 6 169 146086 56 17 66 176
1249 A 1189926 1044872 61 46 161 144413 35 31 68 239
1250 A 1186535 1043463 47 165 165 141053 85 97 58 1402
1251 C 1185324 130 105 1046163 25 126 41 138491 41 202
1252 C 1189787 199 96 1047646 24 103 130 141354 30 205
1253 T 1192064 97 1051761 259 9 47 139422 68 75 326
1254 C 1190160 218 94 1051874 53 86 46 137550 33 206
1255 C 1193238 208 110 1050591 52 143 30 141830 35 239
1256 C 1194578 248 137 1052212 44 120 58 141473 77 209
1257 A 1193987 1051204 48 15 111 142277 34 31 77 190
1258 T 1190030 67 1052543 134 29 25 136912 39 24 257
1259 T 1188805 50 1056981 144 7 32 131235 36 12 308
1260 T 1188486 95 1058207 298 23 25 129494 59 51 234
1261 G 1184129 253 234 72 1063476 52 94 52 119658 238
1262 A 1182328 1061625 135 9 218 119919 59 33 56 274
1263 C 1183912 219 183 1062251 51 95 63 120818 19 213
1264 A 1190213 1065660 36 20 173 124064 30 31 26 173
1265 A 1190466 1064791 70 16 162 125043 55 44 34 251
1266 A 1189377 1065962 72 180 176 122485 44 49 57 352
1267 C 1188679 205 93 1065511 53 51 48 122464 31 223
1268 C 1185549 249 120 1063226 42 135 31 121510 20 216
1269 A 1182205 1061411 70 19 136 120210 51 17 44 247
1270 A 1179005 1061761 75 8 130 116376 46 23 44 542
1271 C 1175327 166 124 1061920 41 50 59 112751 31 185
1272 C 1175809 247 88 1064074 48 99 32 110973 68 180
1273 A 1175711 1065110 68 14 128 110087 31 28 56 189
1274 T 1171041 122 1061225 175 6 52 108998 57 27 379
1275 C 1168728 281 130 1062811 88 90 28 105071 35 194
1276 A 1170397 1061504 65 18 159 108390 28 18 28 187
1277 T 1165084 85 1056899 192 44 27 107553 32 17 235
1278 G 1159588 300 229 49 1053119 53 73 31 105461 273
1279 G 1156437 223 223 50 1052582 62 52 28 103015 202
1280 C 1153080 318 252 1050915 81 78 44 101130 49 213
1281 A 1146762 1045936 58 16 223 100194 26 16 52 241
1282 G 1137173 307 296 49 1037988 58 43 13 98227 192
1283 C 1131548 299 179 1034295 40 51 39 96432 26 187
1284 A 1126498 1031699 79 15 145 94290 39 12 26 193
1285 T 1121860 44 1025343 153 16 12 95995 40 18 239
1286 T 1118652 122 1021395 142 7 28 96695 45 12 206
1287 C 1114338 248 135 1017490 63 83 23 96076 24 196
1288 A 1112954 1012904 86 17 177 99339 33 10 38 350
1289 C 1106541 263 95 1004194 37 96 32 101607 23 194
1290 T 1103390 68 998756 208 11 20 104062 62 10 193
1291 G 1096027 233 205 42 991992 51 60 10 103241 193
1292 G 1086525 139 165 31 984154 41 37 16 101734 208
1293 G 1081366 187 212 31 978006 51 88 9 102571 211
1294 A 1074762 971590 79 8 153 102462 23 71 27 349
1295 A 1070539 967710 79 17 173 102217 74 12 59 198
1296 T 1063933 49 962390 161 9 40 101011 27 39 207
1297 A 1057343 957201 111 7 182 99372 41 13 175 241
1298 C 1054043 276 192 953374 43 100 58 99775 22 203
1299 A 1048023 949891 115 41 277 97230 179 6 79 205
1300 G 1035494 126 297 101 936899 34 52 60 97768 157
1301 A 1033134 931762 80 15 181 100688 38 130 44 196
1302 G 1027051 178 240 40 927197 26 65 124 99024 157
1303 G 1019283 116 159 43 921193 150 43 11 97383 185
1304 G 1010883 224 241 55 913873 51 121 11 96118 189
1305 A 1003808 904432 87 5 193 98709 58 15 123 186
1306 A 994305 893440 55 15 160 100401 23 9 33 169
1307 G 988040 126 259 54 886705 46 98 12 100583 157
1308 A 982847 878921 52 3 142 103469 21 6 67 166
1309 A 977655 868520 73 13 142 108578 46 23 46 214
1310 C 969342 168 103 858214 31 81 33 110528 17 167
1311 A 960550 849082 96 17 118 111016 18 7 31 165
1312 T 953271 49 840948 117 9 25 111927 30 10 156
1313 C 945672 256 96 833966 57 91 24 110974 28 180
1314 A 937361 829208 62 22 277 107548 22 7 47 168
1315 G 925112 117 199 100 821613 42 35 39 102829 138
1316 A 918334 817050 115 9 121 100803 32 13 23 168
1317 C 910040 200 100 807575 29 58 37 101871 36 134
1318 A 902225 798867 64 9 114 102972 19 14 25 141
1319 T 893103 51 790802 113 9 25 101938 23 14 128
1320 G 880517 123 208 57 782179 53 42 20 97697 138
1321 A 868391 773442 53 11 187 94500 22 5 30 141
1322 G 861403 126 261 50 765161 32 69 14 95551 139
1323 G 852915 140 107 23 758278 58 42 14 94071 182
1324 G 843400 185 173 36 749216 41 38 26 93535 150
1325 C 836473 189 134 743480 43 74 54 92317 31 151
1326 A 827008 732842 71 10 195 93632 45 8 55 150
1327 G 820137 91 152 40 724676 65 22 12 94984 95
1328 A 814738 719937 34 3 98 94446 12 10 44 154
1329 A 808029 713505 39 8 119 94158 30 9 29 132
1330 A 801964 705394 18 7 87 96261 39 10 23 125
1331 T 796264 36 697993 79 9 32 97924 22 12 157
1332 T 786484 26 690452 72 2 38 95736 25 20 113
1333 A 776904 681410 48 5 77 95181 36 5 24 118
1334 T 769176 45 671144 74 2 50 97715 28 5 113
1335 A 759463 660910 11 2 127 98255 13 10 37 98
1336 A 753269 650101 37 24 135 102790 13 7 48 114
1337 G 743262 91 205 25 638416 46 47 12 104316 104
1338 G 733989 79 143 24 631973 46 38 18 101567 101
1339 A 724713 624187 59 1 95 100178 19 8 31 135
1340 T 717186 38 618402 79 8 21 98465 22 22 129
1341 G 707782 104 156 51 612010 45 50 9 95248 109
1342 A 696609 603406 75 10 130 92816 20 6 31 115
1343 T 685921 73 594404 101 14 23 91147 21 12 126
1344 G 678103 136 132 32 585658 34 54 9 91961 87
1345 G 666888 71 104 29 575705 48 61 10 90767 93
1346 A 652642 563330 35 1 140 88949 51 4 31 101
1347 A 645470 556014 43 4 115 89121 20 42 34 77
1348 G 636288 112 169 25 547420 31 65 8 88352 106
1349 G 629507 79 81 15 539629 35 49 8 89506 105
1350 T 620913 54 531538 105 10 103 87800 82 193 1028
1351 G 610557 287 156 31 523783 77 31 25 86092 75
1352 C 598686 203 198 513461 39 84 44 84541 28 88
1353 A 586807 499963 29 4 111 86568 22 12 26 72
1354 A 578141 488194 10 2 74 89711 13 13 29 95
1355 A 569874 477378 15 11 59 92250 22 13 20 106
1356 A 559679 467015 42 71 60 92194 13 70 17 197
1357 C 553687 59 37 463750 7 37 14 89679 18 86
1358 C 543070 107 55 450527 13 124 17 92114 26 87
1359 A 533138 435251 48 13 66 97603 19 5 68 65
1360 G 525603 79 162 22 428568 78 36 13 96586 59
1361 A 518725 424572 18 3 68 93955 7 8 26 68
1362 A 511013 411842 26 6 70 98933 11 2 60 63
1363 G 500535 50 116 22 400468 70 35 9 99707 58
1364 A 488988 387924 44 4 59 100842 18 11 23 63
1365 A 480917 372846 29 2 59 107877 14 10 29 51
1366 A 473768 360920 21 3 50 112658 31 3 29 53
1367 T 466664 40 351442 37 13 34 114974 17 29 78
1368 G 456944 50 47 10 342182 50 40 7 114508 50
1369 T 445839 43 335108 76 3 66 110403 36 24 80
1370 C 438252 50 38 328063 16 60 21 109915 20 69
1371 C 430858 48 59 321251 6 102 34 109284 27 47
1372 T 426966 28 313704 62 2 68 113003 25 17 57
1373 T 417709 41 308423 77 5 60 108995 38 4 66
1374 C 407341 98 26 303172 14 66 23 103872 22 48
1375 C 399620 117 41 298548 39 144 63 100583 35 50
1376 A 390371 290973 28 13 160 99020 27 15 87 48
1377 G 378773 86 91 17 285113 39 61 11 93320 35
1378 G 368935 18 8 1 279694 46 55 29 89042 42
1379 G 358287 51 74 16 272401 42 63 14 85579 47
1380 G 346639 43 94 18 266615 18 72 37 79702 40
1381 C 337609 130 81 260878 29 28 69 76262 67 65
1382 G 332350 114 95 15 258264 45 66 33 73678 40
1383 G 322885 48 89 14 253273 33 56 14 69318 40
1384 G 323549 61 102 25 252564 47 60 20 70580 90
1385 G 318370 55 51 13 250283 74 20 11 67819 44
1386 A 324126 245651 17 6 60 63425 34 25 7221 7687
1387 G 325676 38 64 11 252078 46 54 16 73302 67
1388 T 884596 15 524915 57 6 238 308183 150 16069 34963
1389 C 910251 77 33 581673 6 181 166 327601 145 369
1390 T 923908 37 616456 138 17 132 306426 236 46 420
1391 T 929098 53 612377 107 4 124 316197 117 25 94
1392 C 945705 104 153 618951 34 165 788 324642 63 805
1393 G 961509 126 198 36 631595 172 465 360 327471 1086
1394 A 970660 638221 25 7 94 331404 131 59 273 446
1395 G 983654 43 237 12 642676 100 231 65 340042 248
1396 C 1002667 134 60 666830 19 150 106 334581 220 567
1397 T 1021865 14 700048 118 7 63 320592 335 56 632
1398 C 1035286 56 66 703829 15 131 130 330797 34 228
1399 T 1048159 20 713602 130 3 59 333918 163 16 248
1400 C 1062163 125 174 715784 24 152 339 345354 64 147
1401 G 1073043 161 188 27 733244 230 341 322 337980 550
1402 G 1077545 109 201 39 748644 68 114 45 328214 111
1403 A 1086317 758031 54 4 177 321749 63 34 1673 4532
1404 C 1102084 85 182 790798 31 195 247 310201 44 301
1405 G 1114960 142 295 43 804105 147 175 80 309838 135
1406 A 1125421 812791 54 8 142 311430 43 28 361 564
1407 A 1136939 829725 46 10 164 306689 43 14 132 116
1408 A 1144160 848550 31 21 130 295101 128 19 75 105
1409 G 1143731 63 256 34 859909 1575 199 60 278177 3458
1410 G 1143519 123 153 33 879675 69 108 44 263203 111
1411 G 1143041 127 199 27 900496 50 70 30 241913 129
1412 C 1149064 171 227 917779 40 107 123 228303 744 1570
1413 A 1158276 933065 67 17 343 224225 55 68 128 308
1414 G 1155930 275 280 47 947683 109 122 55 207151 208
1415 C 1161088 170 239 963921 29 115 195 196025 81 313
1416 G 1172908 210 277 41 979473 68 134 29 192560 116
1417 A 1179545 989177 66 8 120 189519 39 24 206 386
1418 A 1183176 1000266 68 10 161 182119 50 82 44 376
1419 C 1187020 124 160 1016324 26 406 34 168548 35 1363
1420 C 1192907 163 81 1033423 28 122 48 158846 21 175
1421 C 1198263 232 213 1045505 30 98 149 151804 23 209
1422 G 1200031 212 333 38 1055905 98 114 462 140914 1955
1423 A 1203177 1064244 79 5 157 137329 78 58 136 1091
1424 T 1203447 113 1065527 123 3 181 136826 47 59 568
1425 C 1205152 211 183 1067388 34 93 96 136940 38 169
1426 G 1205332 299 227 55 1069095 107 83 81 135195 190
1427 T 1207922 72 1075475 209 7 81 129697 68 378 1935
1428 G 1210915 267 334 39 1089001 77 151 64 120823 159
1429 C 1213095 165 149 1090041 39 41 67 122148 112 333
1430 C 1215793 153 114 1097156 30 48 44 117837 31 380
1431 C 1217985 127 129 1110333 25 91 32 107051 18 179
1432 T 1218723 59 1115509 159 6 64 98891 761 35 3239
1433 C 1218748 111 97 1123496 46 43 65 94681 57 152
1434 T 1217700 37 1127805 457 24 73 88896 121 25 262
1435 T 1216784 28 1135877 151 11 44 80458 56 8 151
1436 T 1215024 50 1140836 107 8 18 73325 89 15 576
1437 T 1213353 50 1144971 169 9 62 67791 39 8 254
1438 G 1210745 255 322 103 1140399 26 1543 30 59911 8156
1439 A 1208608 1147034 159 24 221 59022 106 67 71 1904
1440 C 1206546 228 210 1151238 59 44 60 54416 20 271
1441 A 1205681 1154307 85 23 198 50819 17 11 27 194
1442 T 1204207 75 1158550 151 9 14 45198 10 10 190
1443 G 1203067 182 426 85 1162797 32 49 5 39312 179
1444 A 1201069 1165513 111 10 195 34493 5 2 54 686
1445 G 1199658 165 271 35 1169043 7 21 4 29938 174
1446 T 1197929 111 1155075 192 10 41 25112 7 956 16425
1447 A 1196030 1172475 45 4 141 23064 3 2 9 287
1448 A 1193956 1173830 87 7 107 19769 4 5 6 141
1449 T 1191743 111 1173185 174 17 61 17741 3 7 444
1450 G 1191007 174 416 123 1173387 24 35 9 16646 193
1451 A 1189108 1172849 127 13 136 15557 3 1 14 408
1452 A 1188086 1172901 80 13 152 14771 0 2 4 163
1453 G 1186888 240 281 38 1172105 191 13 1 13529 490
1454 G 1185682 108 277 55 1171332 17 5 3 13783 102
1455 A 1183998 1168916 85 5 195 13152 5 7 90 1543
1456 T 1182661 89 1169174 154 1 25 12751 3 10 454
1457 C 1181773 133 69 1168603 33 11 8 12714 5 197
1458 T 1180843 105 1167804 168 15 27 12532 7 2 183
1459 T 1179737 17 1167222 211 1 6 12131 7 4 138
1460 A 1178205 1165978 54 2 98 11286 121 3 3 660
1461 T 1177095 96 1165912 124 6 3 10774 4 2 174
1462 T 1176063 64 1165232 157 9 5 10397 4 2 193
1463 T 1175057 65 1164284 143 7 9 10224 4 3 318
1464 C 1173403 234 98 1158970 58 9 409 8881 5 4739
1465 T 1172706 46 1163089 201 11 11 9213 3 0 132
1466 T 1171335 75 1162474 116 6 12 8449 4 1 198
1467 C 1169820 318 179 1160629 31 13 81 7461 1 1107
1468 G 1169013 304 270 64 1160642 19 15 3 7425 271
1469 G 1167859 108 266 49 1160244 3 8 1 7044 136
1470 A 1166952 1157245 74 9 265 6612 6 3 127 2611
1471 G 1166150 123 263 67 1158695 7 2 3 6589 401
1472 A 1165445 1157811 148 11 354 6324 2 4 32 759
1473 C 1164960 214 149 1157894 31 14 3 6332 8 315
1474 A 1164382 1157766 48 13 176 6238 1 6 2 132
1475 A 1163489 1156938 78 11 157 5979 5 0 0 321
1476 T 1162603 124 1154798 154 14 58 5536 4 5 1910
1477 G 1161958 623 405 56 1155222 9 16 0 5411 216
1478 C 1161089 280 270 1155088 62 10 3 5175 6 195
1479 A 1160355 1154642 130 26 255 4850 3 2 2 445
1480 G 1159599 155 316 102 1153982 13 3 3 4686 339
1481 A 1158861 1153632 56 14 198 4547 0 1 8 405
1482 G 1158164 247 293 65 1152897 0 1 0 4481 180
1483 G 1157276 185 263 56 1152442 3 1 0 4211 115
1484 A 1156251 1149148 68 8 209 3856 1 1 60 2900
1485 G 1155095 224 300 21 1150769 1 1 0 3684 95
1486 T 1154251 87 1104052 184 10 8 3105 0 355 46450
1487 A 1153572 1149701 101 4 248 3340 2 1 2 173
1488 C 1152313 164 274 1148028 53 7 2 3177 2 606
1489 G 1148028 376 295 65 1144031 6 1 1 3008 245
1490 A 1141937 1138214 169 12 271 2906 2 1 5 357
1491 C 1140140 204 140 1136173 44 25 2 2934 2 616
1492 A 1135538 1132263 53 17 156 2856 3 1 14 175
1493 A 1130562 1127407 71 8 161 2768 3 0 2 142
1494 T 1126055 101 1122133 166 8 21 2704 2 2 918