# nucleotide counts
# upper case indicates nucleotide called by both reads
# lower case indicates nucleotide called by one read with other ambiguous
# N indicates disagreement between reads, or both ambiguous
# POSITION WT COUNTS A T C G a t c g N
1 A 1545399 1536100 122 12 332 8615 24 4 4 186
2 T 1547081 168 1536365 357 7 4 9569 4 1 606
3 G 1548446 410 430 31 1537252 6 15 2 9955 345
4 G 1549101 2175 1611 4417 1530680 11 23 45 9894 245
5 C 1550909 2631 2574 1531546 2404 25 33 11039 21 636
6 G 1552944 2379 1838 4873 1531164 25 26 55 12057 527
7 T 1554863 2165 1534976 3265 855 19 12882 39 11 651
8 C 1556818 2387 1475 1537272 1162 27 22 14178 11 284
9 C 1558999 2098 1492 1538191 1609 22 21 15226 11 329
10 C 1561080 4807 3633 1533331 2986 52 52 15949 31 239
11 A 1563650 1532452 3769 6209 3539 17209 59 71 39 303
12 A 1565967 1533378 3393 7090 3264 18434 71 85 37 215
13 G 1567166 1723 2220 3251 1540937 39 45 36 18669 246
14 G 1569277 2061 1717 3616 1541709 26 36 54 19635 423
15 C 1572139 2198 1822 1545535 1285 32 40 20996 32 199
16 A 1573948 1543500 2404 3016 1933 21884 55 78 36 1042
17 C 1576184 2587 2187 1546431 1787 47 36 22871 36 202
18 C 1579618 2658 1991 1548125 1606 44 42 24877 28 247
19 A 1582726 1546549 2474 3583 2488 27234 63 73 52 210
20 A 1585430 1548494 2203 4278 2073 27921 59 90 36 276
21 A 1587425 1550924 2358 3560 2365 27633 66 78 40 401
22 C 1589859 2383 2316 1554928 1662 66 66 28186 25 227
23 G 1592314 2836 2084 2643 1556000 67 74 67 28282 261
24 G 1595943 2559 1993 2394 1559430 63 44 62 29180 218
25 T 1599215 2678 1558704 2434 2109 52 30691 55 54 2438
26 C 1602461 2660 1890 1563703 1866 57 58 31996 46 185
27 T 1605774 1981 1564461 2708 2048 54 34196 80 53 193
28 T 1609140 2407 1562324 3534 2469 72 38000 93 57 184
29 A 1613541 1563400 2246 3114 2834 41471 96 116 83 181
30 T 1617978 2631 1564583 3729 2225 110 44091 126 53 430
31 G 1619985 1509 1590 1696 1567938 60 113 65 46629 385
32 A 1623916 1568422 1358 2290 1657 49604 64 102 61 358
33 A 1627418 1571125 1199 1625 1503 51442 64 68 67 325
34 C 1632093 2704 2442 1570040 2194 115 106 54173 84 235
35 A 1636825 1568819 2154 4001 2593 58605 111 163 103 276
36 G 1638335 2713 2481 3605 1567797 121 146 147 61123 202
37 A 1642158 1567932 1923 3698 2276 65717 80 151 109 272
38 T 1646074 2863 1563743 3440 2198 143 70796 162 112 2617
39 G 1649343 2633 2174 3509 1563762 145 179 154 76517 270
40 G 1652633 2019 1886 3622 1562449 120 118 216 81961 242
41 A 1656423 1555294 1404 4004 2253 91962 128 297 162 919
42 A 1660356 1553579 1515 3966 1892 98539 114 304 141 306
43 A 1663294 1557767 772 1609 1230 101159 82 159 93 423
44 C 1667162 1157 852 1557963 1336 97 121 105335 80 221
45 T 1672826 1237 1552128 1564 1068 124 115951 156 126 472
46 G 1674745 1283 1171 1627 1547465 153 199 153 122496 198
47 A 1676958 1544686 824 1667 1308 127516 106 167 175 509
48 T 1680309 1070 1542122 1695 1129 142 133595 169 145 242
49 G 1681551 2421 2040 2591 1529372 263 321 277 144018 248
50 G 1681511 2229 1654 2973 1522807 310 282 338 150641 277
51 G 1680439 2303 1850 2771 1515642 304 277 346 156627 319
52 G 1679726 2138 1955 3974 1506065 327 230 434 164298 305
53 A 1680468 1500142 1625 3961 1823 171506 216 485 239 471
54 A 1677874 1496773 1423 3731 1817 172819 204 515 227 365
55 C 1676618 1482 1814 1485534 1653 244 260 185166 285 180
56 G 1671875 2515 1506 2747 1473224 373 263 451 190425 371
57 C 1670797 1832 1453 1466232 1423 295 232 198838 241 251
58 C 1677497 2238 1902 1454680 2192 534 342 214878 379 352
59 A 1681531 1443940 1809 2867 2919 228311 381 527 547 230
60 G 1674762 2135 2379 2762 1436573 470 460 492 229229 262
61 A 1672183 1425032 1499 3648 2006 238454 308 556 434 246
62 A 1670354 1407307 1657 2947 1996 254900 390 508 404 245
63 T 1670960 2442 1392942 3028 1657 539 268914 603 351 484
64 G 1663987 3234 2357 3227 1370633 722 653 701 282216 244
65 C 1660353 2549 2369 1351707 2168 721 625 299456 515 243
66 A 1659512 1328183 1754 3072 2170 322253 455 827 533 265
67 A 1653104 1308807 2091 3364 2253 334027 630 879 636 417
68 C 1650239 2764 1825 1297881 2035 1032 568 343064 709 361
69 T 1649812 2469 1296727 3340 2266 777 342438 884 660 251
70 G 1639370 1862 2325 1986 1284417 600 778 624 346530 248
71 A 1632933 1268401 1695 2187 1847 356653 636 669 611 234
72 G 1624261 2209 1670 1874 1253894 798 533 607 362459 217
73 A 1615398 1227159 1465 2308 1270 381021 579 839 438 319
74 T 1606739 1663 1202234 2452 1328 723 396727 892 479 241
75 C 1600242 1734 1244 1175795 1193 979 590 417970 515 222
76 A 1595019 1151755 888 2206 1566 436191 544 875 655 339
77 G 1576244 920 1125 2270 1131762 516 600 929 437911 211
78 A 1563629 1103115 585 2233 1123 454488 317 994 559 215
79 G 1544863 832 1098 1342 1078905 456 579 638 460745 268
80 C 1529175 1045 1382 1068715 1078 691 652 454841 558 213
81 A 1515390 1041031 755 1190 1279 469312 439 521 601 262
82 T 1500930 916 1021370 1482 1207 512 473760 786 634 263
83 C 1489039 1233 969 1008430 1134 771 626 474978 648 250
84 C 1495763 1164 1018 998838 1253 1190 562 490771 734 233
85 G 1483314 1156 917 1232 989034 1014 672 607 488451 231
86 T 1464705 847 970220 1442 761 516 488955 778 628 558
87 C 1452342 1048 734 956076 732 806 648 491302 617 379
88 G 1421763 872 1176 1506 947862 598 805 862 467812 270
89 G 1394893 1066 1017 1307 929631 587 604 595 459862 224
90 G 596406 471 475 759 460240 199 180 242 133749 91
91 A 588049 459135 546 663 502 126449 169 188 180 217
92 A 578990 450624 473 735 514 125931 208 239 147 119
93 G 575823 618 634 587 451541 237 224 178 121720 84
94 A 574723 450010 668 612 710 121946 206 226 225 120
95 T 577330 780 452481 629 623 269 122058 208 172 110
96 G 579099 659 794 864 461729 193 305 296 114182 77
97 A 580816 466128 556 590 525 112426 190 168 127 106
98 T 582056 812 469063 299 651 250 110630 92 141 118
99 T 584768 819 476137 544 440 222 106215 169 123 99
100 G 586725 799 608 790 482973 217 278 195 100767 98
101 A 590981 487705 667 795 723 100385 170 224 205 107
102 T 596382 743 498215 952 611 237 95160 228 139 97
103 G 600749 534 617 599 502907 135 199 153 95489 116
104 G 607237 480 487 774 508905 146 143 214 95991 97
105 A 611395 513399 477 652 568 95726 132 176 148 117
106 A 615869 525387 275 628 335 88870 82 126 65 101
107 T 619258 352 533444 571 322 77 84176 140 66 110
108 T 627561 439 536481 547 352 91 89320 140 77 114
109 G 633474 332 367 358 545870 83 190 67 86078 129
110 G 638355 252 381 357 555942 65 90 70 81085 113
111 A 644794 561987 270 479 468 81103 74 97 103 213
112 C 654401 389 339 568550 188 88 97 84576 44 130
113 G 663031 351 514 738 574284 67 154 165 86646 112
114 A 670783 583166 307 705 213 86012 74 123 64 119
115 T 678148 542 586489 951 681 106 88954 175 127 123
116 T 683265 533 591674 1011 577 102 88929 171 107 161
117 C 686796 688 510 598608 560 132 114 85983 92 109
118 T 696704 802 605262 796 947 154 88309 155 162 117
119 A 704302 611827 651 833 1074 89211 128 150 190 238
120 C 711934 1158 803 619483 817 238 147 89055 135 98
121 A 721014 625040 584 809 514 93604 99 164 74 126
122 T 728355 728 630861 878 618 155 94668 155 104 188
123 C 736216 951 413 639702 718 150 102 93904 136 140
124 C 745247 870 663 645688 586 150 133 96925 81 151
125 A 754177 651426 632 957 778 99800 123 168 146 147
126 A 760572 657236 487 1012 837 100444 95 186 130 145
127 A 768902 667213 374 903 427 99527 71 172 70 145
128 T 776193 561 676478 735 420 112 97517 147 89 134
129 G 780837 634 628 656 685240 152 154 125 93125 123
130 T 788704 365 693657 832 264 71 92994 112 51 358
131 G 795715 431 507 684 701606 65 133 89 92078 122
132 C 803289 480 705 705755 302 64 128 95657 48 150
133 A 809729 713781 644 973 678 93013 120 162 103 255
134 C 814710 778 597 718817 676 128 110 93377 91 136
135 T 820372 721 723848 1093 604 115 93574 186 76 155
136 G 822590 620 770 809 730202 114 169 147 89605 154
137 A 829585 735804 529 804 584 91395 113 125 79 152
138 A 835494 741679 577 827 571 91191 116 134 98 301
139 C 841232 491 429 750090 153 103 82 89700 34 150
140 T 849367 386 757646 653 305 69 89975 100 40 193
141 T 856760 528 763478 558 349 92 91458 100 52 145
142 A 861699 766872 398 328 443 93300 101 45 65 147
143 A 868542 771921 472 346 319 95126 66 65 61 166
144 A 873695 774210 391 353 215 98067 63 62 51 283
145 C 879721 2278 1889 774680 1987 405 257 97789 295 141
146 T 886132 2234 776585 3120 2142 347 100688 504 298 214
147 C 892010 2797 2007 780942 2249 437 339 102724 344 171
148 A 898429 786479 1455 2425 2240 104734 231 371 333 161
149 G 902167 1681 1416 2190 790928 303 242 342 104920 145
150 T 908258 1569 796252 2832 1882 250 104260 468 298 447
151 G 914836 877 912 793 803548 134 236 141 108067 128
152 A 919004 810962 1156 1129 335 104824 173 174 89 162
153 T 923374 800 813174 1138 799 173 106840 150 135 165
154 T 931063 1453 817472 935 1442 230 109031 144 211 145
155 A 937666 824649 1169 1312 1496 108276 215 181 221 147
156 T 943096 1392 831209 1313 1273 269 107064 180 193 203
157 G 946685 1182 1175 1402 838794 183 224 180 103401 144
158 A 951371 843873 906 1521 1616 102622 205 174 263 191
159 G 953363 1159 1133 1434 846014 213 211 177 102862 160
160 G 955486 982 994 1124 850862 132 196 134 100829 233
161 G 957155 869 896 1348 855738 138 152 175 97584 255
162 G 958634 964 788 1089 861004 126 152 155 94151 205
163 C 963989 1078 1355 863169 1119 181 260 96433 172 222
164 G 969517 1225 1518 2121 859828 209 245 260 103946 165
165 A 972378 863809 1149 2346 1477 102565 162 299 247 324
166 C 977384 1749 1513 868640 1440 258 222 103225 189 148
167 T 985838 1859 869334 2958 1594 238 109044 392 228 191
168 G 987766 1555 2070 2445 871766 228 298 352 108900 152
169 A 993014 877364 1342 1918 1703 109811 198 241 248 189
170 T 996857 1356 882246 1933 1682 198 108736 277 258 171
171 C 1004133 1831 1453 890223 1595 272 231 108115 203 210
172 C 1010181 1940 1737 891099 1994 366 315 112309 245 176
173 A 1014417 893348 1925 2257 2766 112879 369 326 372 175
174 G 1013841 1764 2140 2368 893218 319 351 355 113177 149
175 A 1021126 892817 1883 2996 2573 119470 324 426 440 197
176 A 1024032 891400 2579 2249 2643 123739 405 340 438 239
177 C 1026962 2281 2611 889628 2692 421 470 128268 436 155
178 A 1029103 896943 875 1104 958 128540 188 210 141 144
179 G 1027746 785 1049 1167 902304 147 223 234 121687 150
180 C 1029324 967 775 902319 976 202 186 123516 199 184
181 T 1037513 789 906224 1037 1091 137 127682 172 159 222
182 T 1043638 1000 915133 1122 863 187 124808 199 123 203
183 A 1047581 918649 858 1080 1085 125195 178 163 180 193
184 A 1051725 920109 1220 2780 1457 125032 215 439 223 250
185 C 1056009 1633 1193 923399 1537 388 182 127249 250 178
186 A 1062072 926044 1092 2890 1416 129616 189 441 227 157
187 A 1061062 929552 1236 1641 888 126865 234 244 208 194
188 T 1064583 1384 934395 1564 1000 267 125313 317 152 191
189 A 1067495 934079 1397 1823 1125 128094 355 266 181 175
190 G 1067603 1189 1391 1853 939573 241 283 315 122584 174
191 A 1069638 941494 1114 1926 1054 123161 224 304 161 200
192 G 1069618 1044 1180 2294 945998 202 199 362 118172 167
193 A 1072750 946686 939 1190 834 122335 202 192 152 220
194 G 1072058 831 1235 1592 945019 168 200 260 122565 188
195 A 1071536 948379 842 1152 880 119558 151 239 126 209
196 A 1074096 955595 321 288 256 117240 53 46 69 228
197 T 1076114 348 955483 439 217 81 119163 94 51 238
198 G 1074351 398 458 418 954713 68 153 89 117798 256
199 G 1076218 276 278 163 952247 85 62 47 122842 218
200 T 1080270 217 951997 342 231 71 126066 87 107 1152
201 G 1086782 520 358 143 955475 99 134 52 129821 180
202 C 1091346 837 692 956354 529 158 123 132324 106 223
203 T 1096896 587 955606 1383 750 142 137834 244 104 246
204 C 1102018 773 933 961360 606 229 157 137685 112 163
205 T 1103997 902 955731 1539 910 255 144036 258 160 206
206 C 1103492 1059 979 953268 867 266 224 146488 173 168
207 T 1106394 1119 949323 1413 774 327 152841 257 148 192
208 G 1099095 1671 996 1442 944260 422 256 274 149651 123
209 C 1100339 1446 1037 941200 1082 333 330 154503 239 169
210 T 1107328 1150 942290 1723 1129 224 159951 428 208 225
211 T 1109480 688 943301 1166 684 192 162776 216 243 214
212 T 1111403 868 943598 1099 539 207 164507 216 115 254
213 T 1112070 741 938001 1176 756 176 170537 238 210 235
214 G 1105883 834 992 1333 934162 323 268 284 167506 181
215 A 1100216 930387 916 1249 943 165787 190 300 211 233
216 C 1100147 782 1500 928880 857 248 401 166965 297 217
217 G 1099812 681 904 977 929810 270 250 282 166465 173
218 A 1101402 933431 785 887 874 164548 234 182 225 236
219 A 1101928 931997 705 923 711 166787 195 191 194 225
220 A 1102280 933154 618 866 821 166020 224 164 204 209
221 G 1098026 677 981 1116 934591 212 201 226 159861 161
222 A 1100016 937933 574 1092 925 158702 161 229 189 211
223 A 1098135 938486 571 833 648 156938 145 139 180 195
224 G 1095710 589 812 729 939441 169 236 160 153390 184
225 G 1090267 447 998 771 937596 170 191 162 149757 175
226 A 1085276 933650 489 854 580 149106 110 131 152 204
227 A 1086200 931926 679 723 539 151778 159 113 102 181
228 T 1084840 488 931873 783 743 198 150223 144 121 267
229 A 1084559 928721 550 775 814 153085 138 161 150 165
230 A 1082394 928393 589 840 763 151190 130 153 133 203
231 A 1076346 926129 626 799 726 147437 151 169 125 184
232 T 1074588 1038 921750 948 718 262 149274 197 167 234
233 A 1073763 926342 793 907 930 144029 216 205 164 177
234 T 1067915 1071 928362 829 761 164 136166 174 176 212
235 C 1066352 1506 832 930540 1006 289 190 131621 187 181
236 T 1068273 1269 921823 1568 857 213 141871 272 184 216
237 G 1061111 1148 1081 1337 920026 212 311 231 136566 199
238 G 1060122 1868 2274 2756 913655 397 398 437 138128 209
239 A 1059220 909772 1818 2759 1602 141916 308 491 355 199
240 A 1057873 907017 2024 2828 1622 142974 399 474 359 176
241 G 1054576 2034 2136 2132 906874 458 429 352 139951 210
242 A 1051888 905578 1791 2378 1773 139079 376 388 333 192
243 A 1052611 904841 1816 2478 1586 140520 339 479 276 276
244 C 1051109 1480 1408 904409 1437 321 257 141360 272 165
245 A 1055412 904466 1329 1148 1627 145886 306 219 259 172
246 T 1054426 1837 901238 1106 1525 363 147582 219 252 304
247 C 1056019 1987 1774 898706 1938 406 380 150287 360 181
248 C 1057930 1917 1781 898583 1804 481 316 152452 355 241
249 C 1063266 1803 1689 899460 1869 462 327 157087 365 204
250 A 1068578 903348 1606 1082 1977 159439 315 247 383 181
251 G 1062380 1681 1352 1424 908498 352 275 272 148361 165
252 C 1057540 1643 1608 906448 1336 352 281 145327 350 195
253 G 1054073 1292 1190 1191 904204 213 244 292 145263 184
254 C 1051655 1115 1280 903675 1579 190 347 142733 424 312
255 G 1051421 1222 1187 1379 905703 225 285 317 140910 193
256 G 1048392 1426 1458 1506 900329 240 313 252 142688 180
257 G 1046227 1548 1259 1329 900368 274 249 233 140760 207
258 G 1042895 1313 1199 1466 899294 300 234 232 138671 186
259 A 1044133 899547 1425 1584 1871 138494 276 280 391 265
260 A 1043824 906162 1177 2052 1336 131744 541 309 319 184
261 G 1041271 1508 1577 1652 906739 296 300 246 128767 186
262 G 1036997 1313 1359 2005 906327 317 542 314 124603 217
263 A 1034999 905839 1347 1673 1790 122928 579 285 336 222
264 T 1032520 1459 907338 1557 1651 296 119072 562 308 277
265 C 1028864 2673 2264 902494 2599 432 662 117073 403 264
266 C 1032519 2705 2501 898660 2637 500 674 124187 397 258
267 T 1039085 2506 901082 2865 2841 494 128047 679 400 171
268 A 1037761 901962 2679 1664 3023 126961 416 395 469 192
269 A 1036155 904637 2525 1784 2822 123119 383 257 451 177
270 G 1034103 2183 2862 2226 906818 476 401 291 118610 236
271 A 1032763 909513 1592 1913 1332 117494 260 246 235 178
272 A 1032844 906762 1753 2006 1212 120115 323 286 186 201
273 A 1030397 904393 1742 1708 1264 120417 277 243 193 160
274 A 1026764 906315 682 1165 677 116972 154 253 130 416
275 C 1026471 874 833 905624 695 197 184 117712 151 201
276 T 1027104 639 901946 1267 644 134 121890 219 144 221
277 G 1023311 925 823 858 902051 152 227 145 117957 173
278 G 1022322 808 680 949 903339 142 149 141 115933 181
279 A 1026248 905121 739 1118 1001 117502 154 195 201 217
280 G 1024366 537 633 833 905897 142 110 118 115902 194
281 G 1023018 562 679 711 905246 132 118 108 115222 240
282 A 1021179 903418 405 681 600 114931 92 170 105 777
283 C 1022139 397 599 903304 346 82 101 117026 58 226
284 C 1023983 619 401 902820 326 118 97 119346 50 206
285 C 1024368 484 622 898714 366 170 113 123580 67 252
286 A 1026717 896848 678 732 773 127034 162 132 157 201
287 T 1024050 583 895724 813 704 146 125617 137 121 205
288 A 1020380 894960 564 728 794 122797 113 122 142 160
289 T 1021456 682 893483 916 832 134 124897 148 149 215
290 A 1018964 891343 1008 744 819 124283 163 138 149 317
291 C 1017794 852 992 892618 754 228 150 121766 124 310
292 A 1019618 889335 745 1316 1073 126467 116 202 170 194
293 A 1019692 887298 818 1157 944 128733 177 182 155 228
294 G 1018459 764 951 1325 886418 189 156 217 128253 186
295 A 1016444 883711 548 810 826 129898 143 123 179 206
296 G 1010891 492 780 788 880350 114 165 160 127827 215
297 A 1009876 879458 666 917 695 127460 126 162 126 266
298 G 1007814 888 1118 1492 878200 165 187 280 125324 160
299 T 1009683 1048 878593 1809 740 383 124308 304 236 2262
300 A 1010308 879870 809 1548 1292 125923 167 279 221 199
301 G 1008286 821 1091 1277 881811 189 237 201 122452 207
302 A 1008925 882628 860 1254 764 122740 146 210 136 187
303 T 1010270 998 882059 1152 779 240 124445 185 153 259
304 A 1010915 880794 976 1400 1019 125938 203 220 204 161
305 G 1007591 1033 1002 1552 879162 222 209 249 123992 170
306 A 1007739 878382 750 1543 960 125304 144 275 183 198
307 A 1011057 883109 476 943 544 125421 113 149 87 215
308 A 1010413 885273 451 810 723 122627 93 125 120 191
309 G 1011541 414 647 866 883896 91 145 181 125107 194
310 T 1014015 992 879417 2242 726 246 128292 392 340 1368
311 G 1013949 1369 1065 1688 878302 251 256 347 130461 210
312 G 1012409 1057 1236 1963 877963 182 241 362 129174 231
313 A 1012327 878256 638 1015 669 131154 114 165 132 184
314 T 1008733 703 878535 988 622 156 127174 157 130 268
315 G 1009112 759 873 959 881322 158 242 180 124452 167
316 A 1008983 874457 512 1012 973 131237 187 144 204 257
317 G 1001645 770 806 868 867086 146 258 158 131353 200
318 G 999462 684 654 924 866546 131 191 167 129892 273
319 G 994618 874 575 649 865467 191 128 89 126263 382
320 A 994251 863415 466 441 472 128935 86 77 106 253
321 A 991414 862924 363 551 534 125724 97 170 88 963
322 C 987234 480 426 863563 360 127 80 121952 67 179
323 T 987989 329 861658 767 575 66 124046 174 89 285
324 C 991324 764 466 862328 311 137 138 126936 83 161
325 G 989627 526 543 625 861144 209 142 163 126108 167
326 T 991781 430 859040 689 545 112 130354 171 125 315
327 C 993655 515 454 855111 577 113 107 136425 129 224
328 C 996365 683 466 853685 450 210 147 140394 84 246
329 T 998424 546 853418 817 383 159 142645 193 68 195
330 T 997511 469 851997 743 580 139 143120 170 105 188
331 T 993889 465 849737 621 385 127 142179 128 74 173
332 A 988993 844692 505 424 486 142361 159 94 84 188
333 T 986655 463 839281 632 470 121 145273 117 100 198
334 G 981586 715 788 737 834713 212 268 219 143749 185
335 A 980343 832757 545 926 833 144354 179 244 208 297
336 C 982044 740 609 830204 585 411 152 148867 150 326
337 A 986935 828965 588 896 709 155068 158 194 179 178
338 A 984975 824094 746 1037 515 157892 175 215 120 181
339 A 988337 825108 595 769 775 160376 169 172 191 182
340 G 988958 504 764 711 831093 246 225 162 155011 242
341 A 990236 835935 546 771 772 151508 134 202 188 180
342 A 992690 840200 483 709 809 149807 114 166 201 201
343 G 988126 567 475 508 845226 224 146 126 140572 282
344 A 987569 841804 315 385 485 144094 91 93 130 172
345 A 984589 837513 513 365 384 145305 129 97 85 198
346 A 983629 836676 848 871 590 143984 179 178 138 165
347 T 982179 771 830867 967 640 284 148003 200 150 297
348 A 988937 834704 680 953 866 150993 217 192 173 159
349 A 991260 837028 845 1013 889 150649 202 247 195 192
350 G 987561 905 886 953 839823 256 226 194 144165 153
351 G 982889 659 962 835 840421 157 165 211 139284 195
352 C 982256 495 679 844004 445 150 195 135880 136 272
353 G 980789 496 679 748 841734 198 154 157 136403 220
354 A 981376 844399 437 731 441 134850 107 153 111 147
355 A 980675 843012 446 244 334 136153 114 57 85 230
356 T 982186 374 844558 440 250 95 136094 93 65 217
357 C 980920 599 247 846703 334 143 104 132521 70 199
358 T 987067 513 846351 771 576 175 138153 137 139 252
359 G 985133 506 743 712 847935 143 216 116 134568 194
360 G 981931 543 552 688 847860 130 104 134 131682 238
361 C 985743 1242 1460 847007 1200 266 311 133739 235 283
362 G 983466 1308 1048 1707 848049 252 220 315 130322 245
363 C 982008 878 923 851343 1149 139 169 126994 219 194
364 C 988870 1118 724 852157 1308 295 154 132469 217 428
365 A 989629 847141 622 1390 1421 138216 127 283 256 173
366 A 989381 844991 860 1098 1402 140196 163 182 283 206
367 G 986610 877 847 657 848820 206 174 162 134695 172
368 C 981835 836 816 851787 855 181 186 126802 186 186
369 C 981361 720 632 852705 800 217 131 125782 152 222
370 A 983586 853718 579 886 731 127049 138 194 107 184
371 A 988853 856666 717 747 626 129465 143 162 136 191
372 T 989260 763 857993 679 612 217 128598 127 103 168
373 A 992460 861696 1009 923 846 127242 235 158 184 167
374 A 993943 862005 798 980 919 128490 178 196 162 215
375 T 998243 909 863622 1021 726 208 131210 225 147 175
376 G 997006 1023 986 1114 860597 245 241 223 132426 151
377 G 995863 1077 939 1067 859422 279 195 193 132524 167
378 T 996397 1101 860765 1175 898 255 130270 250 320 1363
379 G 995371 909 993 876 866725 200 273 200 125044 151
380 A 994961 867899 543 1041 972 123823 108 190 218 167
381 T 995380 955 868356 891 753 210 123687 158 181 189
382 G 996181 1046 960 701 868170 222 246 141 124531 164
383 A 995151 871359 821 829 917 120542 190 132 176 185
384 T 995856 815 871330 961 816 174 121216 213 145 186
385 G 996824 1248 1040 820 872681 248 229 155 120230 173
386 C 996983 1165 921 873875 928 254 231 119241 164 204
387 A 1001409 877967 766 1112 866 120017 173 183 149 176
388 A 1003437 882068 900 905 721 118076 165 199 130 273
389 C 1005202 1152 865 884683 747 291 152 116997 131 184
390 A 1008032 884032 854 906 867 120720 142 164 165 182
391 G 1010894 950 1115 1050 887562 189 214 204 119447 163
392 C 1010523 1028 747 886681 790 199 182 120605 135 156
393 T 1010996 739 885568 1216 1027 140 121718 216 186 186
394 G 1009755 816 734 721 882172 179 175 128 124646 184
395 G 1001905 800 704 595 878359 174 130 127 120852 164
396 T 998987 645 875945 955 616 162 119920 176 111 457
397 C 998338 821 710 872748 666 157 117 122869 113 137
398 T 999553 933 870123 1124 641 153 126092 192 126 169
399 G 993717 712 983 698 869228 151 189 127 121461 168
400 A 992143 868826 649 2296 956 118538 119 322 179 258
401 C 996113 1173 826 869981 992 195 155 122466 180 145
402 T 998379 1268 869661 1893 735 206 123967 327 127 195
403 C 999201 1167 778 869653 767 235 183 126149 121 148
404 A 1000754 871199 724 1056 918 125986 144 220 168 339
405 C 1001928 1124 743 875860 816 225 163 122680 141 176
406 A 1007205 877172 812 984 1054 126506 148 196 192 141
407 T 1010212 1093 879060 1100 892 229 127339 171 160 168
408 G 1008890 1107 1006 975 885579 196 242 166 119479 140
409 A 1007824 887585 563 1114 785 117192 111 201 117 156
410 T 1008667 868 884850 979 516 179 120845 178 83 169
411 G 1009213 748 796 864 886038 140 187 176 120100 164
412 A 1011329 888500 594 734 620 120327 153 125 95 181
413 T 1009833 659 890276 833 761 127 116699 138 120 220
414 C 1009872 965 512 886813 567 214 98 120426 127 150
415 T 1012988 475 886783 929 388 143 123887 157 73 153
416 G 1006181 534 636 464 886331 106 175 98 117673 164
417 G 1002511 705 481 452 887788 105 102 106 112588 184
418 C 1003208 643 471 888072 399 130 95 113115 90 193
419 A 1005017 888376 297 411 428 115113 58 76 71 187
420 T 1006723 292 889165 498 313 73 116086 81 44 171
421 T 1006902 538 890207 674 487 85 114553 98 86 174
422 C 1006037 632 479 891277 460 124 99 112658 81 227
423 C 1006468 634 503 889505 406 199 103 114830 83 205
424 A 1008692 887365 567 737 778 118722 79 120 138 186
425 A 1007269 887369 659 743 556 117440 118 119 94 171
426 T 1006215 747 886027 782 604 131 117501 147 92 184
427 T 1009803 657 887335 739 487 139 120031 139 66 210
428 T 1012387 621 886652 841 465 139 123272 135 79 183
429 G 1011770 635 775 886 886303 137 239 156 122488 151
430 A 1013340 891102 464 740 767 119724 103 98 130 212
431 A 1012540 889889 465 727 617 120350 87 114 112 179
432 T 1011933 615 885883 812 537 114 123557 130 90 195
433 G 1008317 582 731 592 885875 150 176 129 119933 149
434 A 1006210 887235 702 413 454 116932 130 86 91 167
435 T 1006095 560 885070 588 462 132 118911 121 73 178
436 A 1006801 882045 296 564 799 122512 81 97 128 279
437 C 1007353 607 459 881023 453 150 104 124289 105 163
438 A 1011881 882070 403 707 653 127586 83 131 84 164
439 A 1009930 881781 354 482 648 126119 91 87 108 260
440 C 1009764 538 280 881868 458 148 109 126121 87 155
441 A 1009022 879060 382 390 456 128326 84 78 109 137
442 T 1004043 520 873065 581 634 104 128697 165 115 162
443 A 1003508 872527 458 626 695 127916 104 220 138 824
444 C 1006169 540 359 874127 620 124 96 129968 197 138
445 C 1008197 607 560 871903 753 173 123 133669 231 178
446 A 1016118 873994 662 695 945 139091 246 119 186 180
447 G 1016095 546 776 714 877104 130 179 146 136348 152
448 A 1018741 872463 265 348 588 144476 76 182 171 172
449 G 1016090 465 532 431 869737 103 193 102 144357 170
450 G 1011611 399 494 389 869373 211 127 105 140322 191
451 A 1012917 867803 485 1191 716 141790 142 229 177 384
452 C 1013153 747 724 869281 550 215 183 141152 119 182
453 A 1016209 868389 585 848 924 144760 144 183 182 194
454 A 1011598 865924 1032 1451 1184 141011 292 277 228 199
455 G 1013167 1089 1207 1319 867897 317 299 271 140509 259
456 A 1010565 870118 921 1245 1258 136069 202 259 256 237
457 G 1006090 1162 1256 1318 872878 224 228 250 128625 149
458 C 1008134 1283 1040 871562 1099 256 214 132255 269 156
459 T 1013042 1160 873571 1380 883 223 135167 291 167 200
460 C 1013401 1305 1243 876219 1412 278 316 132101 246 281
461 T 1013465 1329 878756 1367 1336 297 129706 253 233 188
462 T 1018556 1602 878608 1329 1456 299 134516 260 277 209
463 G 1017431 1619 1436 1479 876819 295 310 285 135000 188
464 T 1015563 1541 872245 1491 1701 327 137397 249 318 294
465 T 1015048 2050 869296 1164 1521 426 139750 349 268 224
466 C 1013407 1444 1522 868748 1517 338 340 139027 294 177
467 G 1017810 1705 1235 1633 873100 398 361 302 138861 215
468 C 1020910 1636 1239 882906 1594 301 229 132555 288 162
469 A 1023985 883173 1230 1427 1757 134305 359 367 337 1030
470 C 1026269 1275 1442 882596 1395 267 263 138467 391 173
471 C 1030084 1490 1408 881592 1342 357 356 142975 373 191
472 G 1032158 1417 1310 1548 880297 335 383 363 146269 236
473 G 1030683 1786 1171 1683 883383 379 244 370 141457 210
474 C 1030983 1379 1232 883570 1069 321 322 142669 238 183
475 A 1027260 880260 1364 1992 1599 140846 288 385 353 173
476 T 1026965 1489 879172 2022 1313 310 141798 403 268 190
477 G 1023497 1698 1527 2052 877460 386 370 359 139447 198
478 G 1018578 1569 1491 1195 881023 300 287 262 132265 186
479 A 1020618 882879 1210 1593 1879 131947 278 296 335 201
480 T 1021815 1507 885445 1563 1693 335 130393 332 293 254
481 C 1021976 1418 1455 885830 1561 268 310 130617 309 208
482 C 1025399 1525 1384 889274 1572 313 259 130547 299 226
483 C 1026749 1614 1098 888967 1661 427 266 132181 299 236
484 A 1032997 893483 1304 1341 1954 133831 240 253 375 216
485 G 1032627 1549 1488 1481 895394 328 307 245 131639 196
486 G 1031052 1974 1405 1128 897325 385 275 228 128147 185
487 A 1029979 896038 1191 949 1215 129720 237 164 228 237
488 T 1032302 1164 897482 1052 1385 213 130342 199 257 208
489 G 1030667 1149 1249 1000 899673 209 250 173 126765 199
490 T 1031505 1059 899806 1412 1144 197 126790 259 247 591
491 G 1030084 1497 1109 1441 897899 282 248 256 127122 230
492 C 1030263 1196 1120 895671 1029 210 237 130417 185 198
493 T 1036159 987 893478 1204 1021 214 138472 255 283 245
494 C 1039246 1145 896 891291 1117 356 249 143607 247 338
495 T 1042293 1027 891142 1012 851 303 147326 252 201 179
496 C 1043676 1523 965 889990 1041 352 253 149130 225 197
497 T 1046900 1122 891983 1269 1228 357 150180 258 313 190
498 G 1042547 1181 1389 755 895397 339 333 225 142781 147
499 A 1042477 897432 1034 1185 1352 140371 264 275 368 196
500 T 1047532 1063 902610 1314 1186 263 140360 299 250 187
501 G 1049789 1296 1294 1124 901234 333 298 288 143736 186
502 C 1051173 1490 1788 905079 1336 316 463 140253 272 176
503 A 1050734 905759 1249 1403 1919 139186 289 287 398 244
504 G 1046569 1447 1499 1216 906666 267 365 246 134696 167
505 G 1041712 1133 1003 932 905033 210 235 199 132764 203
506 G 1043294 1222 1017 753 905049 217 239 143 134459 195
507 T 1043891 756 906238 1176 1436 192 132819 242 296 736
508 T 1040331 719 908997 1106 828 158 127911 253 136 223
509 C 1042154 948 1160 911847 731 225 397 126570 119 157
510 G 1043275 1077 857 860 911552 386 174 208 127994 167
511 A 1043552 911267 738 1112 624 128540 170 236 168 697
512 C 1047339 699 745 917391 728 176 141 127194 117 148
513 T 1050793 814 916205 951 674 139 131342 221 137 310
514 C 1048935 961 1053 914227 896 204 205 131053 189 147
515 T 1051128 885 912445 1238 1111 271 134474 250 202 252
516 C 1053741 1165 965 913308 957 210 209 136532 182 213
517 C 1060217 1381 1324 914009 1243 351 247 141199 238 225
518 C 1064740 1382 1089 917781 1205 343 232 142299 226 183
519 T 1067708 1464 915645 1767 1122 355 146646 352 182 175
520 A 1066451 909449 1339 1070 1023 152709 302 210 179 170
521 G 1064221 972 1434 1283 909267 177 317 278 150340 153
522 G 1064583 1254 1130 1166 911887 289 257 228 148178 194
523 A 1063998 911322 646 674 788 149850 139 119 173 287
524 G 1066244 781 694 723 913497 134 162 197 149898 158
525 G 1065428 627 748 524 915392 135 218 113 147524 147
526 T 1069446 599 916206 972 565 173 149531 292 184 924
527 C 1071363 717 863 919398 530 157 207 149189 115 187
528 T 1077065 763 926820 1472 570 164 146695 261 141 179
529 G 1078518 661 774 773 929450 153 303 134 146075 195
530 G 1081639 792 654 567 935168 152 242 133 143705 226
531 A 1082862 940611 624 752 740 139329 136 161 259 250
532 G 1083942 732 992 1205 943178 242 201 198 137041 153
533 C 1088016 996 628 948934 775 190 125 136048 124 196
534 T 1093482 735 955372 1568 569 131 134543 258 94 212
535 G 1093294 1252 1087 443 960110 210 220 119 129660 193
536 C 1095566 789 973 957808 546 148 238 134782 101 181
537 A 1098777 956893 742 678 1640 138014 202 127 272 209
538 G 1096895 419 556 595 961480 89 126 98 133366 166
539 G 1094620 548 683 430 960742 99 132 98 131685 203
540 C 1094875 565 799 958419 583 136 148 133880 113 232
541 G 1098216 1449 1148 1128 956404 238 209 217 137256 167
542 C 1100528 861 852 959173 815 174 149 138134 170 200
543 T 1105257 801 963213 1320 1182 125 137956 229 199 232
544 G 1106940 1287 901 1387 961346 264 221 266 141090 178
545 C 1111254 1118 1789 961382 1123 229 359 144850 228 176
546 A 1116846 962845 868 1729 1423 148976 188 339 258 220
547 G 1118810 1213 876 1240 964819 247 189 249 149833 144
548 T 1119615 944 966141 1167 1062 237 149271 304 219 270
549 C 1123490 834 930 971982 879 189 288 147988 169 231
550 A 1126887 970472 1071 927 1442 151887 239 328 284 237
551 A 1131780 977704 935 1087 1066 150011 223 292 190 272
552 A 1132852 982910 922 1252 1659 145174 175 237 319 204
553 G 1135138 1057 930 986 980557 235 265 228 150716 164
554 G 1133410 987 1013 857 977879 367 221 188 151703 195
555 A 1136084 980355 968 989 1170 151526 232 252 318 274
556 G 1133307 1008 1110 1157 982987 227 282 290 146111 135
557 T 1131787 1041 984411 1270 1118 246 142337 271 274 819
558 T 1138934 1181 994155 1249 1018 206 140398 260 214 253
559 G 1139043 907 958 906 997024 154 332 185 138371 206
560 G 1137934 881 690 927 1000281 159 174 166 134429 227
561 G 1137566 768 788 1027 1002406 185 137 148 131894 213
562 A 1138475 1000277 794 884 819 134860 166 175 185 315
563 C 1140039 890 791 1002003 774 253 165 134811 144 208
564 A 1141526 1002366 618 874 993 135978 112 184 153 248
565 A 1141889 1004795 980 1061 932 133363 198 160 168 232
566 T 1146905 1008 1010409 966 1094 197 132656 160 214 201
567 G 1145885 955 1113 1116 1013309 173 267 186 128541 225
568 G 1143327 858 800 913 1013818 179 160 133 126290 176
569 T 1143799 806 1009469 981 1115 183 128331 171 421 2322
570 G 1142623 853 968 960 1013855 160 233 174 125260 160
571 A 1141805 1011883 792 975 824 126626 141 172 141 251
572 T 1141745 910 1010579 978 746 164 127893 166 130 179
573 G 1143222 931 860 959 1012128 198 204 133 127602 207
574 G 1140649 736 882 850 1007977 188 167 170 129508 171
575 A 1140815 1003961 630 806 1347 133264 111 151 270 275
576 G 1140582 742 948 737 1004347 123 208 139 133201 137
577 T 1140376 599 1008405 637 686 136 128909 125 156 723
578 T 1142519 634 1008730 752 708 131 131121 121 118 204
579 G 1140115 584 826 593 1011647 129 231 123 125820 162
580 A 1141310 1011668 666 1444 1077 125711 131 199 187 227
581 T 1143483 832 1010085 1468 900 196 129404 228 164 206
582 A 1146877 1006006 634 1380 1033 137043 166 213 203 199
583 A 1149854 1006127 601 1207 1133 140034 149 210 199 194
584 G 1151166 697 887 1592 1009668 183 234 290 137438 177
585 G 1147925 660 795 1415 1008089 151 193 249 136194 179
586 A 1148908 1008459 636 1286 1228 136609 117 180 213 180
587 T 1152252 785 1010428 1345 1098 124 137852 183 208 229
588 G 1150055 972 791 1198 1010937 160 208 199 135419 171
589 A 1149590 1011102 587 1009 817 135421 123 186 137 208
590 T 1149386 593 1010151 1186 610 128 136151 189 116 262
591 C 1149447 684 694 1007867 661 235 137 138847 115 207
592 A 1153890 1009024 562 674 631 142432 111 126 111 219
593 A 1153461 1010399 386 720 676 140747 79 115 118 221
594 A 1149973 1005835 294 848 514 141870 74 175 90 273
595 C 1149347 700 697 1004492 608 193 187 142116 156 198
596 G 1147263 952 625 857 1006798 198 136 203 137328 166
597 T 1150025 681 1010197 1093 704 142 136144 229 179 656
598 G 1148625 831 832 799 1009632 161 260 163 135704 243
599 G 1148699 894 809 808 1008382 162 260 151 136974 259
600 G 1148795 779 890 1017 1005328 155 178 206 140076 166
601 A 1150313 1006921 842 998 1079 139712 160 131 224 246
602 T 1149762 866 1006081 949 1095 147 140000 175 187 262
603 C 1143937 932 872 999595 707 230 195 141053 139 214
604 A 1142812 999726 608 1161 980 139620 116 235 179 187
605 A 1143420 997299 638 1281 755 142716 182 223 130 196
606 T 1145486 711 996754 1376 605 148 145269 290 135 198
607 G 1147503 897 1176 818 1001011 175 247 160 142892 127
608 A 1145635 1002693 1037 770 956 139469 203 126 153 228
609 T 1141930 980 999602 868 795 170 139004 156 119 236
610 C 1143105 1264 1184 1000011 1314 291 287 138298 227 229
611 G 1145548 1360 1176 1162 1000685 297 384 206 140069 209
612 G 1141233 1072 1106 1277 1000025 231 239 228 136860 195
613 A 1141920 1000148 758 731 678 138905 159 104 120 317
614 A 1144511 994923 552 956 653 146584 129 168 112 434
615 C 1145444 666 650 991317 524 135 138 151762 99 153
616 T 1146265 661 989515 1015 652 131 153746 181 137 227
617 T 1141590 617 986855 986 526 116 151953 186 111 240
618 C 1139399 553 472 987445 841 139 148 149435 154 212
619 T 1138927 621 979340 1268 640 141 156374 223 123 197
620 G 1135393 751 832 1031 978898 161 340 172 153033 175
621 G 1129872 634 758 1077 977525 126 195 200 149197 160
622 A 1128899 973894 882 1392 1084 150611 236 276 234 290
623 G 1129066 816 1219 1322 972598 201 242 294 152231 143
624 A 1127614 969999 724 1369 1281 153204 173 287 269 308
625 G 1126770 554 682 557 976254 132 177 117 148108 189
626 G 1122639 495 570 621 976349 116 134 127 144009 218
627 T 1126851 501 973541 798 751 143 147823 190 501 2603
628 G 1132359 516 695 560 981039 160 197 113 148912 167
629 A 1132649 980924 600 578 697 149205 122 96 170 257
630 A 1131996 982913 545 602 519 146907 101 90 95 224
631 A 1130138 981992 498 669 653 145683 111 144 135 253
632 A 1129126 981358 762 541 571 145257 234 114 96 193
633 T 1129951 501 981899 840 481 146 145564 171 149 200
634 G 1125423 1027 1041 755 982997 196 318 167 138716 206
635 G 1125182 651 799 1135 979091 188 171 226 142707 214
636 A 1125136 975908 746 942 1070 145577 164 244 246 239
637 C 1128214 904 974 976852 824 284 212 147722 226 216
638 G 1130311 1043 1052 1281 974728 262 230 314 151215 186
639 A 1130358 974852 657 1515 974 151492 135 289 249 195
640 A 1131988 974790 636 933 781 154211 131 149 132 225
641 A 1130777 968869 693 793 883 158902 153 146 138 200
642 A 1129517 967452 572 830 801 159246 122 167 144 183
643 A 1125123 964707 490 724 706 157842 101 174 126 253
644 C 1125491 574 474 966437 543 253 105 156747 112 246
645 A 1128514 967437 555 638 979 158344 111 150 158 142
646 A 1128060 963477 730 623 915 161626 194 112 187 196
647 G 1123234 527 792 853 959047 128 262 159 161303 163
648 G 1122882 518 730 681 959850 139 193 153 160426 192
649 A 1121341 956468 736 580 695 162184 158 124 173 223
650 G 1116873 688 629 792 954659 209 157 167 159391 181
651 T 1116969 590 951017 773 696 213 162111 203 348 1018
652 G 1114708 365 478 300 952411 130 182 74 160592 176
653 C 1109940 470 340 949239 369 144 113 158970 87 208
654 T 1115642 230 952278 351 333 110 161976 96 67 201
655 T 1121302 270 957446 458 396 126 162230 117 74 185
656 A 1121226 958302 333 409 428 161236 82 121 104 211
657 C 1121596 458 445 959595 452 148 273 159971 94 160
658 G 1124607 385 513 236 964074 101 199 68 158855 176
659 A 1123967 963468 343 252 337 159058 165 47 95 202
660 G 1122283 316 439 224 968846 80 118 56 152033 171
661 A 1124054 968882 288 355 440 153648 87 60 108 186
662 G 1121585 426 485 288 968697 126 101 44 151227 191
663 A 1115686 959925 223 294 351 154518 78 45 65 187
664 A 1111998 956430 277 224 340 154333 55 37 94 208
665 T 1107320 278 948265 338 225 56 157857 63 41 197
666 G 1103528 383 520 219 947247 91 132 38 154700 198
667 T 1100208 145 946992 215 42 60 152127 59 40 528
668 G 1095078 288 262 66 942432 68 90 26 151675 171
669 C 1089911 210 474 940795 82 99 111 147869 42 229
670 A 1089554 939441 133 55 236 149383 37 26 52 191
671 A 1091805 941028 161 33 200 149958 53 29 39 304
672 C 1091922 245 184 942563 93 108 54 148409 46 220
673 A 1093737 942256 168 132 179 150708 40 47 53 154
674 T 1095621 184 946858 245 148 66 147839 66 34 181
675 T 1097064 147 945283 301 142 46 150837 73 36 199
676 C 1096410 261 114 947092 128 100 75 148425 23 192
677 T 1095036 183 943674 280 82 76 150438 91 25 187
678 C 1093464 333 163 942352 105 153 92 150007 30 229
679 A 1096616 942622 183 126 308 152977 70 51 63 216
680 A 1094272 940715 196 166 292 152531 59 47 60 206
681 A 1089554 936776 116 109 502 151672 33 38 129 179
682 G 1088664 253 523 286 933750 99 141 81 153366 165
683 G 1085871 251 289 302 931715 109 74 88 152829 214
684 A 1078851 930011 266 213 447 147489 62 55 98 210
685 A 1075488 929821 339 367 488 144067 50 61 99 196
686 A 1073936 927175 319 356 666 145015 65 65 113 162
687 A 1068161 926513 363 371 499 140011 106 51 81 166
688 T 1065923 296 926006 493 426 113 138162 106 110 211
689 T 1064869 333 927091 463 487 85 135986 93 107 224
690 T 1059355 369 923668 484 366 88 133980 117 82 201
691 C 1055072 750 549 921270 521 403 135 130758 127 559
692 A 1051656 920849 441 670 1006 128136 97 136 155 166
693 A 1046944 918323 414 726 653 126353 76 121 91 187
694 A 1043306 914814 295 937 507 126140 66 169 95 283
695 C 1040530 547 453 913150 378 160 111 125469 81 181
696 A 1038073 909877 519 765 569 125834 90 148 110 161
697 G 1034462 620 767 710 907729 146 135 140 124059 156
698 C 1030863 644 517 905949 812 141 123 122393 145 139
699 T 1027005 519 904385 881 659 106 119891 173 135 256
700 G 1021889 893 679 591 900469 167 169 120 118626 175
701 C 1018438 600 502 899686 486 143 98 116593 107 223
702 A 1015464 896072 493 521 694 117050 76 145 100 313
703 C 1011023 574 513 890474 612 1043 105 114764 102 2836
704 A 1010376 889867 458 569 608 118402 87 112 80 193
705 A 1004139 885216 501 572 711 116587 100 108 100 244
706 A 1000973 883120 507 1156 957 114486 79 158 206 304
707 G 995940 721 938 871 881598 127 138 116 111198 233
708 G 985854 677 670 874 876587 92 104 112 106477 261
709 G 980839 1089 1000 910 873297 146 162 156 103834 245
710 C 977132 998 1139 872898 836 338 163 100023 125 612
711 A 972704 869670 998 954 1016 99482 156 133 128 167
712 A 965610 862589 1226 939 826 99386 193 124 129 198
713 T 959055 875 856742 1009 1057 179 98718 143 170 162
714 G 951373 957 1177 953 852365 163 199 150 95267 142
715 A 943864 846422 705 702 763 94808 94 94 117 159
716 T 937828 500 842189 703 847 78 92954 109 181 267
717 G 933526 876 611 744 838831 123 111 94 91973 163
718 G 927463 605 580 626 835124 121 106 69 90059 173
719 A 918094 826774 478 496 867 89075 79 51 104 170
720 T 912023 670 821349 494 705 117 88312 63 85 228
721 C 905475 1217 1040 811466 1090 262 147 89758 170 325
722 A 898826 800233 1045 1344 1399 94134 141 193 160 177
723 A 889879 790711 895 1107 1289 95234 125 138 183 197
724 G 884069 580 801 933 785350 106 114 127 95924 134
725 T 876453 586 777798 945 1019 164 94962 152 200 627
726 G 869639 692 1017 767 773295 124 140 98 93327 179
727 A 861905 767903 838 1036 1140 90371 117 154 160 186
728 G 850739 913 901 1167 761532 143 127 145 85680 131
729 A 845599 757442 860 1251 1207 84288 116 135 146 154
730 G 836570 905 911 626 748932 195 121 77 84522 281
731 A 828345 740824 852 877 961 84330 105 113 107 176
732 A 816655 730757 652 1005 765 83025 85 127 105 134
733 A 809077 724383 596 623 751 82240 82 88 135 179
734 G 801245 478 553 887 717850 75 114 107 81047 134
735 T 796541 645 712516 778 611 127 81111 129 107 517
736 C 787566 632 517 702915 520 106 103 82496 97 180
737 G 776567 755 527 479 693858 140 84 70 80444 210
738 G 768867 455 491 499 688821 98 57 58 78128 260
739 A 761765 682531 325 400 556 77638 45 53 72 145
740 A 753510 670094 268 353 516 77135 36 478 64 4566
741 C 743667 499 435 665096 475 82 51 76827 62 140
742 C 732709 280 344 654817 231 95 67 76679 43 153
743 C 723551 308 322 645218 275 113 57 77000 54 204
744 A 717623 636746 252 356 438 79503 51 66 60 151
745 G 707330 480 470 318 627323 81 83 53 78393 129
746 G 697351 503 337 339 617408 150 55 62 77994 503
747 A 688267 610931 427 275 494 75761 86 43 84 166
748 A 682209 603381 567 505 684 76672 104 67 109 120
749 A 676915 596399 567 487 618 78404 107 87 117 129
750 T 671649 509 590620 505 552 98 79020 76 114 155
751 G 662169 254 356 170 583239 54 58 35 77865 138
752 C 653578 265 363 579594 174 72 72 72870 31 137
753 T 645179 255 570730 341 286 55 73282 30 57 143
754 G 639766 208 340 291 565112 90 69 59 73479 118
755 A 630849 556586 281 265 380 73062 59 49 74 93
756 G 621481 262 333 256 548296 59 47 50 72091 87
757 A 613316 544276 208 164 214 68241 45 14 48 106
758 T 605125 175 534699 212 156 31 69651 43 29 129
759 C 596907 272 223 525256 211 135 41 70603 51 115
760 G 587511 150 150 46 515153 148 35 6 71698 125
761 A 578014 508712 50 19 91 68977 8 6 22 129
762 A 572350 498425 50 17 98 73597 18 7 24 114
763 G 562266 171 240 183 484891 79 54 42 76513 93
764 A 552859 475478 213 190 203 76532 65 47 32 99
765 T 543985 184 467985 188 210 43 75156 58 60 101
766 C 535184 401 379 458973 299 105 96 74795 62 74
767 T 530442 335 449939 373 349 130 79064 97 65 90
768 C 521795 457 297 439855 297 152 69 80523 69 76
769 A 511822 430831 338 464 345 79308 101 89 87 259
770 T 505716 295 424367 377 264 62 80085 98 64 104
771 C 499872 373 242 416934 265 127 86 81199 75 571
772 T 492856 452 404342 497 419 164 86667 106 114 95
773 T 484145 478 395077 435 374 119 87392 94 92 84
774 T 475473 407 390002 547 372 117 83734 109 98 87
775 C 468696 555 403 384526 463 154 115 82309 106 65
776 T 462656 467 379614 500 381 148 81160 112 104 170
777 G 450766 433 372 442 372257 100 67 105 76896 94
778 G 439095 330 337 192 366834 79 72 45 71102 104
779 C 428415 344 218 357484 281 90 37 69782 78 101
780 A 420755 349720 262 224 257 69781 48 75 49 339
781 C 413701 218 298 343156 129 65 61 69564 56 154
782 G 405369 172 205 160 336225 54 58 46 68389 60
783 G 395720 105 134 144 327044 36 44 35 68067 111
784 T 389579 221 317699 299 242 77 70667 87 74 213
785 C 382338 319 265 311391 220 111 68 69825 71 68
786 T 374754 232 304124 442 235 90 69364 119 61 87
787 G 362977 455 267 266 294996 148 63 88 66620 74
788 C 352752 358 348 286625 292 124 84 64792 77 52
789 A 344533 274377 218 192 338 68091 73 95 96 1053
790 C 336373 244 227 267066 293 98 98 68186 120 41
791 T 329508 283 257767 174 279 102 70644 85 113 61
792 C 321587 304 225 249684 251 153 75 70719 103 73
793 A 315328 236766 283 315 312 77260 114 127 101 50
794 T 306010 286 228647 340 298 120 76030 115 129 45
795 A 294751 219476 188 282 301 74043 98 99 123 141
796 T 287144 175 207373 236 258 95 78717 96 151 43
797 T 281396 170 199372 235 268 104 80901 110 161 75
798 G 275277 166 232 228 195671 135 111 111 78580 43
799 A 268300 190055 197 364 224 77002 73 161 155 69
800 G 263144 161 231 296 185835 107 94 161 76222 37
801 A 255535 177789 133 353 264 76349 72 163 171 241
802 G 246624 119 138 129 172437 47 70 62 73585 37
803 G 239772 75 108 124 166287 72 51 53 72951 51
804 G 229024 61 108 138 159607 53 83 48 68861 65
805 T 221363 80 153203 152 70 73 67421 126 86 152
806 C 212773 95 82 144979 87 125 44 67277 42 42
807 A 204070 137609 83 84 147 65887 43 71 97 49
808 G 194008 77 82 133 129730 42 87 65 63732 60
809 T 185553 84 118448 135 68 91 66549 86 62 30
810 T 180356 95 111290 106 82 81 68527 73 73 29
811 G 169262 122 84 121 103410 131 79 122 65158 35
812 C 162901 108 121 99828 79 77 84 62493 97 14
813 T 158065 74 89352 139 75 115 68051 126 77 56
814 C 152578 204 191 81846 176 248 245 69400 242 26
815 A 148172 78154 180 258 179 68623 208 274 243 53
816 C 142368 156 163 76338 206 305 174 64386 203 437
817 A 137032 71860 187 173 170 64059 215 132 218 18
818 A 131850 65181 191 143 152 65600 208 161 192 22
819 A 126455 62651 166 133 140 62722 257 152 167 67
820 T 120761 93 59890 96 83 133 60118 194 143 11
821 C 114262 77 70 52279 66 179 304 60982 129 176
822 T 108850 63 47191 78 61 177 60954 197 119 10
823 T 101916 110 46181 130 105 194 54899 165 118 14
824 G 94269 134 107 91 43136 142 194 159 50250 56
825 T 88753 112 41267 123 129 147 46630 170 152 23
826 C 83624 30 23 37845 12 101 73 45464 52 24
827 T 80359 21 34974 13 35 118 44652 150 163 233
828 G 73180 3 25 20 31411 73 58 951 39699 940
829 C 70082 268 285 30717 302 116 85 38198 103 8
830 C 69842 238 265 29146 323 108 91 39545 114 12
831 C 73880 221 255 28327 357 167 109 44291 122 31
832 G 74634 319 281 287 27036 205 143 281 45941 141
833 C 73347 319 302 25397 226 139 122 46740 85 17
834 C 75879 375 231 24391 274 153 742 48846 162 705
835 T 79068 39 24509 434 73 70 53500 201 176 66
836 G 77157 88 130 74 22414 107 195 98 54023 28
837 T 77239 105 23087 125 120 118 53246 135 228 75
838 G 79873 21 49 16 25199 57 212 64 54144 111
839 T 81921 30 27045 21 31 71 54446 104 131 42
840 G 84223 22 20 40 29027 79 422 79 54241 293
841 T 84979 44 31787 64 75 158 52569 124 126 32
842 A 85781 34134 98 35 67 50832 259 52 168 136
843 T 88721 97 35531 63 87 136 49024 113 1828 1842
844 G 93175 133 189 163 41714 147 254 167 50395 13
845 G 97317 154 167 221 46886 180 226 369 48741 373
846 A 100430 29341 167 237 395 30458 201 15926 270 23435
847 C 105247 300 321 58739 477 101 101 45016 183 9
848 C 112000 347 343 64863 558 165 80 45496 145 3
849 T 120177 234 72320 309 603 149 46338 95 123 6
850 G 125040 376 155 165 78977 98 63 52 45130 24
851 C 129527 247 186 83455 172 62 125 45202 67 11
852 C 136613 188 186 87725 300 60 86 47994 54 20
853 G 143328 97 226 207 90873 42 72 80 51718 13
854 T 151488 145 96267 146 170 35 54616 71 29 9
855 A 158972 99744 70 293 211 58436 53 91 57 17
856 G 168910 41 75 73 107253 34 71 57 61294 12
857 C 177254 87 44 112468 48 44 42 64473 32 16
858 C 184384 63 71 117349 38 46 63 66694 28 32
859 A 191791 121584 17 7 18 70112 21 8 11 13
860 G 198248 8 16 22 127789 14 28 62 70297 12
861 T 203877 23 132930 14 9 15 70835 16 9 26
862 G 210272 60 61 10 139622 37 81 20 70353 28
863 G 214240 37 63 23 147531 22 51 14 66485 14
864 C 222104 62 47 156536 51 32 34 65296 20 26
865 T 233608 30 164983 116 56 29 68292 56 24 22
866 A 241329 172923 54 53 71 68049 61 32 47 39
867 C 249397 89 128 182852 59 54 77 66087 28 23
868 G 260994 108 106 91 192463 63 98 70 67966 29
869 A 270176 201859 66 81 83 67862 54 46 62 63
870 C 280025 85 68 211147 84 68 51 68459 26 37
871 T 289544 81 217267 149 150 35 71670 89 69 34
872 T 293814 99 223881 153 98 43 69386 86 35 33
873 C 302793 175 146 233189 121 73 113 68876 54 46
874 G 312729 189 120 86 240875 94 82 71 71169 43
875 A 322989 244833 151 94 116 77565 69 48 80 33
876 A 333086 251874 105 95 106 80685 78 45 53 45
877 A 344059 258332 71 106 88 85316 42 26 36 42
878 A 355370 263262 81 94 106 91659 35 26 44 63
879 A 364786 271896 109 86 218 92238 76 31 82 50
880 G 372983 119 173 131 283114 65 129 72 89142 38
881 A 381075 289100 111 111 224 91207 114 49 90 69
882 G 385232 140 162 135 296427 77 137 71 88020 63
883 G 392771 152 118 85 309201 72 108 45 82933 57
884 G 400089 111 153 84 318814 45 78 44 80694 66
885 A 408551 329824 99 82 130 78222 26 40 44 84
886 T 417164 136 338429 178 129 57 78076 56 39 64
887 A 426172 344221 146 132 251 80556 147 124 100 495
888 C 437652 197 196 355598 147 69 80 81259 46 60
889 T 446531 266 364881 300 263 59 80499 103 66 94
890 C 458363 334 247 378371 270 85 118 78820 59 59
891 T 466836 230 389585 295 309 47 76110 101 72 87
892 T 473041 315 399559 383 486 63 71929 104 128 74
893 T 485442 385 413553 497 344 88 70322 103 74 76
894 A 494931 423578 290 412 503 69762 114 106 99 67
895 G 503562 228 394 305 431706 68 124 71 70601 65
896 T 514735 345 440926 299 368 81 72340 75 75 226
897 G 522584 322 376 251 447420 63 157 75 73834 86
898 G 531615 315 318 330 453969 66 125 81 76325 86
899 G 538960 255 333 268 458675 64 92 78 79093 102
900 A 544229 465219 268 287 406 77669 82 67 113 118
901 A 550945 473709 277 301 345 75992 82 78 71 90
902 T 560283 296 483283 294 336 102 75735 89 61 87
903 A 569030 492855 282 363 512 74628 151 82 92 65
904 G 577478 273 421 387 505116 80 117 59 70930 95
905 A 587805 516235 271 409 668 69584 74 106 142 316
906 C 599022 336 284 528269 686 89 57 69114 91 96
907 C 610036 258 346 536938 373 47 76 71810 68 120
908 C 619028 421 373 546334 402 71 70 71194 59 104
909 T 624860 296 553374 512 557 41 69735 117 100 128
910 T 631435 375 559678 621 757 59 69618 81 101 145
911 T 637562 432 569594 531 749 73 65896 79 88 120
912 C 644516 533 455 572604 801 86 120 69712 116 89
913 A 656357 580816 539 440 857 73254 112 84 136 119
914 A 665428 586014 460 515 839 77192 89 77 129 113
915 A 674333 593865 471 649 719 78126 102 115 115 171
916 C 685295 433 352 603024 660 104 53 80496 94 79
917 T 697830 393 614092 523 728 61 81647 120 111 155
918 G 708556 564 463 477 626160 86 161 100 80444 101
919 C 718883 529 550 633908 833 78 87 82662 139 97
920 T 729561 538 644009 608 729 58 83263 142 89 125
921 T 739168 606 653810 600 748 74 82954 76 97 203
922 C 748778 594 387 665372 485 104 105 81542 66 123
923 A 757783 673615 440 401 558 82364 105 92 86 122
924 A 766705 682530 465 431 646 82279 71 62 87 134
925 A 775607 690532 312 496 681 83199 75 66 103 143
926 A 783934 698660 421 402 802 83180 84 80 104 201
927 C 791659 460 389 708359 692 78 76 81399 96 110
928 A 801538 718631 664 559 1012 80269 110 84 102 107
929 G 809821 651 718 561 728913 94 95 83 78594 112
930 C 816721 592 649 733420 1101 86 89 80513 129 142
931 C 824780 557 574 741616 573 87 81 81052 82 158
932 A 834800 753178 550 466 687 79519 90 65 81 164
933 A 844185 762271 470 496 790 79805 67 78 98 110
934 G 851280 534 681 824 772064 85 108 102 76761 121
935 T 861017 516 782428 751 704 71 76007 85 97 358
936 A 868918 790574 676 450 851 75983 103 58 107 116
937 T 879071 825 800802 624 809 106 75573 80 87 165
938 A 887415 811922 672 722 1124 72396 121 71 139 248
939 C 896722 756 1136 819464 977 101 151 73899 103 135
940 A 907707 828647 593 949 1564 75459 87 118 160 130
941 G 912961 706 1053 877 834640 79 157 92 75199 158
942 C 921122 846 699 843594 1081 88 81 74457 99 177
943 C 929600 1222 1089 851063 1222 128 100 74494 136 146
944 T 937889 1299 855472 1384 1235 145 77947 150 108 149
945 A 945459 863785 1269 1168 1501 77148 145 139 132 172
946 A 954841 877699 604 551 949 74692 66 59 77 144
947 T 962798 503 886107 772 967 59 74011 70 94 215
948 C 970149 901 758 890970 932 85 112 76147 85 159
949 A 977305 893222 548 717 1264 81078 95 83 139 159
950 G 984684 702 925 590 901460 92 116 67 80547 185
951 A 988272 904112 541 666 1029 81332 55 83 117 337
952 C 997277 775 748 910574 1291 114 92 83337 149 197
953 C 1005367 982 966 915641 1204 126 194 85928 112 214
954 G 1012864 936 1117 883 922806 92 166 99 86584 181
955 A 1021154 930076 1239 1062 1591 86615 110 111 176 174
956 A 1027757 934173 1054 1098 1672 89079 120 132 160 269
957 C 1034110 1165 1570 938376 1590 160 308 90585 168 188
958 G 1039349 485 1128 638 949364 60 171 81 87271 151
959 A 1046718 955571 933 693 1272 87660 135 91 190 173
960 G 1051323 1060 958 805 958726 151 146 126 89157 194
961 A 1057249 959625 810 848 1247 94151 136 111 124 197
962 A 1062394 961215 882 880 1362 97497 132 96 166 164
963 T 1067104 610 966010 828 1434 112 97593 124 136 257
964 C 1072312 1180 942 969644 1543 163 133 98363 167 177
965 C 1078727 1053 1185 971196 1572 213 159 102934 193 222
966 A 1081126 967897 1021 1042 2111 108256 176 145 267 211
967 G 1083956 1269 1375 1364 971159 185 226 250 107925 203
968 C 1089984 1244 1210 977292 1741 200 193 107649 246 209
969 A 1092051 980107 987 865 1590 107561 191 141 216 393
970 C 1095048 810 702 983953 458 127 101 108659 74 164
971 A 1097161 983966 815 893 775 110018 135 127 116 316
972 C 1098909 700 810 986000 808 135 149 109948 119 240
973 A 1103456 987201 336 203 531 114817 55 43 74 196
974 A 1107422 990439 396 390 577 115188 100 55 69 208
975 G 1108781 421 570 231 989927 104 100 39 117148 241
976 A 1109049 991555 163 73 240 116682 52 7 54 223
977 G 1106783 227 161 157 993386 34 50 25 112508 235
978 T 1105951 158 989786 239 96 67 114555 49 52 949
979 C 1107729 442 431 987731 222 103 76 118497 47 180
980 A 1109810 986860 227 127 771 121482 40 32 105 166
981 G 1105292 374 465 358 983339 51 96 71 120371 167
982 C 1106242 1715 2094 976566 1492 297 300 123412 218 148
983 T 1109650 1398 976673 1370 1746 223 127589 207 259 185
984 G 1106260 1414 1391 1397 973009 225 249 205 128196 174
985 G 1102386 1018 843 880 973608 175 140 123 125433 166
986 T 1101677 934 970734 873 1242 198 125784 143 317 1452
987 G 1102014 855 1101 676 974080 145 254 118 124622 163
988 T 1106453 1090 978438 855 1008 179 123974 150 208 551
989 G 1106873 1021 1305 811 979060 194 265 147 123854 216
990 G 1107000 894 1033 1033 978431 181 222 173 124828 205
991 A 1106557 971789 1174 1177 1179 130389 228 216 217 188
992 T 1107867 1183 967938 1240 1225 226 135362 192 256 245
993 G 1104441 1062 1201 1120 969379 200 263 183 130785 248
994 G 1103561 1400 1205 1208 971432 248 258 230 127380 200
995 C 1104146 1434 1391 973257 1342 280 236 125780 258 168
996 A 1104818 974136 1088 1372 1253 126114 201 235 208 211
997 T 1104602 1200 973590 1673 1149 216 126034 253 208 279
998 G 1103603 1284 1662 956 978507 209 279 169 120347 190
999 C 1102528 1258 1560 976533 1245 251 262 121013 179 227
1000 A 1104353 972838 819 763 700 128590 146 146 127 224
1001 A 1105700 971017 693 657 567 132160 157 106 120 223
1002 T 1104525 714 967366 542 770 130 134490 115 146 252
1003 T 1103746 961 963526 1005 1185 182 136285 151 229 222
1004 C 1103683 1381 1016 959522 1322 271 179 139584 227 181
1005 T 1104418 955 955481 1281 1366 264 144431 200 237 203
1006 G 1100296 1119 1111 710 951868 215 273 234 144574 192
1007 C 1098767 946 971 953581 980 280 206 141414 196 193
1008 T 1100435 877 947821 904 981 188 148955 287 204 218
1009 G 1101982 890 1044 580 946230 209 274 198 152371 186
1010 C 1104191 970 882 947995 753 367 177 152709 162 176
1011 A 1105697 948357 737 619 913 154239 212 165 261 194
1012 T 1105323 480 946654 502 819 94 156265 134 176 199
1013 T 1108664 387 945174 538 799 111 161174 131 143 207
1014 T 1107378 350 943831 756 814 101 160980 134 189 223
1015 G 1099417 311 498 480 943926 118 196 113 153563 212
1016 A 1100539 944249 367 461 727 154197 83 89 152 214
1017 A 1099915 944532 426 458 841 153081 118 91 174 194
1018 G 1093424 649 621 588 939583 179 150 120 151340 194
1019 A 1091236 936169 553 531 815 152509 158 115 140 246
1020 T 1087358 498 934781 712 608 98 150201 153 115 192
1021 C 1085346 311 142 934418 300 100 67 149769 64 175
1022 T 1091360 180 935075 570 263 115 154818 106 58 175
1023 A 1090964 933675 149 267 424 156044 49 74 81 201
1024 A 1088795 933128 444 574 778 153236 135 96 180 224
1025 G 1084375 776 620 494 930096 161 165 117 151753 193
1026 A 1081393 931794 617 463 831 147140 134 103 143 168
1027 G 1077664 340 418 226 933810 86 104 51 142485 144
1028 T 1076591 266 927262 337 346 159 146048 84 196 1893
1029 A 1074164 930202 332 148 412 142713 90 32 77 158
1030 T 1075152 364 926027 487 616 93 147141 83 129 212
1031 T 1077018 456 928052 517 449 99 147066 95 104 180
1032 A 1083808 928233 573 582 569 153334 126 109 107 175
1033 A 1085958 924783 692 731 1109 157957 147 156 189 194
1034 G 1088433 554 687 848 926673 144 180 159 159019 169
1035 C 1089023 873 679 928593 1020 214 137 157137 200 170
1036 T 1089786 470 930556 566 916 100 156650 96 183 249
1037 T 1089506 530 932914 669 887 114 153882 132 187 191
1038 C 1084836 686 688 933761 643 172 183 148441 107 155
1039 A 1083359 932275 388 552 867 148711 89 115 160 202
1040 T 1078699 577 925590 613 534 176 150785 90 125 209
1041 C 1079861 694 566 920493 614 251 157 156833 124 129
1042 A 1082483 915276 475 517 872 164680 214 128 181 140
1043 G 1076959 445 626 512 915412 154 185 119 159327 179
1044 A 1078733 916573 522 486 1013 159393 174 160 215 197
1045 G 1077102 329 549 425 919616 116 193 84 155572 218
1046 G 1069678 280 385 458 919774 107 140 89 148201 244
1047 G 1073338 429 553 408 927816 92 115 96 143579 250
1048 A 1072426 925901 665 609 839 143555 129 141 159 428
1049 C 1075358 413 644 927233 887 123 124 145520 211 203
1050 C 1081703 575 717 927399 723 276 141 151529 151 192
1051 A 1089192 930478 423 440 579 156803 98 103 112 156
1052 A 1088494 928642 328 371 673 158000 111 66 128 175
1053 A 1086348 926211 370 490 846 157876 125 83 190 157
1054 G 1080672 395 475 292 925882 131 189 77 153067 164
1055 T 1079863 506 923475 425 407 241 153834 120 151 704
1056 A 1077466 924821 435 327 481 150863 203 83 95 158
1057 T 1079071 172 930367 471 108 120 147337 172 40 284
1058 C 1080832 383 382 931022 150 111 142 148431 42 169
1059 C 1083137 330 385 929883 187 174 110 151706 59 303
1060 C 1087896 938 669 926252 940 267 154 158219 200 257
1061 C 1092890 952 631 922988 864 409 135 166505 183 223
1062 A 1098603 923760 613 514 876 172176 139 147 180 198
1063 A 1096364 923141 109 47 245 172314 136 16 166 190
1064 G 1093870 138 483 92 922354 101 229 32 170286 155
1065 G 1092801 112 211 83 930308 74 134 119 161562 198
1066 G 1086618 217 422 132 935091 183 133 31 150160 249
1067 G 1080888 251 310 181 931142 232 101 43 148380 248
1068 G 1079022 435 418 159 927638 136 256 46 149727 207
1069 A 1078482 921602 576 235 427 154890 290 42 207 213
1070 A 1080666 922606 228 276 597 156335 275 64 91 194
1071 A 1081308 924170 451 385 416 155073 95 100 259 359
1072 C 1082045 437 387 922758 335 206 308 157369 78 167
1073 T 1083748 297 923320 426 484 282 158511 160 89 179
1074 T 1085943 289 926881 319 500 64 157296 258 108 228
1075 T 1086737 438 929219 470 482 99 155527 127 110 265
1076 C 1086479 680 552 933399 406 161 185 150760 140 196
1077 C 1087713 636 479 940189 425 208 124 145352 122 178
1078 A 1084816 941665 719 375 591 140792 184 132 99 259
1079 C 1084338 805 493 938968 542 202 112 142915 111 190
1080 T 1086841 599 934457 427 529 174 150225 158 84 188
1081 A 1090226 927177 927 666 955 159662 305 174 194 166
1082 G 1090048 688 983 808 927021 171 316 175 159709 177
1083 A 1088971 928551 708 660 1072 157220 182 184 204 190
1084 G 1090319 290 611 498 934866 94 231 92 153461 176
1085 G 1087248 341 568 507 935965 88 130 112 149332 205
1086 A 1086790 940780 384 357 972 143690 107 56 183 261
1087 G 1084624 481 705 442 942297 142 145 98 140149 165
1088 T 1086101 320 945411 749 552 195 137047 152 218 1457
1089 A 1084643 946856 566 316 758 135536 124 68 179 240
1090 C 1085495 478 665 946404 595 141 159 136751 117 185
1091 A 1091137 949673 558 334 800 139236 165 71 139 161
1092 A 1091827 952874 531 379 727 136750 149 69 122 226
1093 A 1090346 953783 391 389 549 134747 101 91 117 178
1094 T 1088089 325 954429 514 576 88 131747 85 103 222
1095 T 1090022 298 959361 577 511 71 128837 94 95 178
1096 G 1088361 602 877 386 961798 119 177 115 124097 190
1097 C 1088719 520 569 961402 654 96 113 125094 101 170
1098 T 1090894 423 961577 560 686 73 127129 119 103 224
1099 T 1091067 645 959312 563 969 110 128979 100 155 234
1100 C 1094612 846 711 958408 986 214 177 132913 169 188
1101 A 1099529 958325 771 693 996 138110 140 138 157 199
1102 A 1097534 953544 713 743 1027 140897 137 118 160 195
1103 A 1095475 951829 636 807 1122 140465 139 120 182 175
1104 T 1095740 577 953730 967 1016 138 138757 165 188 202
1105 G 1093592 662 700 578 956052 166 151 115 134991 177
1106 A 1092901 959303 538 616 779 131086 103 116 160 200
1107 A 1090914 960191 681 544 667 128317 116 86 111 201
1108 A 1094246 958518 443 381 474 133949 92 79 90 220
1109 A 1092748 956366 607 374 580 134221 102 94 104 300
1110 C 1093847 451 435 958701 570 181 90 133110 109 200
1111 A 1097583 960454 525 576 888 134630 97 99 151 163
1112 T 1099542 760 962880 631 642 150 134087 87 109 196
1113 G 1099396 633 875 651 965900 119 261 115 130638 204
1114 G 1095316 346 438 490 965707 88 115 90 127856 186
1115 A 1094837 966749 453 443 707 125947 102 90 110 236
1116 T 1096499 443 969555 595 448 93 124987 77 87 214
1117 G 1097264 474 675 399 969018 95 166 122 126140 175
1118 C 1096078 638 528 966511 661 138 174 127147 121 160
1119 T 1098351 662 969767 626 462 132 126320 119 70 193
1120 A 1099704 971277 387 609 962 125876 93 165 145 190
1121 T 1100411 424 975604 809 691 84 122336 123 104 236
1122 G 1100018 501 728 591 974003 109 213 188 123479 206
1123 G 1096751 477 604 534 972219 174 131 98 122285 229
1124 A 1095637 970263 690 491 631 122967 106 83 187 219
1125 A 1096931 971526 359 512 793 123153 152 86 121 229
1126 T 1095065 490 970679 577 847 87 121949 99 134 203
1127 C 1098103 697 524 972404 762 170 110 123158 117 161
1128 A 1100477 969928 653 432 940 127973 106 76 156 213
1129 A 1097230 964626 762 900 1301 128974 157 147 179 184
1130 G 1092325 621 797 903 962899 103 173 166 126519 144
1131 T 1092927 754 962985 783 1347 179 126201 139 207 332
1132 A 1095091 964633 524 505 1176 126684 146 127 219 1077
1133 C 1092692 740 426 963149 1093 146 92 126680 178 188
1134 T 1095115 456 964394 875 793 106 128005 128 137 221
1135 C 1096506 920 833 964038 1039 150 157 129059 157 153
1136 T 1097670 702 961132 1059 1012 179 133063 194 116 213
1137 T 1098198 665 959208 924 1011 124 135780 127 126 233
1138 G 1094202 573 785 483 955424 131 164 119 136359 164
1139 A 1095609 953052 485 671 979 139831 94 137 160 200
1140 A 1094337 949698 712 461 832 141974 143 99 139 279
1141 C 1094497 723 578 951208 828 132 123 140591 155 159
1142 T 1097389 596 952926 741 845 123 141710 119 137 192
1143 G 1098774 629 800 754 955514 140 170 134 140454 179
1144 A 1099554 948629 926 910 1637 146579 207 183 298 185
1145 G 1097339 1001 1021 1046 945288 194 219 194 148231 145
1146 A 1097311 945945 1048 1123 1392 146940 209 209 252 193
1147 A 1097935 948726 975 738 1591 145149 202 106 255 193
1148 G 1095554 1107 1315 969 949036 193 255 174 142321 184
1149 C 1092584 1202 1285 949710 1428 267 219 138028 235 210
1150 A 1094161 948535 1108 786 2285 140600 207 131 358 151
1151 G 1089404 808 1243 902 947907 183 280 141 137759 181
1152 G 1088255 1055 1052 865 948262 224 204 191 136210 192
1153 T 1088950 956 944542 1305 1519 244 138700 237 362 1085
1154 A 1088285 947417 1073 974 1507 136375 241 175 264 259
1155 C 1086695 1164 1040 946865 1559 225 216 135184 280 162
1156 T 1090897 830 948340 884 1423 163 138631 152 265 209
1157 G 1090867 901 1128 675 950602 172 298 115 136776 200
1158 G 1086746 743 992 696 946779 141 200 142 136837 216
1159 G 1083218 763 520 845 946909 146 123 170 133532 210
1160 C 1082632 718 770 941771 674 151 179 137929 138 302
1161 C 1081888 607 800 939502 796 147 197 139490 134 215
1162 A 1082068 934400 1116 896 1096 143746 243 191 186 194
1163 T 1081296 948 929750 980 953 256 147840 217 189 163
1164 A 1080985 928057 965 475 1936 148629 247 123 346 207
1165 A 1087761 934747 721 530 1275 149754 198 83 279 174
1166 G 1085327 828 1328 632 927773 267 261 129 153933 176
1167 A 1085864 925793 993 815 637 156973 188 136 148 181
1168 A 1087258 925811 1196 1085 1313 156661 291 249 239 413
1169 C 1088290 1195 1214 924632 1367 296 250 158818 274 244
1170 C 1093932 1292 1042 927228 1185 378 227 162158 230 192
1171 A 1097088 930339 1661 1294 1773 160902 329 255 356 179
1172 G 1094587 1373 1914 1306 927829 359 430 239 160977 160
1173 A 1093477 927587 899 1496 1892 160505 176 302 412 208
1174 A 1094822 927080 1406 1746 1158 162283 379 295 270 205
1175 G 1096244 1262 1377 1367 931412 290 345 279 159751 161
1176 T 1098794 1425 933084 1513 1218 316 159515 378 348 997
1177 G 1099118 537 622 558 940224 231 297 109 156366 174
1178 G 1095376 407 744 470 940827 108 177 124 152334 185
1179 A 1095609 940223 471 548 1056 152476 136 133 334 232
1180 G 1093411 634 917 687 940900 151 386 153 149398 185
1181 G 1089666 691 621 757 941741 185 248 155 145074 194
1182 A 1087774 939349 697 613 751 145542 157 195 237 233
1183 A 1087572 936156 1287 1159 1680 146014 405 327 302 242
1184 A 1086608 936141 1038 1246 1470 145470 236 233 442 332
1185 C 1086161 1175 1336 936137 1528 518 316 144650 296 205
1186 A 1082256 933029 1369 1175 1791 143267 510 270 326 519
1187 C 1082354 1391 1258 931133 1761 335 523 145470 302 181
1188 T 1083434 1087 930374 1474 1679 253 147797 302 283 185
1189 A 1082910 934175 819 734 1240 144917 216 129 511 169
1190 A 1083023 932037 683 805 1428 147310 189 148 239 184
1191 T 1081037 922 935135 846 1067 177 141901 546 185 258
1192 C 1081631 899 1278 925590 1188 249 293 151721 248 165
1193 A 1085856 922746 687 966 1551 158689 536 186 328 167
1194 A 1083010 923546 1247 1076 856 154983 266 217 491 328
1195 C 1087194 911 1065 921750 1496 257 248 160943 338 186
1196 A 1096165 919970 870 1079 1905 171244 247 236 426 188
1197 G 1094067 828 1220 954 921165 261 308 212 168951 168
1198 A 1095355 922129 941 874 1525 168869 279 154 378 206
1199 G 1092321 665 883 821 922352 182 219 162 166811 226
1200 G 1087976 975 572 575 921193 240 160 140 163866 255
1201 G 1083412 643 720 739 920191 136 172 173 160422 216
1202 C 1086133 721 936 924074 1152 165 202 158353 277 253
1203 C 1090221 867 675 924620 1290 216 182 161945 247 179
1204 T 1096899 722 924816 1257 1617 253 167367 296 344 227
1205 C 1095621 854 933 919869 1272 245 261 171746 294 147
1206 T 1097122 1023 917462 1155 1370 265 175054 285 270 238
1207 G 1091318 1212 1548 1204 918580 268 349 266 167682 209
1208 C 1091000 1313 1834 919726 1637 284 692 165006 343 165
1209 A 1091051 917648 1022 1391 1964 167635 506 282 414 189
1210 G 1087310 1028 1417 679 919485 247 340 163 163743 208
1211 G 1082815 808 1375 1112 928248 465 268 248 150093 198
1212 T 1077963 798 924738 1597 1617 188 147233 318 375 1099
1213 C 1079684 939 506 929130 672 208 370 147536 146 177
1214 A 1084852 930205 1044 1057 331 151546 241 167 63 198
1215 A 1087634 932786 885 807 854 151408 186 131 347 230
1216 A 1091034 931878 492 281 325 157400 281 79 88 210
1217 T 1092482 337 932372 540 195 106 158334 132 214 252
1218 C 1095094 592 310 940967 289 177 218 152286 93 162
1219 A 1096786 943754 256 172 454 151686 166 41 93 164
1220 G 1093637 189 440 128 946445 44 151 30 146019 191
1221 T 1092816 249 949226 289 108 81 142022 62 105 674
1222 G 1088049 268 311 279 945187 62 104 69 141565 204
1223 T 1087701 245 948135 302 402 66 137837 53 110 551
1224 G 1089024 758 430 202 953226 138 124 63 133876 207
1225 C 1089467 905 1934 946698 1225 199 367 137661 231 247
1226 A 1092433 942176 816 877 1588 146150 165 151 312 198
1227 A 1095573 942774 1037 975 1306 148233 205 238 238 567
1228 C 1099115 627 793 946258 910 150 189 149802 181 205
1229 C 1104057 781 522 951701 1036 188 110 149308 204 207
1230 T 1109075 611 953375 1218 1286 142 151789 218 230 206
1231 G 1110263 1304 713 630 956248 256 189 141 150584 198
1232 C 1114889 715 738 959600 1150 189 137 151948 247 165
1233 A 1121416 962211 626 594 873 156397 158 131 202 224
1234 T 1124245 705 964436 572 1338 161 156417 105 313 198
1235 T 1128896 660 962908 736 1362 183 162436 134 255 222
1236 T 1132248 652 963891 704 1363 123 164835 136 317 227
1237 T 1136201 810 965876 1052 1566 174 165932 216 361 214
1238 C 1137113 1333 1176 966797 1597 291 301 165136 304 178
1239 T 1138145 1206 965532 1285 1366 243 167726 323 261 203
1240 G 1131748 1275 1241 989 967693 249 320 248 159549 184
1241 T 1129765 1161 973995 1397 1948 204 149945 251 433 431
1242 G 1129328 1265 1394 1073 978433 225 301 256 146179 202
1243 C 1132172 830 961 980640 1424 187 242 147447 241 200
1244 A 1137958 983992 837 802 1786 149730 132 157 312 210
1245 A 1140241 987557 1035 834 1306 148730 181 138 239 221
1246 A 1143461 985572 773 752 1156 154414 245 123 213 213
1247 G 1141178 667 995 739 985350 159 193 159 152741 175
1248 A 1138209 988986 1021 562 923 146048 179 96 177 217
1249 A 1138538 992455 621 576 905 143343 139 112 160 227
1250 A 1135234 991557 543 564 1053 139812 133 161 179 1232
1251 C 1134082 487 728 994438 851 183 111 136942 135 207
1252 C 1138200 755 744 995585 1102 158 231 139247 164 214
1253 T 1141222 630 999765 851 1291 106 137805 223 227 324
1254 C 1139612 781 707 1001033 1151 146 152 135230 174 238
1255 C 1142130 1170 794 998481 1298 280 155 139476 231 245
1256 C 1142975 1117 1068 999500 1431 293 209 138839 323 195
1257 A 1142795 999886 885 626 1576 138999 188 156 305 174
1258 T 1139174 862 1000468 1298 1801 197 133769 199 307 273
1259 T 1138029 861 1004054 1221 1829 159 129167 192 257 289
1260 T 1137829 944 1005329 1397 1891 143 127359 205 323 238
1261 G 1132997 788 1130 696 1011493 145 243 149 118139 214
1262 A 1130858 1008517 1038 865 1252 118383 159 160 229 255
1263 C 1131800 945 856 1009400 979 235 139 118912 150 184
1264 A 1137804 1011876 898 530 1600 122248 133 128 201 190
1265 A 1137459 1011102 829 836 1284 122729 175 126 160 218
1266 A 1136248 1012275 893 651 1215 120464 167 125 160 298
1267 C 1134999 878 855 1009128 1821 127 146 121577 260 207
1268 C 1132816 1004 978 1007452 2059 234 139 120490 254 206
1269 A 1129338 1004690 1083 974 1991 119816 169 138 290 187
1270 A 1125935 1003679 1279 1206 1982 116481 203 196 308 601
1271 C 1122156 1211 1305 1003527 1949 214 190 113296 303 161
1272 C 1122452 1342 1449 1005115 1579 261 233 112093 217 163
1273 A 1122331 1006303 1180 1003 1845 111259 181 157 232 171
1274 T 1118212 1260 1002599 1213 1676 215 110489 157 214 389
1275 C 1116168 1164 1045 1005080 1727 185 157 106417 246 147
1276 A 1117013 1002899 1375 1012 1524 109532 186 136 184 165
1277 T 1111614 1006 999048 1171 1485 148 108170 142 206 238
1278 G 1105916 1117 1209 1140 995632 169 209 149 106065 226
1279 G 1103098 1189 1169 1176 994994 135 189 165 103834 247
1280 C 1100185 1250 1464 992588 1614 196 193 102434 254 192
1281 A 1093878 986962 1118 1179 1688 102225 140 158 205 203
1282 G 1084207 1055 1067 961 981267 141 143 132 99257 184
1283 C 1078901 1122 1044 976975 1374 157 161 97672 207 189
1284 A 1073015 974587 916 839 1521 94516 156 110 177 193
1285 T 1068546 1129 967370 1416 1438 160 96424 160 199 250
1286 T 1065059 1148 963454 1308 1648 159 96748 169 208 217
1287 C 1060743 1515 1226 958931 1613 222 166 96671 223 176
1288 A 1059114 956177 921 618 1187 99466 155 100 149 341
1289 C 1051913 943 919 947785 1098 156 180 100512 145 175
1290 T 1049281 666 943234 1124 1015 97 102704 137 143 161
1291 G 1042434 995 1147 586 936390 148 164 75 102731 198
1292 G 1032858 1033 853 701 928367 136 130 104 101329 205
1293 G 1027650 913 1123 931 922466 129 151 127 101613 197
1294 A 1021350 913926 1581 1567 1922 101436 186 195 265 272
1295 A 1016660 909863 1557 1438 2005 100960 202 161 285 189
1296 T 1009642 1119 905018 1610 2015 181 99058 211 232 198
1297 A 1003826 901825 1143 666 1094 98307 180 99 290 222
1298 C 1000089 1023 1231 898089 989 204 190 98060 142 161
1299 A 994419 894248 735 969 1634 96072 245 130 207 179
1300 G 982153 830 1045 875 882753 113 127 133 96151 126
1301 A 979869 877109 894 786 1896 98397 115 212 277 183
1302 G 973674 825 926 629 873250 121 147 194 97406 176
1303 G 965970 728 849 614 867389 227 120 62 95798 183
1304 G 957481 784 745 486 860429 127 193 62 94499 156
1305 A 950647 850424 720 623 1732 96507 85 82 295 179
1306 A 940780 839384 935 746 1983 97104 151 87 228 162
1307 G 934005 957 1215 727 832578 196 206 80 97881 165
1308 A 929471 824966 828 857 1866 100291 103 122 278 160
1309 A 924228 815862 831 673 1470 104742 114 122 212 202
1310 C 916249 846 760 806672 1342 182 122 105947 205 173
1311 A 908692 798292 764 603 1524 106950 126 88 201 144
1312 T 901879 734 790203 678 1481 150 108065 144 253 171
1313 C 894848 1047 738 783530 1373 245 115 107411 263 126
1314 A 887108 778170 793 584 1994 104880 114 107 327 139
1315 G 875717 504 801 551 772063 119 103 77 101377 122
1316 A 868915 765919 523 570 1353 100034 71 71 200 174
1317 C 859982 665 600 757184 1148 138 89 99855 181 122
1318 A 852490 748207 886 720 1661 100390 140 109 241 136
1319 T 843793 999 740331 937 1234 155 99675 119 202 141
1320 G 831658 870 1046 798 732997 164 165 102 95388 128
1321 A 820755 725975 438 323 1053 92518 55 61 179 153
1322 G 812775 677 736 310 718117 93 146 48 92522 126
1323 G 804679 417 528 275 712366 85 82 43 90736 147
1324 G 795853 699 564 561 704201 108 111 105 89359 145
1325 C 789205 627 679 697614 807 161 136 88895 130 156
1326 A 779733 687814 657 511 1026 89200 129 79 176 141
1327 G 772942 427 578 354 681482 115 96 41 89743 106
1328 A 767523 675788 507 302 801 89713 71 41 168 132
1329 A 761010 670175 372 379 779 88904 95 67 117 122
1330 A 754972 662258 689 576 1143 89697 185 96 191 137
1331 T 748921 571 655541 455 1324 112 90508 62 222 126
1332 T 740322 557 647872 674 1215 141 89435 110 210 108
1333 A 731687 638658 852 875 1274 89414 172 131 207 104
1334 T 724333 816 629808 665 1212 198 91202 119 185 128
1335 A 715884 620841 774 715 1321 91698 125 107 209 94
1336 A 710326 609091 1176 1330 2005 95828 216 205 358 117
1337 G 701302 1113 1305 1205 599660 221 218 206 97259 115
1338 G 692965 959 1283 1107 593319 208 236 195 95572 86
1339 A 684746 586875 611 704 1030 94931 161 127 209 98
1340 T 677489 529 580668 726 1093 115 93852 148 234 124
1341 G 668565 528 814 662 574189 143 183 118 91854 74
1342 A 658390 566469 456 326 722 90018 121 51 126 101
1343 T 647757 398 557984 441 490 83 88058 67 110 126
1344 G 640008 406 502 276 549925 95 100 58 88550 96
1345 G 629628 449 410 351 540016 132 121 73 87987 89
1346 A 616906 529023 426 297 606 86139 122 73 118 102
1347 A 609426 521317 308 396 627 86351 75 108 141 103
1348 G 600747 346 407 400 512794 82 108 76 86452 82
1349 G 594529 365 307 234 505844 88 102 47 87432 110
1350 T 586826 264 497375 314 590 140 86746 118 310 969
1351 G 577016 932 446 316 489092 206 115 104 85738 67
1352 C 566299 326 807 479099 635 129 188 84861 163 91
1353 A 555136 467680 345 293 699 85726 98 79 134 82
1354 A 546371 457290 289 335 393 87726 73 82 103 80
1355 A 538288 447409 310 356 406 89453 96 66 103 89
1356 A 528036 438116 314 320 451 88262 71 182 102 218
1357 C 521782 183 166 435298 333 70 57 85505 93 77
1358 C 511665 238 159 423251 340 225 52 87214 106 80
1359 A 502691 409410 153 181 318 92290 47 55 177 60
1360 G 495554 185 420 177 402837 153 118 54 91558 52
1361 A 489495 399154 193 235 301 89328 67 58 90 69
1362 A 481348 386471 231 182 298 93806 72 62 159 67
1363 G 470890 452 734 483 374879 237 218 136 93691 60
1364 A 460600 363068 561 454 684 95282 173 136 190 52
1365 A 452954 349251 522 417 677 101489 186 137 213 62
1366 A 446064 338681 462 422 445 105483 219 123 172 57
1367 T 438825 453 328480 435 415 205 108435 152 196 54
1368 G 429927 429 479 263 319842 180 223 98 108366 47
1369 T 420348 443 312670 420 433 235 105627 222 225 73
1370 C 413187 462 478 306131 445 245 261 104888 213 64
1371 C 406174 420 491 299566 413 281 283 104433 230 57
1372 T 402722 561 291428 342 848 274 108755 132 326 56
1373 T 393735 518 286674 428 758 243 104613 158 290 53
1374 C 384016 575 447 281444 763 268 196 100019 267 37
1375 C 376808 515 275 277466 825 329 142 96935 278 43
1376 A 367859 270011 505 391 1053 95138 194 157 370 40
1377 G 356697 409 564 382 265211 176 181 103 89635 36
1378 G 348055 344 472 368 260274 113 188 125 86140 31
1379 G 338100 396 613 344 253478 116 190 95 82826 42
1380 G 327272 431 543 469 247388 123 206 156 77923 33
1381 C 318599 366 468 241806 721 107 223 74523 317 68
1382 G 313130 433 482 462 239095 159 200 204 72050 45
1383 G 304923 340 439 390 234946 117 137 126 68376 52
1384 G 304596 383 747 657 232972 112 270 204 69168 83
1385 G 299303 383 505 711 230567 219 179 193 66466 80
1386 A 304098 225047 534 646 743 62308 198 204 7121 7297
1387 G 304409 224 272 207 232037 151 207 113 71147 51
1388 T 791525 164 457636 560 283 538 282753 533 15992 33066
1389 C 812160 492 300 510712 260 546 655 298058 730 407
1390 T 826674 1680 538413 1053 2191 800 280564 687 939 347
1391 T 832580 1485 535475 1521 1703 764 289939 823 781 89
1392 C 847876 1204 1950 540102 1889 721 1798 298451 969 792
1393 G 863815 872 1243 504 554735 781 1463 837 302673 707
1394 A 871427 560330 799 648 1146 305514 780 587 1094 529
1395 G 884331 651 971 600 566410 699 930 661 313211 198
1396 C 900780 1009 1275 586876 1407 645 848 307025 1062 633
1397 T 921760 1059 615328 1050 1393 588 300003 864 844 631
1398 C 935091 1083 1326 617883 1515 666 1039 310549 797 233
1399 T 949780 833 628061 725 606 542 317590 690 448 285
1400 C 962655 839 1033 629854 809 639 1126 327636 590 129
1401 G 972360 626 797 534 644649 561 852 680 323171 490
1402 G 977546 438 1044 235 657865 290 559 212 316812 91
1403 A 986489 668158 671 585 1016 309833 366 365 2088 3407
1404 C 1000664 646 856 695024 910 600 686 301200 508 234
1405 G 1013860 982 1304 732 708548 641 721 527 300271 134
1406 A 1024649 718099 966 963 927 301362 535 540 764 493
1407 A 1035678 733843 1221 962 886 296953 709 524 479 101
1408 A 1042009 751973 876 896 1636 284756 599 400 743 130
1409 G 1041476 1130 1188 932 760324 2046 710 487 270164 4495
1410 G 1040880 917 1089 690 781658 413 509 329 255161 114
1411 G 1041137 980 841 1175 799524 354 350 561 237205 147
1412 C 1047370 947 1115 819339 1279 394 474 221659 1095 1068
1413 A 1055313 833040 938 925 1997 216732 326 364 708 283
1414 G 1053455 539 664 238 852252 199 260 112 198967 224
1415 C 1058327 400 774 867335 245 175 432 188586 178 202
1416 G 1069456 549 562 732 880772 167 191 225 186131 127
1417 A 1075785 890538 472 715 510 182391 133 174 328 524
1418 A 1079798 902924 307 490 721 174541 121 156 196 342
1419 C 1083239 591 466 917438 663 497 136 162060 160 1228
1420 C 1088517 493 502 934253 1045 170 104 151530 244 176
1421 C 1093092 749 726 946434 881 186 249 143489 186 192
1422 G 1094575 754 733 601 957388 198 203 528 132661 1509
1423 A 1096918 963371 1094 820 1497 128469 235 171 354 907
1424 T 1097297 1265 964598 639 1582 385 127934 148 271 475
1425 C 1098553 1308 1252 965726 1326 278 281 127991 228 163
1426 G 1098307 1409 1564 1081 967975 267 277 248 125307 179
1427 T 1100212 947 973609 1483 2230 193 118951 204 753 1842
1428 G 1102112 1897 1415 993 986490 261 295 167 110452 142
1429 C 1103504 1225 1105 988514 1093 184 169 110668 243 303
1430 C 1105040 1361 1324 994850 954 218 168 105674 131 360
1431 C 1106539 999 1172 1007605 1381 160 147 94698 154 223
1432 T 1106930 807 1013368 1073 1389 107 86598 809 169 2610
1433 C 1106631 819 893 1020948 1461 112 175 81914 158 151
1434 T 1105615 854 1024084 1648 1444 90 76839 242 159 255
1435 T 1104644 590 1032870 673 896 48 69234 88 73 172
1436 T 1102996 695 1037172 579 836 47 62984 66 73 544
1437 T 1101429 789 1040458 748 715 48 58365 63 72 171
1438 G 1099022 360 675 522 1037969 46 1384 64 51491 6511
1439 A 1097123 1043260 526 320 958 50045 139 56 107 1712
1440 C 1095170 516 662 1047105 526 75 43 45954 59 230
1441 A 1094507 1048298 772 767 1148 43159 37 56 66 204
1442 T 1093089 689 1052132 694 1034 41 38224 28 53 194
1443 G 1092080 779 1252 569 1055899 32 91 21 33269 168
1444 A 1090311 1057406 639 506 1758 29303 30 12 90 567
1445 G 1088901 598 755 370 1061307 22 28 14 25648 159
1446 T 1087315 506 1048574 461 1497 66 21775 25 864 13547
1447 A 1085729 1064131 410 197 566 20061 16 8 27 313
1448 A 1083608 1065051 371 234 621 17156 13 21 12 129
1449 T 1081522 283 1064505 367 585 61 15342 9 13 357
1450 G 1080833 314 743 438 1064733 25 27 23 14389 141
1451 A 1079247 1064112 318 319 641 13467 8 7 19 356
1452 A 1078178 1064031 296 296 712 12658 6 4 12 163
1453 G 1077062 360 968 451 1063095 154 12 2 11587 433
1454 G 1076134 523 796 433 1062385 23 14 3 11838 119
1455 A 1074697 1060208 530 362 886 11399 8 5 77 1222
1456 T 1073493 295 1060268 691 647 18 11090 12 21 451
1457 C 1072709 454 542 1059676 669 19 10 11125 18 196
1458 T 1071941 519 1058765 565 710 29 11142 11 10 190
1459 T 1070955 588 1057973 609 784 19 10782 9 14 177
1460 A 1069765 1057042 674 335 813 10252 100 3 18 528
1461 T 1068773 559 1057021 476 701 12 9813 7 10 174
1462 T 1067950 674 1056116 729 702 9 9516 8 10 186
1463 T 1067118 812 1055319 442 824 21 9363 7 9 321
1464 C 1065672 793 753 1050620 895 9 339 8246 14 4003
1465 T 1065067 894 1053238 855 1343 17 8532 8 8 172
1466 T 1063863 567 1052800 848 1509 13 7955 7 9 155
1467 C 1062574 1158 1010 1050987 1274 20 73 7131 11 910
1468 G 1061886 1108 1016 791 1051607 25 12 13 7102 212
1469 G 1060850 864 1324 625 1051133 10 14 4 6756 120
1470 A 1060047 1048170 722 662 1549 6435 9 4 126 2370
1471 G 1059248 694 1110 437 1050224 9 10 6 6333 425
1472 A 1058555 1049328 943 512 987 6058 8 8 17 694
1473 C 1058048 1015 840 1048946 851 18 8 6063 5 302
1474 A 1057470 1049688 604 335 717 5974 4 6 8 134
1475 A 1056565 1048867 432 304 949 5672 6 2 9 324
1476 T 1055792 621 1047026 489 633 64 5328 2 4 1625
1477 G 1055233 772 767 461 1047763 8 6 3 5258 195
1478 C 1054480 714 774 1047032 656 12 6 5066 11 209
1479 A 1053811 1046595 623 421 965 4792 2 4 6 403
1480 G 1053144 699 1044 849 1045605 10 5 2 4603 327
1481 A 1052374 1044216 1003 733 1667 4373 1 2 13 366
1482 G 1051648 781 1009 861 1044594 5 8 4 4243 143
1483 G 1050906 1055 1030 616 1044067 4 2 2 4024 106
1484 A 1049998 1040016 778 831 1988 3722 5 3 79 2576
1485 G 1048931 829 962 606 1042911 3 1 4 3510 105
1486 T 1048174 623 1003315 760 1062 12 3057 0 300 39045
1487 A 1047551 1041486 578 494 1551 3239 2 3 4 194
1488 C 1046387 683 952 1040136 1029 10 6 3072 5 494
1489 G 1042820 1061 1503 1035 1036052 11 8 6 2898 246
1490 A 1037544 1029884 1062 1101 2341 2751 5 4 15 381
1491 C 1035970 1269 1009 1028354 2052 16 8 2708 10 544
1492 A 1032159 1005965 6743 6923 9735 2594 25 17 26 131
1493 A 1027933 1001382 7616 6484 9797 2448 22 18 28 138
1494 T 1024259 6108 999903 5755 9247 23 2402 13 28 780