# amino-acid counts among definitively called codons
# POSITION TOTAL_COUNTS WT N_A N_C N_D N_E N_F N_G N_H N_I N_K N_L N_M N_N N_P N_Q N_R N_S N_T N_V N_W N_Y N_STOP
1 1535589 M 0 0 0 0 0 0 0 870 168 134 1533722 0 0 0 7 0 356 332 0 0 0
2 1537675 A 1526506 71 348 622 96 776 616 342 180 871 33 198 1986 248 991 883 958 1230 232 295 193
3 1540601 S 516 260 172 123 363 2 551 211 216 757 103 377 1357 349 611 1532906 955 41 59 443 229
4 1544214 Q 1048 350 464 281 482 730 920 795 894 1811 214 749 2764 1526282 1674 1434 1438 462 128 404 890
5 1547474 G 653 734 704 54 138 1538336 386 213 79 812 20 143 1307 284 595 1194 840 534 23 325 100
6 1550326 T 668 373 126 127 321 583 421 626 206 744 63 599 1521 335 455 803 1541025 429 43 573 285
7 1554398 K 843 346 221 444 186 619 497 533 1542963 1053 63 650 1459 495 737 903 1195 361 89 285 456
8 1560799 R 331 32 141 186 120 614 439 348 375 1125 100 292 1279 650 1551648 661 521 387 749 392 409
9 1563686 S 748 304 469 110 373 300 248 201 230 780 56 340 881 351 803 1554817 1144 474 112 665 280
10 1567333 Y 595 534 287 422 352 630 773 252 373 1028 82 388 1051 157 1021 1054 706 528 273 1556329 498
11 1568054 E 706 125 211 1560992 126 881 60 161 415 555 30 132 607 258 472 404 627 485 37 143 627
12 1570123 Q 586 232 279 280 136 618 966 201 646 1328 60 278 1752 1558076 1304 932 967 420 152 320 590
13 1562324 M 601 132 144 196 128 684 691 1173 465 914 1551037 340 1324 349 935 819 942 631 115 367 337
14 1551447 E 760 299 195 1541846 171 881 327 183 453 637 75 181 1868 269 650 848 766 333 121 182 402
15 1546012 T 472 73 115 130 26 330 210 214 86 358 80 425 628 101 555 459 1541309 167 155 48 71
16 1537190 D 324 93 1531431 368 52 682 294 158 135 220 42 462 732 156 340 314 342 347 52 467 179
17 1513970 G 785 151 155 520 136 1504935 382 270 337 520 72 226 1038 159 1134 671 708 629 663 228 251
18 1495300 E 759 145 257 1485199 244 813 513 257 724 733 67 245 1909 465 539 876 533 310 32 119 561
19 1461307 R 528 823 249 146 145 551 1404 150 102 1014 31 96 1342 173 1452754 656 555 148 60 145 235
20 1429434 Q 559 94 172 361 111 626 1071 190 601 932 134 360 1058 1418642 1797 803 589 414 124 182 614
21 1387942 N 459 194 408 160 48 563 466 315 387 754 136 1379003 1277 542 787 745 699 357 89 326 227
22 1328901 A 1317876 135 268 703 246 599 369 397 294 658 50 167 1393 305 798 1333 1647 967 184 168 344
23 1292040 T 915 175 287 155 178 418 493 484 338 617 106 664 1397 249 855 1006 1282437 424 114 283 445
24 1242227 E 562 153 676 1233810 152 697 260 223 488 606 142 156 619 432 468 740 409 544 39 166 885
25 1163858 I 248 198 158 155 142 317 283 1157481 148 477 186 287 1098 208 453 583 616 332 40 197 251
26 1093783 R 400 79 42 57 62 798 169 469 199 326 51 90 1188 121 1088403 327 404 188 37 89 284
27 1025114 A 1020235 83 61 396 99 528 126 125 83 291 30 55 623 93 273 616 369 781 41 95 111
28 985102 S 318 159 136 74 197 339 157 103 100 338 25 105 629 170 385 980606 343 281 129 358 150
29 946349 V 440 79 186 55 307 238 167 335 87 370 101 79 394 103 290 242 391 942279 17 80 109
30 445481 G 207 58 43 120 43 443293 112 11 28 182 38 8 235 53 348 102 98 203 143 85 71
31 441607 K 104 29 21 116 47 113 86 78 439171 172 42 248 222 115 237 263 194 126 26 48 149
32 439818 M 158 71 116 91 77 143 79 411 144 284 436883 87 121 77 285 205 179 184 38 88 97
33 457759 I 62 77 47 70 80 146 82 455504 128 236 28 181 56 106 275 148 97 195 22 101 118
34 477023 D 224 42 474047 97 64 299 132 126 75 222 46 204 204 92 228 228 204 194 26 188 81
35 498793 G 256 35 29 158 44 496394 31 48 37 158 14 83 235 34 365 225 103 217 55 55 217
36 521514 I 89 6 20 33 57 74 58 519941 39 168 11 52 218 88 179 150 159 117 1 27 27
37 541716 G 107 36 41 59 38 540277 39 35 23 81 25 21 102 35 228 100 80 189 26 21 153
38 565259 R 65 15 18 25 49 42 72 61 15 353 6 45 515 146 563415 63 100 37 1 8 208
39 585493 F 237 50 58 95 582660 184 63 134 73 489 16 66 420 52 218 255 152 104 15 80 72
40 605363 Y 319 297 114 136 141 231 247 78 146 234 37 160 132 3 361 270 183 146 26 601735 367
41 623873 I 88 32 69 55 118 184 124 621158 126 221 68 135 300 92 289 211 303 114 23 59 104
42 644823 Q 152 67 60 98 44 169 89 74 282 355 46 90 450 641593 384 240 194 102 44 137 153
43 665110 M 86 38 57 75 30 91 136 418 88 311 662556 52 308 76 192 155 218 113 22 39 49
44 691364 C 97 689019 37 17 233 73 56 33 31 176 13 25 261 33 348 295 124 39 56 196 202
45 711234 T 311 100 50 46 24 158 156 161 48 272 22 286 335 57 273 338 708289 108 41 52 107
46 727262 E 140 45 109 724470 77 258 80 84 208 225 27 42 216 178 189 321 160 106 24 34 269
47 746237 L 57 23 9 19 125 32 123 210 49 744516 26 60 356 77 174 157 88 35 5 29 67
48 762766 K 71 9 72 173 62 70 18 113 761047 227 9 145 64 45 190 106 128 55 7 47 108
49 772311 L 614 224 125 236 217 547 402 414 252 763766 109 255 1083 435 937 779 804 431 68 307 306
50 783784 S 404 242 193 177 159 1028 283 279 157 511 40 292 901 159 1026 776456 487 411 75 298 206
51 799157 D 262 16 795475 173 153 198 153 193 118 226 62 144 426 49 55 185 272 492 24 347 134
52 816162 Y 310 324 145 199 129 472 236 254 146 360 101 180 233 80 338 531 401 308 113 811058 244
53 833615 E 420 134 626 827828 49 712 133 129 279 328 73 115 547 167 503 290 328 310 83 137 424
54 846043 G 356 40 144 232 101 841896 89 85 103 282 81 70 454 80 549 361 273 333 317 85 112
55 854136 R 357 149 124 57 92 361 305 106 35 1068 38 104 1084 424 848138 317 407 201 62 91 616
56 863354 L 467 270 161 100 176 276 403 190 170 856155 121 323 1444 384 735 492 654 412 100 177 144
57 875185 I 397 123 131 110 189 559 233 868786 111 699 118 180 469 230 573 716 595 494 59 161 252
58 887540 Q 371 153 156 286 242 744 692 265 390 921 54 195 1035 878561 1293 644 456 410 158 163 351
59 888163 N 639 220 370 293 251 665 403 437 468 1105 178 878395 794 325 972 696 555 578 142 291 386
60 888073 S 255 134 57 61 108 349 112 345 99 266 87 235 384 53 711 884045 260 221 78 83 130
61 898632 L 248 77 271 86 155 266 93 184 68 895099 80 56 242 119 305 473 243 200 48 100 219
62 914123 T 555 156 162 98 70 407 294 306 344 553 29 175 1264 274 604 754 907501 217 55 174 131
63 924896 I 206 74 116 53 173 235 299 919650 154 456 461 294 544 142 462 471 404 267 72 163 200
64 934123 E 350 106 473 928140 118 516 237 205 170 465 57 259 803 175 298 507 337 250 20 168 469
65 934560 R 201 28 87 60 75 261 100 458 195 396 81 88 529 82 930405 459 475 210 55 123 192
66 938277 M 23 19 15 21 31 37 31 532 139 136 936433 29 126 20 65 173 186 157 6 59 39
67 935789 V 167 7 26 138 3 114 0 7 11 206 156 5 61 14 57 75 50 934637 21 2 32
68 942105 L 221 58 33 25 237 122 245 351 51 938722 15 45 724 105 393 262 214 120 78 41 43
69 937976 S 253 162 108 97 207 219 150 172 102 336 32 99 767 119 233 933940 299 213 11 258 199
70 928866 A 923587 101 414 114 58 356 187 185 115 350 54 173 509 237 380 647 782 367 45 59 146
71 927461 F 168 85 92 85 924155 126 172 170 109 457 27 101 442 75 227 375 151 196 14 119 115
72 917402 D 298 74 912850 411 155 480 242 105 51 290 71 225 483 145 257 248 251 279 14 360 113
73 915174 E 182 126 125 911719 91 462 84 103 222 381 6 65 312 117 195 184 206 182 33 66 313
74 922109 R 271 73 77 61 99 275 66 416 210 268 61 53 344 55 918811 268 336 117 30 64 154
75 921655 R 123 62 52 29 77 301 58 58 198 213 321 84 215 41 918599 621 240 130 99 77 57
76 918200 N 174 36 124 65 86 75 112 110 177 315 23 915572 241 78 210 254 200 134 23 133 58
77 909051 K 166 82 95 257 47 167 71 201 906027 185 23 170 256 110 374 194 289 119 23 95 100
78 909083 Y 170 214 88 134 117 188 168 158 174 330 39 184 290 84 349 267 241 126 46 905505 211
79 908886 L 302 98 97 155 86 189 176 327 139 904325 284 163 768 303 319 347 277 235 49 82 165
80 904309 E 691 283 336 895725 284 380 377 407 325 651 44 222 990 380 597 627 567 406 73 280 664
81 896398 E 597 199 385 888127 265 628 294 365 440 579 69 242 656 367 581 780 495 480 57 197 595
82 888325 H 263 148 212 222 100 385 882420 200 177 558 114 425 389 299 705 381 249 333 89 334 322
83 888051 P 572 200 133 185 254 566 498 310 206 681 62 310 880775 182 607 756 738 449 114 209 244
84 898598 S 475 218 188 145 109 837 154 478 252 419 24 241 205 124 818 892537 368 300 113 237 356
85 891937 A 886873 163 129 366 85 418 78 163 101 361 87 65 356 86 534 636 452 553 142 145 144
86 888554 G 280 125 118 264 147 883196 174 231 271 391 62 153 487 164 700 386 257 406 307 142 293
87 890114 K 424 123 76 619 140 379 164 168 883516 382 115 670 632 219 588 611 445 339 55 219 230
88 892522 D 333 191 886240 289 123 749 247 144 146 636 63 240 690 183 415 482 349 347 106 329 220
89 893417 P 706 214 241 258 216 761 603 410 335 1067 192 377 883554 325 1060 780 837 587 185 266 443
90 899336 K 578 286 417 540 331 890 269 452 889537 947 192 551 245 204 836 836 488 561 209 493 474
91 899431 K 422 132 150 199 240 182 231 377 893176 712 46 169 688 153 546 584 499 353 65 194 313
92 890424 T 262 81 119 38 133 114 124 218 89 308 28 289 410 114 307 387 887151 127 6 49 70
93 890026 G 268 89 129 150 68 886639 105 126 60 134 50 51 268 125 528 306 200 287 17 105 321
94 890666 G 124 62 31 281 78 888012 87 80 35 235 4 21 355 41 402 120 127 265 34 15 257
95 886368 P 182 36 29 31 18 60 338 19 34 283 33 43 884254 43 170 416 215 37 27 26 74
96 882714 I 193 126 59 82 37 147 48 879862 150 387 89 52 262 66 324 137 240 276 28 60 89
97 877497 Y 171 238 101 56 217 291 163 185 97 354 35 134 237 46 195 242 126 201 21 873947 440
98 876233 K 198 50 157 309 35 185 210 110 871919 360 106 396 494 78 558 244 261 199 42 145 177
99 868028 R 170 103 44 43 56 429 94 293 119 279 21 49 233 61 865192 279 237 121 30 43 132
100 864078 V 483 113 113 222 106 284 166 283 77 594 49 99 688 146 216 413 245 859532 11 43 195
101 869722 D 273 81 865566 210 112 248 247 143 42 256 52 136 397 237 281 371 277 282 18 387 106
102 864853 R 353 120 72 49 67 307 184 364 170 313 24 95 517 198 860657 410 376 214 49 158 156
103 871879 K 145 36 41 138 49 152 118 71 869183 214 50 252 336 62 437 176 176 58 24 67 94
104 870979 W 228 419 98 53 136 207 354 96 101 583 108 97 696 190 789 594 292 132 865209 177 420
105 865266 M 145 59 32 41 52 136 174 556 173 358 861753 82 361 56 251 232 302 292 34 98 79
106 853055 R 140 47 34 48 63 621 166 105 245 229 290 109 318 78 849621 318 281 104 139 36 63
107 848762 E 112 67 104 846110 11 231 110 23 621 244 33 20 127 104 123 126 101 147 11 72 265
108 850760 L 90 33 32 9 146 151 146 184 28 848700 14 18 476 50 226 147 104 74 22 32 78
109 846085 V 284 49 139 72 197 178 62 284 21 203 17 28 190 31 219 167 81 843752 33 30 48
110 838147 L 153 29 61 31 156 80 191 365 46 835763 30 37 461 65 183 94 126 119 47 48 62
111 834292 Y 88 201 25 53 104 87 322 82 61 156 32 108 73 53 101 234 80 127 19 832087 199
112 815460 D 198 77 812032 312 54 520 176 56 53 171 15 240 277 38 146 156 284 230 23 325 77
113 810186 K 211 52 38 157 59 106 122 160 807275 317 15 147 311 59 261 229 294 177 36 46 114
114 818599 E 133 62 74 815834 35 384 57 75 104 190 9 68 263 134 154 217 160 227 40 78 301
115 824531 E 47 45 114 822518 32 231 70 49 168 99 13 137 154 101 150 85 117 113 6 32 250
116 821224 I 107 85 31 73 55 149 119 817889 180 449 286 98 269 37 236 306 342 210 42 149 112
117 826676 R 190 77 36 55 74 453 97 87 207 241 311 106 267 124 823009 549 266 146 108 134 139
118 829449 R 98 78 64 36 51 188 46 72 20 490 2 25 347 275 826965 216 98 53 4 12 309
119 829020 I 61 41 18 58 97 54 17 827603 36 97 50 132 76 58 61 196 125 136 32 22 50
120 832094 W 95 286 48 18 54 309 50 43 65 513 24 47 139 65 516 430 113 94 828848 35 302
121 835556 R 397 617 74 45 100 391 616 152 61 469 28 142 595 81 830189 612 363 275 49 178 122
122 839020 Q 343 28 128 159 24 414 277 95 262 218 32 78 513 834384 692 287 370 240 88 46 342
123 834319 A 830756 45 336 32 58 364 57 57 74 144 25 106 274 67 251 470 448 499 81 94 81
124 843405 N 145 54 165 88 55 214 139 175 154 305 58 840607 292 41 189 309 112 113 19 65 106
125 854845 N 164 136 283 59 67 181 153 227 179 315 41 851061 293 100 258 458 284 139 65 279 103
126 847940 G 281 419 239 105 56 843890 139 142 181 319 42 108 306 116 387 353 271 364 25 66 131
127 850967 D 270 66 847163 249 59 365 180 131 100 124 3 212 344 77 308 338 178 214 27 437 122
128 852297 D 237 84 848499 246 84 355 153 128 90 235 36 232 158 78 232 268 285 318 44 381 154
129 865843 A 861493 95 136 401 69 338 130 149 106 250 46 133 250 42 291 556 645 398 56 85 174
130 870621 T 292 79 56 74 137 156 153 282 353 184 112 148 288 107 324 332 867069 128 60 138 149
131 876246 A 872160 49 327 57 61 410 156 69 90 300 63 96 435 78 196 755 467 236 21 129 91
132 865966 G 192 300 194 58 59 862992 93 135 65 185 25 68 194 130 238 369 135 289 37 125 83
133 859424 L 61 68 98 105 54 215 193 87 48 856145 300 147 723 158 271 212 138 175 30 67 129
134 853472 T 448 111 87 80 39 200 290 252 72 394 10 340 1029 175 428 414 848792 114 52 77 68
135 858825 H 220 86 140 129 52 107 854728 126 86 362 24 357 332 445 501 321 299 151 27 200 132
136 870282 M 241 99 76 137 85 193 114 689 262 382 865686 137 298 125 336 289 400 397 74 128 134
137 875798 M 161 39 45 80 23 146 129 564 163 366 872177 70 395 208 216 173 290 335 37 77 104
138 871077 I 208 68 114 29 107 108 71 868359 76 214 58 133 232 81 384 150 280 145 76 72 112
139 874817 W 48 302 32 37 21 148 22 42 96 393 46 47 178 50 681 162 97 121 871754 34 506
140 875321 H 98 27 190 7 7 53 873194 31 60 200 7 318 132 99 244 102 136 46 15 310 45
141 880380 S 203 74 61 41 185 84 28 60 53 115 23 69 356 41 208 878103 221 92 7 286 70
142 872753 N 175 28 239 173 60 106 88 172 165 350 2 870002 239 66 145 271 190 64 21 74 123
143 873027 L 65 45 63 39 384 139 69 144 63 870367 75 92 284 59 130 402 159 168 37 112 131
144 878663 N 231 47 299 62 19 89 124 125 232 192 40 875848 178 89 209 347 192 74 20 184 62
145 869207 D 5 34 866689 165 35 218 112 125 68 244 17 159 195 55 113 179 84 259 0 404 47
146 866433 T 442 20 32 59 22 169 46 208 235 104 34 157 302 26 181 238 864024 84 9 27 14
147 866531 T 284 101 87 15 12 167 45 95 266 82 1 14 215 78 138 195 864604 84 26 14 8
148 859399 Y 160 172 57 47 103 257 153 61 55 131 55 81 138 38 175 192 162 103 26 856999 234
149 862997 Q 195 62 50 179 94 169 418 48 258 339 23 72 326 859558 578 92 101 151 62 28 194
150 856048 R 87 25 30 79 54 309 18 38 199 100 260 32 101 32 853954 350 187 72 56 19 46
151 854158 T 262 47 52 82 16 153 84 180 194 305 50 86 550 133 243 275 851148 153 7 53 85
152 855385 R 275 76 42 78 108 595 136 320 189 483 101 226 549 155 850791 333 278 172 53 95 330
153 859539 A 854741 61 383 106 63 325 145 205 62 408 23 155 396 121 394 692 474 334 79 209 163
154 866586 L 214 114 149 165 196 378 161 341 195 861587 42 118 647 125 562 275 295 475 74 154 319
155 865317 V 378 100 151 277 303 594 111 294 281 486 97 190 317 188 720 428 435 859471 66 195 235
156 864472 R 441 539 138 106 102 565 761 164 135 650 52 163 527 158 858266 707 319 247 135 87 210
157 867977 T 582 142 172 96 173 492 117 394 149 351 117 277 564 115 490 544 862424 381 28 146 223
158 865360 G 384 314 764 98 84 859389 165 128 100 354 24 158 641 101 509 849 317 556 15 186 224
159 863648 M 332 68 149 206 156 315 256 729 211 562 856963 169 760 118 685 526 461 554 17 183 228
160 873866 D 440 233 867552 291 90 1009 263 264 150 393 72 346 325 118 348 498 449 367 69 388 201
161 874140 P 292 160 137 235 79 447 365 191 206 611 64 198 868579 109 564 545 456 410 150 134 208
162 882022 R 314 103 181 212 138 843 62 222 441 422 315 165 378 195 875939 819 401 361 150 126 235
163 883476 M 276 144 105 140 114 378 92 572 279 583 878387 182 114 108 511 413 405 297 107 99 170
164 883315 C 325 877767 116 105 373 355 125 193 90 249 52 108 493 82 627 489 281 220 146 679 440
165 876432 S 236 176 54 61 237 470 116 76 131 360 31 214 458 113 275 872410 345 169 37 292 171
166 879239 L 110 104 78 118 104 324 107 180 245 874710 304 145 696 189 474 293 300 395 80 87 196
167 890446 M 262 136 94 74 128 520 123 925 242 550 884958 157 339 140 295 307 466 386 64 79 201
168 896022 Q 364 137 137 230 193 343 507 213 513 488 101 166 381 889136 1163 420 294 244 75 104 813
169 888844 G 217 358 264 145 112 884789 131 144 150 236 82 133 181 124 448 332 223 424 74 99 178
170 897014 S 373 50 82 67 54 109 93 135 53 714 49 86 400 167 338 893226 271 188 125 92 342
171 898743 T 260 63 9 41 63 190 91 188 64 338 20 273 502 112 245 414 895577 114 49 66 64
172 899771 L 172 142 81 80 178 311 160 367 110 895765 40 65 604 128 421 286 231 238 91 125 176
173 900370 P 446 108 61 156 133 326 450 263 142 403 43 163 895256 91 477 598 568 225 96 106 259
174 900511 R 212 109 77 43 208 421 149 131 183 547 278 116 303 137 895894 572 419 256 102 67 287
175 897908 R 144 65 21 62 58 453 89 98 329 179 251 90 225 84 894806 389 182 96 133 54 100
176 907587 S 202 79 44 67 278 144 75 110 83 332 27 109 431 58 224 904699 201 103 25 193 103
177 920346 G 96 126 88 145 78 917598 166 110 48 193 17 67 195 85 355 168 162 246 26 99 278
178 933342 A 929605 174 337 52 50 197 109 102 64 176 14 94 703 111 221 481 291 274 51 153 83
179 945653 A 941756 104 71 407 84 180 34 66 43 213 82 31 154 38 146 611 906 509 48 64 106
180 944872 G 174 244 172 47 36 942560 90 73 34 179 7 50 91 69 268 171 91 372 22 23 99
181 943709 A 939285 72 181 157 132 182 110 133 38 288 36 110 487 91 342 590 929 248 115 65 118
182 950631 A 944854 87 119 387 58 451 208 89 59 317 9 98 463 85 441 545 853 1297 44 79 88
183 953172 V 278 97 175 85 329 237 204 243 84 319 49 157 376 88 468 317 349 949117 30 63 107
184 961901 K 298 109 155 346 39 271 81 222 957200 249 47 491 262 180 456 341 248 364 95 84 363
185 967921 G 237 134 159 244 28 963896 92 193 110 278 47 104 240 83 600 311 201 456 31 76 401
186 974460 V 400 122 152 150 285 406 182 305 102 362 23 118 391 72 386 276 246 970118 66 94 204
187 983421 G 227 96 100 276 38 979734 127 66 94 186 16 70 318 72 592 365 167 368 362 37 110
188 985090 T 346 112 61 43 33 208 147 351 278 231 15 89 302 131 231 380 981741 145 89 76 81
189 996828 M 138 58 27 103 46 321 103 626 121 480 992340 196 333 122 417 328 267 333 128 208 133
190 997230 V 321 98 140 177 59 488 87 113 86 456 157 96 276 86 353 218 221 993579 77 53 89
191 996740 M 263 100 81 53 32 137 151 605 127 400 992843 144 290 109 367 209 276 274 22 128 129
192 996487 E 282 56 546 992268 54 709 104 57 194 224 35 68 187 138 368 246 163 254 83 103 348
193 992735 L 175 76 95 82 343 190 39 92 49 990003 119 59 132 92 187 378 123 131 154 122 94
194 996250 I 252 46 53 51 83 381 153 992114 181 421 172 96 680 166 321 238 341 319 33 58 91
195 992411 R 370 49 53 38 58 542 146 106 171 184 406 82 588 74 988158 555 440 108 119 89 75
196 993948 M 360 91 45 58 64 410 153 578 171 386 989430 76 463 113 387 156 411 335 89 54 118
197 994848 I 222 46 59 61 132 177 90 991722 34 267 104 178 509 45 220 255 274 282 21 85 65
198 992056 K 129 39 39 184 93 218 91 46 989658 176 7 91 244 107 273 208 187 51 26 10 179
199 990282 R 132 211 32 39 57 321 400 46 44 403 34 102 476 133 986987 331 150 77 43 29 235
200 999344 G 191 132 205 199 48 995813 150 81 75 123 42 54 204 68 508 169 294 504 337 63 84
201 987402 I 271 210 136 67 210 261 141 983704 69 275 58 138 268 169 322 301 273 315 44 64 106
202 980714 N 213 34 393 28 20 195 155 213 130 226 28 977177 589 68 224 438 223 134 48 87 91
203 981802 D 192 67 977745 256 113 365 227 113 135 352 16 171 208 84 283 337 177 422 22 423 94
204 983179 R 480 71 221 112 104 317 61 222 135 617 47 123 213 449 978642 306 249 154 399 133 124
205 983443 N 221 94 181 84 81 96 72 146 153 213 23 980515 380 73 146 374 190 82 60 105 154
206 973012 F 243 73 64 145 970104 79 62 142 70 533 28 96 356 61 262 225 188 110 23 65 83
207 961509 W 178 385 56 79 69 171 138 115 30 467 24 108 401 74 642 346 123 139 957626 71 267
208 956883 R 195 69 60 58 74 569 165 403 153 495 50 81 446 108 952553 382 455 176 29 50 312
209 960262 G 184 358 132 87 45 957762 61 67 24 99 13 12 198 68 211 284 169 331 28 54 75
210 965073 E 207 50 156 962402 61 335 99 45 199 196 42 32 108 75 180 162 112 244 19 40 309
211 965274 N 151 50 177 34 64 136 146 231 100 287 22 962831 145 48 125 257 121 140 32 67 110
212 967406 G 388 161 81 194 37 963625 43 73 40 238 79 49 268 34 650 190 314 357 18 106 461
213 962833 R 165 50 119 52 73 255 139 91 104 611 52 57 691 422 958669 362 162 208 43 52 456
214 953826 K 142 56 65 195 108 250 111 144 950890 293 27 66 314 58 387 193 184 105 53 55 130
215 950030 T 381 45 68 37 29 113 50 152 172 169 16 79 306 56 275 261 947572 95 51 35 68
216 945230 R 180 105 52 38 41 549 92 67 153 222 364 41 156 75 942020 503 260 81 126 37 68
217 939204 S 144 141 22 61 48 316 77 192 62 230 8 298 186 32 311 936466 241 140 78 44 107
218 931679 A 929918 40 255 46 18 147 21 40 11 70 18 35 121 24 121 318 200 189 11 36 40
219 941047 Y 95 156 27 60 95 119 158 42 15 91 10 78 147 31 95 130 60 86 8 939262 282
220 945254 E 52 29 291 943437 52 222 17 24 224 103 14 11 58 76 44 81 72 146 4 10 287
221 949359 R 18 28 9 30 8 334 58 326 232 90 16 1 87 35 947595 137 132 36 20 7 160
222 934441 M 99 24 16 15 17 62 44 432 90 177 932850 21 59 29 54 98 143 141 9 13 48
223 923906 C 13 922705 2 0 227 11 0 0 0 16 0 3 1 2 203 175 7 15 64 273 189
224 922609 N 3 8 170 9 17 38 22 111 213 18 0 921733 3 3 11 137 13 12 11 58 19
225 926463 I 23 37 15 27 56 30 7 925736 18 24 3 61 74 22 30 47 123 80 9 26 15
226 927753 L 12 17 3 19 77 18 129 225 12 926837 0 4 254 5 42 10 5 74 1 7 2
227 926655 K 28 3 16 169 43 76 13 101 925686 25 8 48 39 5 198 60 45 17 6 6 63
228 916699 G 111 71 28 109 13 915205 15 25 21 37 0 14 53 16 290 98 51 210 6 15 311
229 911077 K 90 56 12 180 25 140 27 86 909322 149 0 114 123 23 397 85 61 52 44 28 63
230 913203 F 54 106 25 59 911434 165 36 105 5 286 12 79 153 20 143 229 35 114 31 91 21
231 905292 Q 90 22 91 99 19 160 181 95 305 235 8 32 262 902283 701 149 191 71 58 29 211
232 898152 T 349 36 21 4 35 71 134 144 262 180 39 35 465 26 215 142 895863 49 14 24 44
233 895899 A 892974 105 272 59 42 277 56 56 61 142 27 26 281 74 252 473 298 243 83 50 48
234 886881 A 883897 55 39 318 37 194 33 66 14 74 12 25 329 40 182 417 696 306 24 37 86
235 876080 Q 220 49 39 73 43 173 140 72 227 227 13 98 176 873673 303 124 73 94 32 44 187
236 868863 R 101 72 72 88 37 503 78 69 181 320 332 95 460 93 865450 316 194 168 101 64 69
237 862116 A 857751 60 80 322 64 417 82 124 137 312 28 45 417 54 217 486 601 598 27 142 152
238 847319 M 56 142 40 68 117 322 76 576 190 409 842991 114 281 111 315 481 294 325 95 92 224
239 833864 M 202 46 42 20 50 170 52 657 178 396 830408 51 155 23 292 258 229 321 87 55 172
240 815900 D 141 25 813144 185 10 488 137 41 133 225 21 153 90 54 203 131 155 176 76 224 88
241 792498 Q 265 113 74 155 112 280 189 159 361 427 46 72 473 787639 707 438 312 289 78 74 235
242 771210 V 436 67 54 158 64 488 73 101 41 618 98 40 246 81 328 149 146 767810 54 27 131
243 758282 R 205 96 88 109 75 561 216 298 187 326 24 110 340 65 754229 424 425 168 66 71 199
244 731133 E 332 66 75 727544 199 492 68 71 285 197 39 98 192 134 139 243 203 335 48 82 291
245 712898 S 236 123 27 47 54 311 80 206 67 161 13 131 228 41 286 710399 219 114 54 48 53
246 688488 R 165 32 52 45 35 158 55 82 88 264 54 87 144 271 686319 94 110 87 170 115 61
247 660862 N 111 36 176 99 21 103 32 77 189 96 26 659069 122 22 203 153 77 46 34 52 118
248 636706 P 34 20 24 24 35 100 39 20 10 201 15 33 635470 119 106 188 147 40 12 24 45
249 610786 G 80 53 45 120 25 609122 24 37 119 60 20 104 149 15 203 77 51 187 28 32 235
250 591511 N 105 25 178 33 95 228 47 139 104 185 18 589199 146 76 177 214 145 121 35 104 137
251 571106 A 569860 13 143 11 8 61 13 10 28 55 12 26 45 14 67 272 155 270 3 5 35
252 548623 E 120 62 204 547191 23 228 30 30 70 123 24 9 52 58 48 59 41 76 11 15 149
253 525453 I 25 15 17 18 41 56 22 524701 14 53 41 51 19 32 63 103 67 84 5 10 16
254 498195 E 9 1 43 497706 1 67 0 0 138 5 3 0 8 37 2 6 0 40 14 2 113
255 468292 D 43 19 467432 68 20 103 25 26 10 84 1 64 43 14 42 43 56 75 12 78 34
256 440608 L 49 19 40 27 116 81 100 148 37 439214 16 27 201 22 131 97 61 87 32 28 75
257 417402 I 51 60 57 57 59 50 57 416151 5 138 31 32 175 32 111 93 62 112 15 20 34
258 391057 F 109 75 16 69 389365 115 59 102 117 223 12 56 112 57 105 159 85 92 22 51 56
259 373159 L 100 53 40 66 22 125 57 45 82 371524 137 23 185 64 113 123 139 112 22 42 85
260 350170 A 348869 47 6 201 15 108 13 9 25 26 0 37 84 11 71 188 222 159 29 27 23
261 327123 R 15 15 4 5 5 63 14 24 25 121 13 7 56 95 326307 54 46 37 194 6 17
262 304678 S 53 31 24 33 60 46 23 29 33 91 3 19 112 12 91 303678 82 76 9 131 42
263 274946 A 273578 23 45 123 17 95 25 50 37 72 15 30 68 33 106 143 229 179 12 19 47
264 250279 L 36 23 32 38 46 79 56 90 32 249341 5 26 88 30 88 45 28 89 34 41 32
265 220089 I 57 20 17 36 10 81 29 218923 50 106 88 20 89 24 109 97 113 88 13 43 76
266 196079 L 44 23 24 24 94 91 27 16 14 195234 21 22 52 13 108 103 44 58 16 15 36
267 178340 R 44 20 5 17 35 116 25 73 28 88 3 20 128 30 177494 75 58 25 7 16 33
268 159707 G 9 7 8 18 6 159250 5 11 2 14 0 13 58 4 90 31 26 74 59 13 9
269 137661 S 29 10 3 4 0 15 10 8 11 52 4 9 62 7 31 137290 36 12 11 8 49
270 111392 V 41 2 8 8 17 23 4 14 12 26 6 13 56 10 25 26 11 111070 2 14 4
271 89477 A 89073 11 32 9 5 33 20 18 7 14 3 11 42 6 19 45 54 57 3 6 9
272 76714 H 54 22 11 15 15 44 75918 28 14 84 9 44 90 57 76 48 70 40 7 50 18
273 62976 K 27 5 10 33 22 32 19 52 62342 57 11 25 25 25 70 59 44 39 7 36 36
274 46963 S 22 14 7 6 14 11 5 8 8 28 1 8 30 3 11 46713 27 7 10 16 14
275 41096 C 17 40683 10 16 16 28 9 12 16 41 9 10 28 13 46 30 21 23 7 28 33
276 30882 L 2 4 0 0 0 5 5 0 0 30806 15 2 4 7 20 1 4 4 2 1 0
277 25374 P 68 27 12 43 17 112 57 34 44 144 12 29 24307 11 100 196 61 47 19 13 21
278 22467 A 21319 36 85 31 42 86 37 30 52 91 20 19 114 17 53 71 158 112 20 29 45
279 19381 C 13 18814 6 3 17 24 13 0 6 95 1 5 35 34 242 17 7 8 4 4 33
280 24601 V 5 11 7 6 1 2 3 9 1 12 7 1 2 0 6 8 1 24500 6 4 9
281 30575 Y 4 7 10 12 19 20 22 5 13 39 4 8 13 2 16 16 4 26 10 30304 21
282 24441 G 90 18 17 40 25 23790 7 18 32 45 7 8 30 10 88 77 22 44 35 9 29
283 59724 P 94 31 54 37 24 173 58 18 18 151 18 51 58254 45 242 143 78 115 36 42 42
284 79521 A 78543 7 95 19 5 51 3 4 34 25 17 6 67 52 40 148 234 130 0 5 36
285 91296 V 42 24 6 15 46 51 17 34 8 113 2 18 38 23 70 43 20 90654 12 25 35
286 107327 A 107069 3 27 0 2 22 10 9 0 10 1 2 31 15 9 32 27 21 5 18 14
287 121471 S 0 14 0 0 1 18 0 11 0 3 0 5 0 3 22 121382 12 0 0 0 0
288 139629 G 9 32 19 7 3 139420 0 5 2 6 3 5 1 0 9 49 3 44 1 1 10
289 165051 Y 23 25 6 2 11 7 67 4 2 18 2 12 11 6 25 14 6 18 3 164741 48
290 192601 D 11 4 192189 56 15 29 19 17 11 13 5 47 42 3 34 22 9 12 4 50 9
291 217489 F 24 10 6 13 216901 25 9 31 10 138 2 5 39 13 29 69 19 82 8 31 25
292 241120 E 20 3 41 240533 5 78 4 61 66 27 5 11 22 26 27 30 26 53 4 11 67
293 258362 K 14 15 8 37 7 12 13 27 257981 29 0 22 36 12 54 15 33 17 14 8 8
294 283326 E 27 7 101 282573 9 163 25 17 33 37 4 10 32 40 35 25 32 40 3 9 104
295 309307 G 16 0 8 57 3 308800 5 46 8 24 5 3 29 8 84 27 21 71 2 7 83
296 338285 Y 22 132 21 11 40 58 73 30 6 46 7 38 37 21 30 52 28 17 6 337501 109
297 365488 S 100 47 31 27 43 61 24 33 21 90 25 32 143 21 82 364339 108 44 26 146 45
298 400557 L 159 23 35 53 40 138 39 49 32 399149 42 51 113 57 91 167 76 101 10 43 89
299 432241 V 113 34 27 105 24 160 29 18 32 247 56 26 95 48 80 65 46 430910 41 29 56
300 454636 G 63 43 23 101 19 453317 32 43 16 79 19 12 84 22 273 61 71 170 21 28 139
301 474382 I 57 24 20 27 46 98 27 472959 49 119 204 57 75 47 114 123 96 142 21 23 54
302 505739 D 155 28 503901 156 32 318 72 21 10 56 26 70 108 24 221 103 55 129 50 145 59
303 537593 P 78 19 13 30 38 134 237 19 22 171 25 9 536050 47 209 162 127 117 26 18 42
304 561085 F 162 79 52 60 558594 278 41 82 37 489 39 17 98 54 222 230 76 205 93 84 93
305 582221 K 215 149 73 248 49 200 40 115 579758 152 18 109 50 73 339 166 154 121 7 43 142
306 604111 L 149 38 43 63 14 257 67 38 22 602114 186 14 238 124 279 126 60 147 49 29 54
307 635350 L 171 38 67 72 164 253 166 201 20 632839 31 34 243 49 306 137 89 270 50 60 90
308 666442 Q 123 40 52 126 30 50 148 84 270 180 9 36 131 664293 320 153 67 133 56 38 103
309 691381 N 98 57 124 61 37 313 79 70 216 208 18 689207 140 22 173 246 118 83 40 44 27
310 720201 S 204 145 80 76 33 466 26 310 40 131 47 266 92 42 588 716984 151 185 180 54 101
311 742514 Q 80 43 40 113 58 197 104 66 227 223 54 63 175 740132 284 153 79 142 77 42 162
312 772429 V 227 95 39 121 57 251 128 187 45 450 25 18 250 86 213 169 156 769755 41 41 75
313 800996 Y 127 299 133 95 144 260 136 122 51 165 38 138 127 40 333 245 272 193 121 797592 365
314 829656 S 329 164 94 134 51 799 62 418 50 298 75 172 234 54 719 825401 189 202 60 67 84
315 852049 L 261 188 152 179 122 334 301 430 99 847263 56 93 597 230 483 308 298 295 91 109 160
316 876306 I 127 102 37 90 109 319 34 873336 51 181 108 129 213 48 316 200 306 370 28 61 141
317 892301 R 120 97 49 81 53 804 61 346 238 289 17 47 127 106 888963 205 251 206 37 57 147
318 909537 P 425 59 58 178 38 389 65 127 39 517 35 147 905479 345 523 402 205 235 88 74 109
319 927241 N 207 73 307 120 123 566 89 164 319 353 29 922202 308 71 584 578 249 376 109 180 234
320 943712 E 312 112 378 939609 87 769 139 52 161 319 28 38 116 101 240 178 104 422 62 97 388
321 951030 N 127 131 203 90 71 524 75 184 138 301 32 947249 336 64 329 450 182 282 70 91 101
322 958304 P 425 100 135 81 92 610 91 177 199 605 26 61 953481 253 581 313 412 267 154 143 98
323 963580 A 957959 119 98 481 131 516 84 134 96 314 48 87 425 182 616 758 529 568 170 89 176
324 973255 H 77 105 47 34 77 99 969737 70 81 428 33 335 441 378 468 248 163 192 35 140 67
325 974354 K 137 30 29 244 36 29 24 61 972301 80 128 318 70 18 462 132 51 86 9 26 83
326 975334 S 42 65 0 1 2 193 5 155 9 0 0 169 49 8 109 974409 44 2 38 15 19
327 971216 Q 9 29 6 75 45 75 388 25 303 90 13 21 65 969065 577 51 25 52 23 70 209
328 962704 L 247 191 114 163 156 576 66 304 149 957136 336 158 387 256 525 449 393 353 86 282 377
329 962506 V 347 49 101 246 61 485 169 95 153 468 232 31 183 75 419 280 171 958629 95 68 149
330 967853 W 142 357 112 120 138 382 119 153 118 588 169 116 229 45 499 353 188 235 963247 69 474
331 961823 M 281 102 123 140 42 304 203 680 206 525 956646 167 453 75 406 268 326 320 242 72 242
332 960168 A 954586 61 144 444 137 527 189 137 98 321 54 144 433 77 474 541 649 713 57 162 220
333 961632 C 174 955614 59 73 425 406 130 265 81 472 41 116 237 98 1037 436 317 420 199 533 499
334 955084 N 102 39 197 89 92 124 86 125 221 240 42 952236 271 92 159 253 119 176 52 167 202
335 946674 S 239 174 139 125 207 420 198 147 166 345 57 90 215 87 472 942380 263 241 66 448 195
336 940167 A 936033 135 376 87 25 329 48 43 95 335 103 76 214 59 300 541 617 448 55 62 186
337 934208 A 930520 83 137 314 74 300 60 63 101 238 34 61 221 64 232 436 494 465 49 184 78
338 930460 F 200 53 48 54 928181 317 16 94 56 260 40 69 59 58 321 214 80 188 65 54 33
339 931326 E 171 15 247 929003 25 466 20 30 122 110 25 22 137 120 121 107 64 170 40 18 293
340 919180 D 155 25 916428 130 39 414 172 65 92 190 6 167 105 26 189 180 154 237 69 267 70
341 915355 L 95 2 15 4 3 101 11 199 4 914069 6 8 398 116 143 30 49 79 3 14 6
342 912767 R 98 56 94 121 40 310 58 275 236 143 8 96 132 47 910286 231 173 137 49 56 121
343 909339 V 162 20 30 96 24 159 30 148 37 291 11 4 82 13 107 63 44 907936 23 29 30
344 908965 L 106 49 34 45 163 197 87 157 20 907042 0 49 85 41 108 262 77 222 30 41 150
345 913855 S 217 189 78 55 34 545 68 256 36 162 24 138 256 48 702 910412 195 194 96 40 110
346 915267 F 221 124 151 56 912344 317 48 168 36 525 36 16 123 20 205 328 70 152 71 122 134
347 910436 I 247 26 102 48 107 229 83 908084 80 228 100 117 77 61 173 113 195 222 42 55 47
348 902707 R 171 33 42 78 56 429 79 270 70 130 28 53 110 29 900410 210 127 135 82 48 117
349 909154 G 172 100 19 136 11 907307 10 25 30 97 14 15 140 21 330 124 54 233 242 18 56
350 910055 T 328 132 32 16 109 271 65 164 47 160 30 100 184 49 252 345 907434 169 30 33 105
351 907092 K 58 67 30 187 31 225 35 103 905073 104 17 153 120 98 268 92 129 66 63 77 96
352 905393 V 171 31 62 117 30 230 33 166 37 195 11 40 44 59 86 152 79 903686 7 111 46
353 914885 S 32 63 24 9 145 7 50 7 39 183 7 7 188 9 50 913711 75 35 1 213 30
354 911840 P 179 72 66 171 78 280 41 118 142 186 12 101 908823 255 316 239 257 230 58 98 118
355 907914 R 7 4 6 9 9 216 12 12 92 12 438 6 5 1 906718 208 75 3 69 10 2
356 914738 G 65 76 32 137 18 913585 11 13 7 97 7 20 20 3 141 46 58 165 180 15 42
357 902711 K 80 183 10 216 44 81 44 74 900977 68 0 182 77 23 197 94 71 33 13 83 161
358 904784 L 57 77 18 26 122 104 56 109 54 903187 67 60 234 25 219 109 52 125 23 20 40
359 916033 S 95 68 72 92 143 98 44 102 51 178 6 29 179 38 176 914069 136 112 9 289 47
360 928733 T 213 18 63 60 80 137 16 145 33 134 16 354 84 92 140 303 926397 110 131 52 155
361 914753 R 204 98 42 85 94 421 92 331 185 319 44 70 170 52 911424 328 206 187 78 80 243
362 923087 G 307 37 62 119 19 920823 26 27 9 100 11 16 73 41 405 81 61 398 35 28 409
363 928318 V 418 46 37 111 76 219 9 190 21 498 34 7 160 27 137 171 78 925931 30 19 99
364 932856 Q 71 56 91 55 75 248 126 73 210 269 11 32 127 930418 343 106 58 116 72 62 237
365 938888 I 113 37 25 30 92 170 21 937065 15 109 26 91 139 38 146 244 175 205 27 64 56
366 947505 A 944868 119 242 63 30 248 44 60 50 168 46 24 149 26 140 523 308 252 68 44 33
367 947165 S 269 205 60 56 80 316 32 73 66 269 22 48 288 37 255 943929 236 250 63 161 450
368 939220 N 219 56 178 64 92 398 97 150 90 210 25 936004 158 71 381 412 203 149 65 102 96
369 945684 E 234 67 242 942755 47 316 42 103 259 135 10 43 137 109 238 224 94 236 27 51 315
370 943643 N 41 44 149 39 80 101 34 166 336 185 36 941362 63 37 194 218 234 135 28 109 52
371 948108 M 123 47 173 76 12 216 72 647 126 270 944885 102 107 116 230 176 254 293 34 53 96
372 953284 D 96 48 951126 161 35 404 79 28 23 115 29 113 121 37 199 152 87 239 16 133 43
373 956533 A 954059 68 323 85 57 311 24 35 41 182 16 30 105 36 181 338 273 227 38 54 50
374 959921 M 204 41 68 59 29 286 58 525 87 197 956958 81 235 25 256 83 282 333 66 19 29
375 957664 E 148 33 169 955117 29 313 16 90 135 187 31 21 139 98 170 118 102 343 36 16 353
376 958217 S 235 76 40 87 46 299 16 59 52 207 26 78 234 67 247 955672 162 175 26 55 358
377 951150 S 264 147 87 102 80 724 70 208 72 382 31 150 221 55 548 947440 246 90 117 29 87
378 946172 T 286 51 78 104 26 569 114 155 57 76 43 195 134 28 235 270 943370 118 68 91 104
379 947979 L 161 87 69 110 123 304 153 381 40 944336 39 28 548 105 323 324 167 367 83 79 152
380 939939 E 254 155 126 937082 52 457 22 60 161 92 48 16 159 83 225 176 145 223 40 32 331
381 938948 L 165 47 81 45 64 271 103 74 57 936173 237 53 383 137 282 196 102 258 96 78 46
382 936415 R 116 108 144 125 127 915 89 208 266 333 39 134 268 86 931989 470 409 304 26 62 197
383 936606 S 323 191 155 104 107 693 128 407 193 434 50 236 132 82 626 931847 300 298 42 62 196
384 934657 R 280 139 120 157 77 1273 28 123 131 340 274 114 67 75 929705 535 319 411 277 96 116
385 931391 Y 238 263 162 223 173 475 370 70 166 363 52 154 244 141 435 367 239 394 141 926282 439
386 930809 W 215 287 96 95 91 571 130 86 67 447 63 74 108 90 692 270 167 412 926313 106 429
387 926350 A 923026 24 293 123 18 386 81 118 32 141 26 49 415 76 191 404 418 456 12 26 35
388 916449 I 220 129 58 63 102 240 30 911833 230 575 618 165 213 146 349 265 360 483 87 46 237
389 915875 R 141 57 123 113 153 531 55 496 196 276 53 107 118 84 912248 284 253 333 3 82 169
390 911166 T 375 136 95 162 172 381 129 275 175 401 77 233 221 117 456 529 906545 274 65 143 205
391 918528 R 371 176 114 214 170 671 116 618 302 617 115 133 323 141 912504 535 321 367 167 142 411
392 916247 S 261 354 124 66 206 495 130 449 223 451 47 274 471 155 890 910707 297 195 62 124 266
393 922347 G 155 54 43 126 60 919958 53 47 32 196 35 49 135 35 407 107 105 384 22 33 311
394 923089 G 216 139 37 261 60 920067 52 75 54 145 11 42 173 103 496 246 156 313 106 89 248
395 918885 N 382 167 238 193 96 445 184 188 309 287 73 913773 358 131 396 483 203 365 80 188 346
396 917267 T 471 141 147 181 152 525 201 220 88 378 42 328 328 116 556 647 911806 437 135 160 208
397 919222 N 272 108 151 87 53 514 88 92 220 280 49 915465 130 112 306 475 222 198 92 149 159
398 912947 Q 255 265 147 137 104 397 294 151 287 198 4 41 358 908466 509 315 151 224 165 101 378
399 908085 Q 246 122 67 184 53 714 402 139 347 374 34 42 404 902922 778 346 134 256 122 142 257
400 903833 R 289 64 61 69 49 903 69 74 227 273 307 18 256 70 899927 305 131 162 283 40 256
401 908465 A 904930 104 310 118 41 473 37 74 70 212 25 28 298 43 314 309 250 567 129 57 76
402 905958 S 378 122 75 256 207 571 102 98 56 185 133 35 648 102 311 901850 193 293 87 147 109
403 901067 A 894932 124 59 382 135 794 196 80 140 449 77 117 367 122 419 798 474 1040 90 141 131
404 905440 G 448 401 187 175 229 901022 146 184 18 304 66 72 190 19 235 619 198 553 128 98 148
405 923247 Q 170 3 69 125 81 42 268 226 250 422 45 103 545 919776 268 106 227 263 0 13 245
406 916934 I 41 5 44 23 128 56 40 915460 39 116 34 94 132 28 36 197 189 150 9 5 108
407 927774 S 27 119 17 9 35 359 11 302 5 51 3 98 31 8 211 926354 45 35 4 29 21
408 929212 V 232 0 18 130 9 201 7 16 39 295 179 0 6 13 176 38 18 927791 9 8 27
409 931458 Q 213 252 86 146 98 506 174 101 296 332 30 52 290 926328 554 295 186 244 120 116 1039
410 932460 P 234 141 55 44 15 436 314 81 109 227 66 32 929366 96 274 395 225 121 71 33 125
411 943954 A 940025 118 65 304 24 428 56 45 61 94 13 64 167 59 393 382 904 540 86 32 94
412 950683 F 155 153 101 137 947283 703 7 155 87 276 50 52 170 86 260 382 121 216 71 51 167
413 954735 S 274 196 147 156 364 668 105 174 81 269 53 97 341 179 372 950030 190 287 114 370 268
414 959139 V 687 136 126 358 89 939 102 118 92 662 305 112 112 93 546 389 312 953567 106 77 211
415 968947 Q 251 84 53 149 126 685 136 81 328 346 16 29 246 964520 696 210 173 261 126 88 343
416 969793 R 155 98 65 94 152 501 94 207 182 279 23 31 256 54 966545 270 186 322 60 77 142
417 978272 N 134 92 211 75 58 287 58 131 191 153 15 975329 120 95 342 384 162 179 49 142 65
418 985532 L 186 54 71 65 184 485 145 279 52 982026 36 49 463 78 441 244 74 278 118 43 161
419 988673 P 384 140 91 190 101 283 83 96 95 417 108 46 984200 436 710 374 331 330 52 66 140
420 988959 F 315 105 82 213 984012 745 75 140 94 544 22 83 320 110 629 513 177 420 152 85 123
421 999000 D 290 142 994625 396 95 670 128 130 60 333 20 219 196 63 217 379 123 450 49 344 71
422 999616 K 243 128 100 317 165 664 39 192 995736 190 24 143 111 147 356 274 266 244 36 76 165
423 994817 P 369 148 89 112 74 934 96 85 74 469 45 32 989891 436 686 398 331 285 49 36 178
424 994958 T 471 179 209 147 159 760 144 343 103 355 60 292 375 93 559 560 989368 367 136 133 145
425 997112 I 314 143 193 162 172 788 197 992012 72 355 118 172 299 113 454 316 377 359 84 173 239
426 986626 M 237 145 95 123 179 511 62 700 203 478 981159 133 250 104 450 448 318 512 172 113 234
427 982706 A 977125 217 143 486 202 713 100 135 92 310 31 74 370 134 503 455 577 762 57 96 124
428 967095 A 962355 63 155 395 98 671 84 93 72 285 46 52 248 152 467 582 512 503 51 47 164
429 953708 F 261 99 105 117 948211 565 176 207 119 859 54 85 380 183 430 579 285 351 97 187 358
430 938662 T 452 48 81 85 147 364 85 264 114 268 50 334 101 70 300 544 934879 180 86 54 156
431 919847 G 320 128 172 256 128 915980 78 87 159 137 39 77 73 82 599 287 150 450 384 131 130
432 902882 N 338 199 344 216 208 612 250 321 188 578 60 896443 314 163 621 776 377 368 150 223 133
433 889466 T 338 111 65 130 135 325 109 501 354 318 49 116 167 44 288 492 885379 211 59 77 198
434 868655 E 292 42 366 863864 67 1041 31 59 181 290 63 58 138 161 595 319 115 409 71 70 423
435 846939 G 236 64 99 356 71 843672 66 41 41 167 24 32 78 24 701 180 103 431 172 69 312
436 825335 R 284 168 141 136 145 1015 34 375 234 214 97 95 172 117 820859 307 158 364 90 78 252
437 797169 T 350 120 110 148 26 575 47 228 187 200 51 57 178 85 403 330 793484 241 117 90 142
438 775738 S 238 92 109 262 39 600 49 61 81 361 31 64 196 73 419 772124 167 242 51 79 400
439 756258 D 292 61 752835 319 26 763 70 40 62 180 32 137 91 41 366 152 73 239 55 297 127
440 732263 M 297 101 123 226 85 565 116 470 200 318 727879 58 190 64 268 280 268 395 131 70 159
441 710979 R 119 27 51 114 39 590 26 19 193 97 415 45 31 77 708316 251 134 152 100 84 99
442 686911 A 684087 90 53 246 54 371 105 64 83 113 49 37 221 36 200 285 307 390 43 29 48
443 668309 E 99 59 86 666109 54 407 45 59 133 83 12 15 77 90 134 84 89 292 56 51 275
444 647265 I 125 136 50 74 96 465 99 644147 77 207 111 87 79 55 389 258 150 395 92 49 124
445 621179 I 153 120 71 122 96 432 66 617316 143 386 305 133 209 116 389 226 164 441 91 56 144
446 595369 R 324 212 142 171 100 942 109 110 246 378 324 83 343 151 590090 577 270 370 165 76 186
447 573333 M 206 80 61 69 49 422 50 434 100 253 570039 51 186 75 362 201 206 243 88 54 104
448 549054 M 106 30 46 60 20 146 15 358 87 205 546819 48 88 25 180 91 172 344 85 69 60
449 520617 E 123 58 103 518755 26 343 44 89 155 114 39 23 73 63 139 62 48 150 22 29 159
450 496403 G 100 187 141 44 15 494841 37 13 31 97 20 23 57 22 244 210 41 153 47 45 35
451 468073 A 465373 68 37 138 44 289 13 36 14 77 10 23 76 47 153 219 729 616 57 23 31
452 437817 K 90 21 11 93 24 119 33 76 436453 109 29 82 91 23 153 185 59 63 12 20 71
453 409006 P 67 29 9 22 5 169 14 23 5 76 7 10 408112 132 86 53 76 41 20 10 40
454 385676 E 80 29 80 384549 31 138 40 28 73 46 2 8 32 42 71 109 18 79 30 16 175
455 349263 E 116 53 78 347058 67 273 49 47 110 181 40 42 123 61 163 214 50 205 44 62 227
456 318488 M 77 57 38 37 31 126 53 179 81 177 316691 35 113 61 126 102 159 146 27 55 117
457 299109 S 111 113 42 64 124 106 36 67 40 170 11 76 152 38 104 297416 140 87 29 98 85
458 280975 F 118 81 59 94 278562 366 29 152 71 375 47 47 71 37 135 220 84 172 45 111 99
459 264585 Q 98 32 72 64 28 420 180 58 131 247 25 46 138 262085 512 90 100 134 10 15 100
460 246025 G 124 106 51 119 31 244328 43 44 33 192 37 13 83 57 139 159 53 294 20 20 79
461 231312 R 163 47 37 47 47 325 71 34 18 242 23 37 137 175 229371 108 60 123 194 8 45
462 217382 G 261 118 53 101 124 215126 38 34 30 182 25 17 247 28 365 173 58 119 44 48 191
463 191302 V 103 20 25 9 92 46 5 93 3 104 26 4 74 5 45 44 53 190493 7 23 28
464 534394 F 389 365 209 150 527742 747 173 421 156 868 103 228 190 93 282 666 425 659 59 241 228
465 546778 E 248 130 313 542989 127 527 59 114 228 304 67 97 90 136 176 292 109 151 133 110 378
466 581311 L 236 164 135 105 270 492 162 315 97 577061 113 65 409 112 345 290 153 324 94 110 259
467 620174 S 48 78 22 160 80 188 73 118 76 572 65 87 201 101 251 617117 277 173 147 92 248
468 649651 D 157 108 646679 206 66 610 61 91 16 163 30 78 44 36 107 320 108 300 60 346 65
469 704478 E 169 98 269 700313 222 473 78 139 314 294 26 71 267 139 172 325 252 268 41 123 425
470 745565 R 238 58 94 229 97 809 114 121 212 325 377 77 227 125 741072 477 250 244 122 106 191
471 793865 A 789354 105 74 283 99 620 139 105 83 235 45 49 550 134 262 362 511 569 93 51 142
472 850734 A 848392 27 35 208 133 129 26 28 14 63 10 32 152 11 17 446 399 530 11 51 20
473 885931 N 92 18 113 61 15 166 87 70 171 138 4 883744 207 82 260 208 98 74 97 148 78
474 928828 P 206 75 52 149 30 406 19 31 102 428 3 4 925907 317 264 204 244 225 49 41 72
475 961874 I 201 109 87 176 179 675 200 957356 127 440 117 224 44 95 432 262 291 331 112 127 289
476 966841 V 676 202 61 350 114 1074 117 151 107 725 616 45 324 84 504 424 168 960647 231 41 180
477 987401 P 206 67 114 194 133 210 324 162 214 601 77 108 982786 160 390 592 404 336 44 129 150
478 1011638 S 266 246 99 101 249 663 68 40 119 288 70 60 598 78 301 1007454 292 239 85 139 183
479 1030382 F 152 97 49 86 1027503 351 42 129 48 381 33 130 142 174 170 262 98 252 90 102 91
480 1035053 D 122 73 1032222 320 24 538 107 29 21 160 7 182 119 22 234 96 25 302 35 371 44
481 1048886 M 172 100 98 72 58 278 80 751 88 408 1044747 55 90 128 395 287 284 523 81 112 79
482 1044146 S 130 260 63 113 31 1200 63 358 37 129 27 195 86 15 534 1040359 104 203 119 46 74
483 1062167 N 64 39 145 42 36 213 14 109 115 82 45 1060510 47 27 125 197 55 99 89 54 60
484 1063030 E 83 27 108 1060771 16 367 63 18 154 64 6 55 141 114 118 75 34 211 56 18 531
485 1061441 G 154 73 40 113 71 1058859 30 48 45 162 13 54 118 92 261 175 28 500 96 34 475
486 1059904 S 124 94 73 43 144 217 71 20 25 189 11 25 289 83 194 1057770 104 178 73 117 60
487 1058043 Y 60 149 98 73 168 371 363 147 67 155 24 62 59 53 170 155 124 180 35 1055382 148
488 1052544 F 81 73 103 162 1049496 217 113 130 118 607 101 31 69 65 332 271 122 137 52 123 141
489 1054095 F 147 29 42 77 1049933 826 16 134 61 815 53 60 155 80 351 366 314 244 117 105 170
490 1050752 G 186 59 78 183 106 1046619 66 75 124 323 38 111 185 127 690 230 169 779 72 72 460
491 1050517 D 174 46 1046742 392 77 512 103 160 62 217 28 201 70 76 147 260 105 461 82 363 239
492 1048284 N 89 74 273 77 60 228 67 162 225 120 43 1045711 75 58 239 333 71 47 76 112 144
493 1048171 A 1044918 8 55 342 62 365 64 77 76 117 20 33 183 31 168 602 419 497 2 19 113
494 1046534 E 334 98 485 1041760 93 1014 49 125 229 386 42 56 190 155 271 193 84 356 164 67 383
495 1042696 E 292 113 421 1037900 83 1025 36 115 220 166 47 97 127 87 600 366 136 365 97 58 345
496 1003817 Y 181 470 121 95 169 468 306 53 74 138 55 124 102 55 333 238 79 154 75 1000145 382
497 1032051 D 419 188 1025867 522 98 1181 132 83 94 303 79 369 170 102 668 429 163 495 170 366 153
498 1020723 N 2188 980 843 814 866 3515 745 1214 629 2746 482 992093 1609 636 2989 2376 1294 2285 767 649 1003
