# amino-acid counts among definitively called codons
# POSITION TOTAL_COUNTS WT N_A N_C N_D N_E N_F N_G N_H N_I N_K N_L N_M N_N N_P N_Q N_R N_S N_T N_V N_W N_Y N_STOP
1 1194314 M 0 0 0 0 0 0 0 419 119 90 1193312 0 0 0 3 0 164 207 0 0 0
2 1196582 A 1195633 0 0 272 0 56 0 0 0 1 0 0 31 0 0 144 95 350 0 0 0
3 1198363 S 1 67 0 0 129 0 0 0 0 0 0 0 228 0 0 1197752 48 0 0 138 0
4 1201494 Q 0 0 0 33 0 0 100 0 252 75 0 1 12 1200658 217 0 0 0 0 0 146
5 1204423 G 27 209 184 0 0 1203703 0 0 0 0 0 0 0 0 48 95 0 157 0 0 0
6 1206649 T 242 0 0 0 0 0 0 103 0 0 0 95 11 0 0 133 1206065 0 0 0 0
7 1210287 K 0 0 0 142 0 0 0 57 1209815 0 0 101 0 8 111 0 9 0 0 0 44
8 1215716 R 0 0 0 0 0 23 0 0 0 173 0 0 29 185 1215067 0 0 0 239 0 0
9 1216842 S 4 66 0 0 89 0 0 0 0 0 0 0 169 0 0 1216230 66 0 0 218 0
10 1218445 Y 0 149 3 0 25 0 176 0 0 8 0 27 0 0 0 2 0 0 0 1217928 127
11 1217414 E 5 0 110 1216501 0 185 0 0 170 0 0 0 0 76 0 0 0 104 0 0 263
12 1216413 Q 0 0 0 48 0 0 327 0 235 104 0 0 22 1215333 177 0 0 0 0 0 167
13 1208609 M 0 0 0 0 0 0 0 393 88 127 1207713 0 0 0 7 0 146 135 0 0 0
14 1195328 E 3 0 35 1194674 0 203 0 0 119 0 0 0 0 55 0 0 0 75 0 0 164
15 1189404 T 146 0 0 0 0 0 0 57 0 0 0 196 31 0 0 92 1188882 0 0 0 0
16 1180759 D 2 0 1180015 99 0 191 59 0 0 0 0 99 0 0 0 0 0 79 0 215 0
17 1159470 G 29 1 0 130 0 1158692 0 0 2 0 0 0 0 0 182 0 0 191 243 0 0
18 1143861 E 5 0 38 1143108 0 174 0 1 276 0 0 0 0 48 0 0 0 55 0 0 156
19 1115883 R 0 225 0 0 1 29 383 0 0 223 0 0 60 1 1114843 118 0 0 0 0 0
20 1091441 Q 0 0 0 47 0 0 268 0 195 79 0 0 16 1090348 329 0 0 0 0 0 159
21 1058911 N 0 0 87 0 0 0 6 63 66 0 0 1058509 0 0 0 131 1 0 0 48 0
22 1014954 A 1014012 0 1 190 0 45 0 0 2 0 0 0 39 0 0 183 219 263 0 0 0
23 987794 T 153 0 1 0 0 0 1 60 1 0 0 188 6 0 0 123 987261 0 0 0 0
24 951097 E 4 0 191 950282 0 154 0 0 132 0 0 0 0 53 0 0 0 55 0 0 226
25 892440 I 0 0 0 0 64 0 0 892066 1 2 41 67 0 0 0 5 75 119 0 0 0
26 839454 R 0 0 0 0 0 201 0 180 62 1 1 0 0 0 838867 35 50 0 0 0 57
27 789159 A 788529 0 0 216 0 37 0 0 1 0 0 0 18 0 0 145 60 153 0 0 0
28 762882 S 3 27 0 0 45 0 0 0 0 0 0 0 102 0 0 762507 62 0 0 136 0
29 737559 V 58 0 61 0 119 7 0 140 0 9 0 0 0 0 0 0 0 737165 0 0 0
30 361450 G 14 0 0 31 0 361162 0 0 0 0 0 0 0 0 102 0 0 73 68 0 0
31 361282 K 0 0 0 53 0 0 0 0 360986 0 31 97 0 2 67 0 4 0 0 0 42
32 360898 M 0 0 0 0 0 0 0 122 18 31 360646 0 0 0 1 0 39 41 0 0 0
33 376260 I 0 0 0 0 21 0 0 376117 0 0 1 33 0 0 0 0 47 41 0 0 0
34 392475 D 2 0 392160 41 2 102 14 0 0 0 0 38 0 0 0 0 0 38 0 78 0
35 410713 G 18 0 0 25 0 410467 0 0 0 0 0 0 0 0 74 0 0 71 0 0 58
36 428994 I 0 0 0 0 20 0 0 428838 0 3 2 25 0 0 0 2 35 69 0 0 0
37 444450 G 19 0 0 35 0 444175 0 0 0 1 0 0 0 0 75 0 0 69 0 0 76
38 463498 R 0 0 0 0 0 16 0 0 0 102 0 0 11 62 463201 0 0 0 0 0 106
39 479550 F 0 2 0 0 479277 0 0 18 0 192 0 0 0 0 0 33 0 1 0 27 0
40 495591 Y 0 84 4 0 47 0 129 0 0 0 0 51 0 0 0 0 0 0 0 495189 87
41 510635 I 0 0 0 0 28 0 0 510448 0 2 16 39 0 0 0 1 46 55 0 0 0
42 527662 Q 0 0 0 26 0 0 12 0 97 29 0 0 6 527355 53 0 0 0 0 0 84
43 543736 M 0 0 0 0 0 0 0 171 19 26 543424 0 0 0 3 0 47 46 0 0 0
44 564190 C 0 563678 0 0 109 7 0 0 0 1 0 0 0 0 103 91 0 0 32 79 90
45 580140 T 82 0 0 0 0 0 0 52 0 0 0 99 6 0 0 87 579814 0 0 0 0
46 592113 E 4 0 56 591734 0 71 0 0 75 0 0 0 0 32 0 0 0 23 0 0 118
47 606451 L 0 0 0 0 52 0 19 73 0 606209 0 0 77 3 5 0 0 13 0 0 0
48 618709 K 0 0 0 44 1 0 0 25 618478 0 0 64 0 0 53 0 3 0 0 0 41
49 626061 L 0 0 0 0 33 0 17 68 0 625846 0 0 86 0 3 0 0 8 0 0 0
50 634368 S 0 37 0 0 0 152 0 57 0 0 0 27 0 0 79 634002 14 0 0 0 0
51 645681 D 2 0 645306 50 0 57 24 0 0 0 0 49 0 0 0 0 0 45 0 148 0
52 657967 Y 0 61 0 0 40 0 60 1 0 0 0 6 0 0 0 2 0 0 0 657724 73
53 670641 E 7 0 141 670018 0 156 0 0 78 0 0 0 0 42 0 0 0 59 0 0 140
54 679143 G 35 0 0 100 0 678717 0 0 0 0 0 0 0 0 102 0 0 65 124 0 0
55 683878 R 0 0 0 0 0 41 0 0 1 153 0 0 34 124 683319 0 0 0 0 0 206
56 690118 L 0 0 0 0 0 0 0 0 0 689871 49 0 128 43 8 0 0 19 0 0 0
57 698729 I 0 0 0 0 56 0 0 698453 0 2 11 47 0 0 0 2 80 78 0 0 0
58 708233 Q 0 0 0 28 0 0 197 0 112 61 0 0 5 707606 137 0 0 0 1 0 86
59 708844 N 0 0 71 0 0 0 2 55 129 0 0 708442 0 0 0 95 3 0 0 47 0
60 708058 S 0 6 0 0 0 82 0 154 0 0 0 52 0 0 193 707547 24 0 0 0 0
61 715886 L 0 0 0 0 59 0 0 57 2 715611 0 0 0 0 0 71 0 3 0 0 83
62 728390 T 90 0 0 0 0 0 0 64 91 0 0 0 3 0 24 82 728036 0 0 0 0
63 736490 I 0 0 0 0 0 0 0 736133 37 51 111 0 0 0 1 0 88 69 0 0 0
64 742563 E 3 0 167 741976 0 99 0 0 44 0 0 0 0 36 0 0 0 29 0 0 209
65 741117 R 0 0 0 0 0 96 0 145 67 0 0 0 0 0 740660 47 33 0 0 0 69
66 742593 M 0 0 0 0 0 0 0 249 62 35 742086 0 0 0 5 0 72 84 0 0 0
67 738792 V 119 0 0 112 0 17 0 0 0 95 94 0 0 0 0 0 0 738355 0 0 0
68 741869 L 0 1 0 0 68 0 38 131 0 741485 0 0 112 0 10 0 0 24 0 0 0
69 736253 S 6 29 0 0 43 0 0 0 0 0 0 0 113 0 0 735891 45 0 0 126 0
70 726074 A 725538 0 139 0 0 31 0 0 0 0 0 0 30 0 0 161 130 45 0 0 0
71 723254 F 0 2 0 0 723016 0 0 34 0 96 0 0 0 0 0 70 0 4 1 31 0
72 713540 D 5 0 712948 124 2 127 37 0 0 0 0 80 0 0 0 0 0 84 0 133 0
73 710397 E 2 0 32 709957 0 77 0 0 97 0 0 0 0 33 0 0 0 46 0 0 153
74 714932 R 0 0 0 0 0 101 0 143 51 0 0 0 0 0 714497 56 60 0 0 0 24
75 713943 R 0 0 0 0 0 83 0 0 48 0 119 0 1 0 713437 194 23 0 38 0 0
76 710088 N 0 0 76 0 0 0 5 44 59 0 0 709736 0 0 0 105 4 0 0 59 0
77 703303 K 0 0 0 93 0 0 0 39 703021 0 0 35 0 1 90 0 3 0 0 0 21
78 702715 Y 0 52 1 0 28 0 73 0 1 0 0 54 0 0 0 1 0 0 0 702460 45
79 700994 L 0 0 0 0 1 0 0 0 0 700621 143 0 136 61 3 0 0 29 0 0 0
80 696709 E 3 0 47 696285 0 99 0 0 59 0 0 0 0 39 0 0 0 48 0 0 129
81 690221 E 4 0 80 689756 0 78 0 0 59 0 0 0 0 44 0 0 0 46 0 0 154
82 683536 H 0 0 12 0 0 0 683206 0 0 43 0 109 3 47 48 1 0 0 0 67 0
83 682629 P 18 0 0 0 1 0 113 0 0 68 0 0 682239 0 32 42 116 0 0 0 0
84 691784 S 0 10 0 0 0 133 0 149 0 0 0 62 0 0 186 691233 11 0 0 0 0
85 687135 A 686588 0 0 145 0 10 0 0 0 0 0 0 18 0 0 184 90 100 0 0 0
86 685139 G 29 0 0 93 0 684637 0 0 0 0 0 0 0 0 98 1 0 129 152 0 0
87 687202 K 0 0 0 138 0 1 0 0 686700 0 38 169 0 7 95 0 8 0 0 0 46
88 690401 D 2 0 690048 58 0 73 18 0 0 0 0 53 0 0 0 0 0 41 0 108 0
89 692483 P 26 0 0 0 0 0 116 0 0 61 0 0 692107 0 35 39 99 0 0 0 0
90 698151 K 0 1 0 93 0 0 0 0 697845 0 23 81 0 1 90 0 4 0 0 0 13
91 699214 K 0 0 0 75 0 0 0 16 698992 0 0 18 0 0 72 0 4 0 0 0 37
92 693304 T 51 0 0 0 0 0 0 24 0 0 0 88 19 0 0 66 693056 0 0 0 0
93 693461 G 37 0 0 57 0 693049 0 0 1 0 0 0 0 0 116 0 0 78 0 0 123
94 694808 G 32 0 0 73 0 694403 0 0 0 0 0 0 0 0 101 0 0 123 0 0 76
95 692370 P 23 0 0 0 0 0 91 0 0 53 0 0 692051 0 23 68 61 0 0 0 0
96 689807 I 0 0 0 0 0 0 0 689464 63 67 61 0 0 0 2 0 79 71 0 0 0
97 685612 Y 0 75 3 0 75 0 83 0 0 0 0 58 0 0 0 1 0 0 0 685188 129
98 685493 K 0 0 0 123 0 0 0 0 684932 0 43 175 0 3 160 0 8 0 0 0 49
99 679527 R 0 0 0 0 0 90 0 146 38 0 0 0 0 0 679131 46 25 0 0 0 51
100 676748 V 65 0 0 102 0 7 0 53 0 104 0 0 0 0 0 0 0 676417 0 0 0
101 680218 D 1 0 679734 60 0 55 35 0 0 0 0 135 0 0 0 0 0 57 0 141 0
102 675995 R 0 0 0 0 0 185 0 117 33 0 0 0 0 0 675564 29 45 0 0 0 22
103 681454 K 0 0 0 88 0 0 0 0 681126 0 13 111 0 5 73 0 4 0 0 0 34
104 680646 W 0 152 0 0 0 4 0 0 0 120 0 0 0 0 142 20 0 0 680077 0 131
105 675446 M 0 0 0 0 0 0 0 298 56 46 674863 0 0 0 5 0 85 93 0 0 0
106 664750 R 0 0 0 0 0 144 0 0 61 0 139 0 0 0 664219 107 18 0 62 0 0
107 661432 E 1 0 45 660782 0 81 0 0 337 0 0 0 0 36 0 0 0 42 0 0 108
108 662351 L 0 0 0 0 48 0 58 86 0 662061 0 0 84 1 2 0 0 11 0 0 0
109 658298 V 101 0 52 0 77 3 0 281 0 12 0 0 0 0 0 0 0 657772 0 0 0
110 652679 L 0 0 0 0 42 0 15 110 0 652378 0 0 97 0 1 0 0 36 0 0 0
111 649162 Y 0 66 1 0 38 0 87 0 0 0 0 10 0 0 0 0 0 0 0 648877 83
112 634297 D 4 0 633684 133 0 117 41 0 1 0 0 90 0 0 0 0 0 98 0 129 0
113 629051 K 0 0 0 69 0 0 0 39 628825 0 0 27 0 7 57 0 2 0 0 0 25
114 634498 E 4 0 43 634191 0 71 0 0 30 0 0 0 0 42 0 0 0 27 0 0 90
115 637904 E 2 0 31 637551 0 72 1 0 54 0 0 0 0 24 0 0 0 41 0 0 128
116 634828 I 0 0 0 0 0 0 0 634515 45 25 118 1 0 0 3 0 53 68 0 0 0
117 637997 R 0 0 0 0 0 110 0 0 52 0 98 0 0 0 637564 107 29 0 37 0 0
118 638657 R 0 0 0 1 0 36 0 0 1 134 0 0 29 118 638238 0 0 0 0 0 100
119 637534 I 0 0 0 0 20 0 0 637317 0 1 15 50 0 0 0 2 51 78 0 0 0
120 639284 W 0 132 0 0 0 5 0 0 0 102 0 0 1 0 158 23 0 0 638752 0 111
121 641537 R 0 156 0 0 0 36 217 0 0 139 0 0 27 0 640811 151 0 0 0 0 0
122 644390 Q 0 0 0 22 0 0 39 0 126 31 0 0 3 644009 86 0 0 0 0 0 74
123 640459 A 639943 0 116 1 0 18 0 0 0 0 0 0 21 0 0 161 109 90 0 0 0
124 647945 N 0 0 87 0 0 0 7 64 74 1 0 647640 0 0 0 53 4 0 0 15 0
125 657895 N 0 0 63 0 0 0 1 36 38 0 0 657649 0 0 0 60 4 0 0 44 0
126 653378 G 12 145 44 0 0 653007 1 0 0 0 0 0 0 0 39 60 0 70 0 0 0
127 655411 D 1 0 654949 90 0 89 28 0 0 0 0 50 0 0 0 1 0 51 0 151 1
128 656691 D 4 0 656235 65 0 71 35 0 0 0 0 63 0 0 0 0 1 57 0 160 0
129 665714 A 665105 0 0 136 0 33 0 0 1 0 0 0 25 0 0 155 148 111 0 0 0
130 669182 T 83 0 0 0 0 0 0 53 138 0 0 0 1 0 13 38 668856 0 0 0 0
131 673664 A 673195 0 178 0 0 26 0 0 0 0 0 0 20 0 0 145 52 47 0 1 0
132 664725 G 31 134 66 0 0 664347 0 0 0 0 0 0 0 0 20 63 0 64 0 0 0
133 658833 L 0 0 0 0 1 0 0 1 0 658475 140 0 148 21 7 0 0 40 0 0 0
134 653478 T 78 1 0 0 0 0 0 51 0 0 0 80 5 0 0 97 653166 0 0 0 0
135 656692 H 0 0 19 0 0 0 656095 0 0 83 0 189 7 136 98 0 0 0 0 65 0
136 664920 M 0 0 0 0 0 0 0 264 55 29 664367 0 0 0 1 0 106 98 0 0 0
137 668892 M 0 0 0 1 0 0 0 225 59 61 668344 0 0 0 6 0 97 99 0 0 0
138 665415 I 0 0 0 0 51 0 0 665156 0 3 29 44 0 0 0 1 72 59 0 0 0
139 668188 W 0 117 0 1 0 4 0 0 0 119 0 0 0 1 235 33 0 0 667461 1 216
140 668533 H 0 0 42 0 0 0 668035 0 0 42 0 154 3 25 109 0 0 0 0 123 0
141 672046 S 2 32 0 0 63 1 0 0 0 0 0 0 110 0 0 671647 33 0 0 157 1
142 665710 N 0 0 112 0 0 0 4 34 38 0 0 665416 0 0 0 66 1 0 0 39 0
143 665866 L 0 0 0 0 203 0 0 0 0 665468 43 0 1 0 0 95 0 1 11 0 44
144 670842 N 0 0 100 0 0 0 5 26 69 0 0 670473 0 0 0 118 3 0 0 48 0
145 664161 D 3 0 663713 45 0 68 39 0 0 0 0 59 0 0 0 0 0 55 0 179 0
146 661889 T 510 0 0 0 0 0 0 85 121 0 0 0 5 0 22 58 661088 0 0 0 0
147 662123 T 86 0 0 0 0 0 0 42 120 0 0 0 6 0 19 77 661773 0 0 0 0
148 657344 Y 0 72 1 0 79 0 65 0 0 0 0 30 0 0 0 8 0 0 0 656991 98
149 660837 Q 0 0 0 30 0 0 199 0 131 49 0 0 5 660205 150 0 0 0 0 0 68
150 655849 R 0 0 0 0 0 80 0 0 75 1 107 0 0 0 655387 139 27 0 33 0 0
151 654754 T 100 0 0 0 0 0 0 97 71 0 0 0 4 0 26 105 654351 0 0 0 0
152 655687 R 0 0 0 0 0 104 0 73 34 1 0 0 0 0 655368 20 33 0 0 0 54
153 658859 A 658467 0 135 0 0 16 0 0 0 0 0 0 15 0 0 139 44 43 0 0 0
154 663784 L 0 0 0 0 32 0 52 101 0 663462 0 4 86 0 1 0 0 46 0 0 0
155 662956 V 100 0 77 0 99 8 0 60 0 19 0 0 0 0 0 0 0 662593 0 0 0
156 662137 R 0 164 0 0 1 29 194 0 0 107 0 1 19 0 661476 146 0 0 0 0 0
157 663677 T 102 0 0 0 0 0 0 105 0 0 0 56 1 0 0 73 663340 0 0 0 0
158 661147 G 28 124 190 1 0 660481 0 0 0 0 0 1 0 0 18 192 0 112 0 0 0
159 659752 M 0 0 0 0 0 0 0 240 19 61 659241 0 0 0 2 0 90 99 0 0 0
160 666989 D 4 0 666627 69 0 87 18 0 0 0 0 53 1 0 0 1 0 36 0 93 0
161 667065 P 23 0 0 0 0 0 119 0 0 65 0 0 666676 0 28 52 102 0 0 0 0
162 673264 R 0 0 0 0 0 178 0 0 65 0 139 0 0 0 672705 129 23 0 25 0 0
163 674073 M 0 0 0 0 0 0 0 242 37 52 673618 0 0 0 0 0 54 70 0 0 0
164 673809 C 0 673130 0 0 149 12 0 0 0 0 0 0 0 0 81 114 0 0 18 173 132
165 668434 S 11 42 0 0 37 0 0 0 0 0 0 0 98 0 0 668057 30 0 0 159 0
166 669533 L 0 0 0 0 0 0 0 0 0 669136 161 0 138 55 4 0 0 39 0 0 0
167 677571 M 0 0 0 0 0 0 0 393 45 47 676911 0 0 0 0 0 92 83 0 0 0
168 681096 Q 0 0 0 19 0 0 162 0 135 28 0 0 10 680389 183 0 0 0 0 0 170
169 675233 G 10 115 63 0 0 674910 0 0 0 0 0 0 0 0 11 49 0 75 0 0 0
170 681213 S 4 0 0 0 1 0 0 0 0 166 0 0 78 0 0 680759 50 1 20 0 134
171 683177 T 74 0 0 0 0 0 0 52 0 0 0 99 8 1 0 92 682851 0 0 0 0
172 684410 L 0 0 0 0 52 0 70 149 0 683981 0 0 124 0 5 0 0 29 0 0 0
173 684666 P 20 0 0 0 0 0 172 0 0 52 0 0 684206 0 36 61 119 0 0 0 0
174 685074 R 0 0 0 0 0 84 0 0 39 0 126 0 0 0 684611 132 48 0 34 0 0
175 683166 R 0 0 0 0 0 92 0 0 56 0 111 0 0 0 682763 66 27 0 51 0 0
176 690332 S 4 23 0 0 60 0 0 0 0 0 0 0 70 0 0 690049 38 0 0 88 0
177 699817 G 30 0 1 55 0 699431 0 0 1 0 0 0 0 0 116 0 0 96 0 0 87
178 709921 A 709478 0 126 0 1 13 0 0 0 0 0 0 19 0 0 170 49 65 0 0 0
179 719312 A 718574 0 0 167 0 31 0 0 0 0 0 0 29 0 0 146 236 129 0 0 0
180 718509 G 13 89 46 1 0 718157 0 0 0 0 0 0 0 0 29 49 0 125 0 0 0
181 717796 A 717350 0 61 0 0 10 0 0 0 0 0 0 22 0 0 148 168 37 0 0 0
182 724029 A 723087 0 0 171 0 39 0 0 0 1 0 0 38 0 0 166 240 287 0 0 0
183 726552 V 117 0 79 1 121 2 0 54 0 20 1 0 0 0 0 0 0 726157 0 0 0
184 734275 K 0 0 1 97 0 0 0 56 733893 0 0 88 0 6 79 0 3 0 0 0 52
185 740719 G 23 0 0 33 0 740332 0 0 0 0 0 0 0 0 81 0 0 143 0 0 107
186 747720 V 93 0 51 0 106 3 0 52 0 18 0 0 0 0 0 0 0 747397 0 0 0
187 757605 G 28 1 0 101 0 757078 0 0 2 1 0 0 0 0 116 0 0 112 166 0 0
188 760532 T 115 0 0 0 0 0 0 122 95 0 0 0 7 0 28 89 760076 0 0 0 0
189 771748 M 0 0 0 0 0 0 0 273 49 50 771205 1 0 0 5 0 73 92 0 0 0
190 773743 V 92 0 0 89 0 8 0 0 0 78 68 0 0 0 0 0 0 773408 0 0 0
191 775193 M 0 0 0 0 0 0 0 238 66 84 774640 0 0 0 6 0 78 81 0 0 0
192 777211 E 4 0 138 776611 0 189 0 0 50 0 0 0 0 25 0 0 0 63 0 0 131
193 775911 L 0 0 0 0 212 0 0 0 0 775463 69 0 0 0 0 111 0 1 4 0 51
194 780882 I 0 0 0 0 0 0 0 780403 41 75 112 0 0 0 5 0 58 188 0 0 0
195 779918 R 0 0 0 0 0 105 0 0 55 0 181 0 0 0 779321 163 35 0 58 0 0
196 783522 M 0 0 0 0 1 0 0 270 71 63 782919 0 0 0 7 0 98 93 0 0 0
197 786829 I 0 0 0 0 77 0 0 786430 3 3 35 93 0 0 0 7 100 81 0 0 0
198 786379 K 0 0 0 107 0 0 0 9 786106 0 0 51 0 5 83 0 6 0 0 0 12
199 787069 R 0 112 0 0 0 26 119 0 0 131 0 0 26 0 786546 109 0 0 0 0 0
200 796621 G 21 0 0 94 0 796107 0 0 0 0 0 0 0 0 131 0 0 117 151 0 0
201 788670 I 0 0 0 0 90 0 0 788327 0 2 28 36 0 0 0 2 74 111 0 0 0
202 785550 N 0 0 167 0 0 0 11 43 61 0 0 785121 0 0 0 94 4 0 0 49 0
203 790039 D 6 0 789497 86 0 85 50 0 0 0 0 92 0 0 0 0 0 77 0 146 0
204 793925 R 0 0 0 0 0 15 0 0 0 142 0 0 25 166 793440 0 0 0 137 0 0
205 797435 N 0 0 91 0 0 0 5 29 63 0 0 797086 0 0 0 127 4 0 0 30 0
206 790294 F 0 1 0 0 789941 0 0 28 0 216 0 0 0 0 0 68 0 3 0 37 0
207 783638 W 0 196 0 0 1 4 0 0 1 144 0 0 0 0 238 44 0 0 782852 0 158
208 782951 R 0 0 0 0 0 167 0 128 41 0 0 0 0 0 782453 55 33 0 0 0 74
209 787961 G 24 124 70 2 0 787598 0 0 0 0 0 0 0 0 28 56 0 59 0 0 0
210 793847 E 6 0 38 793353 0 110 0 0 119 0 0 0 0 26 0 0 0 70 0 0 125
211 795881 N 0 0 103 0 0 0 7 62 42 0 1 795568 0 0 0 72 1 0 0 25 0
212 800240 G 44 0 0 87 0 799648 0 0 0 0 0 0 0 0 163 0 0 134 0 0 164
213 799118 R 0 0 0 1 0 30 0 0 2 145 0 0 29 170 798527 0 0 0 0 0 214
214 793862 K 0 0 0 105 0 0 0 18 793616 0 0 24 0 3 81 0 1 0 0 0 14
215 792143 T 80 0 0 0 0 0 0 67 94 0 0 0 34 0 18 69 791781 0 0 0 0
216 789152 R 0 0 0 0 0 137 0 0 56 0 144 0 0 0 788591 136 28 0 60 0 0
217 784595 S 0 53 0 0 0 103 0 77 0 0 0 65 0 0 98 784187 12 0 0 0 0
218 779409 A 778847 0 139 0 0 27 0 0 0 0 0 0 26 0 0 212 95 63 0 0 0
219 786851 Y 0 80 1 0 55 0 102 0 0 0 0 14 0 0 0 5 0 0 0 786462 132
220 789404 E 2 0 208 788700 0 103 0 0 110 0 0 0 0 36 0 0 0 79 0 0 166
221 792600 R 0 0 0 0 0 99 0 145 83 0 0 0 0 0 792147 42 25 0 0 0 59
222 779787 M 0 0 0 0 0 0 0 251 57 40 779282 0 0 0 4 0 65 88 0 0 0
223 770201 C 0 769463 0 0 147 15 0 0 0 6 0 0 0 0 140 126 0 0 55 136 113
224 768391 N 0 0 120 0 0 0 11 71 123 0 0 767908 0 0 0 111 5 0 0 42 0
225 770654 I 0 0 0 0 48 0 0 770424 0 2 2 28 0 0 0 0 80 70 0 0 0
226 769955 L 0 0 0 0 50 0 94 131 0 769518 0 0 128 3 5 0 0 26 0 0 0
227 767710 K 0 0 0 125 0 0 0 68 767363 0 0 30 0 4 88 1 5 0 0 0 26
228 758108 G 26 0 0 69 0 757695 0 0 1 0 0 0 0 0 90 0 0 105 0 0 122
229 752132 K 0 0 0 130 0 0 0 17 751830 0 0 62 0 6 74 0 1 0 0 0 12
230 751371 F 0 2 0 0 751068 0 0 40 0 139 0 0 0 0 0 95 0 1 0 26 0
231 743197 Q 0 0 0 37 1 0 25 0 132 36 0 0 7 742682 213 1 0 0 0 0 63
232 735260 T 86 0 0 0 0 0 0 52 115 0 0 0 25 0 26 25 734931 0 0 0 0
233 732220 A 731752 0 155 0 0 24 0 0 0 0 0 0 22 0 0 164 46 57 0 0 0
234 723337 A 722687 0 0 144 0 30 0 0 0 0 0 0 33 0 0 145 218 80 0 0 0
235 712862 Q 0 0 0 18 0 0 60 0 127 20 0 0 1 712462 92 0 0 0 0 0 82
236 704535 R 0 0 0 0 0 127 0 0 57 0 150 0 0 0 704036 111 20 0 34 0 0
237 697346 A 696823 0 0 141 0 25 0 0 1 0 0 0 22 0 0 110 93 131 0 0 0
238 683132 M 0 0 0 0 0 0 0 242 43 35 682651 2 0 0 4 0 83 72 0 0 0
239 670280 M 0 0 0 0 0 0 0 248 64 67 669738 0 0 0 6 0 65 92 0 0 0
240 653174 D 4 0 652808 68 0 71 29 0 0 0 0 43 0 0 0 0 0 43 0 108 0
241 631481 Q 0 0 0 32 0 0 30 0 132 45 0 0 4 631046 125 0 0 0 0 0 67
242 612351 V 69 0 0 52 1 7 0 0 0 112 35 0 0 0 0 0 0 612075 0 0 0
243 600997 R 0 0 0 0 0 92 0 119 50 0 0 0 0 0 600590 72 16 0 0 0 58
244 577135 E 2 0 25 576809 0 86 0 0 64 0 0 0 0 29 0 0 0 36 0 0 84
245 561234 S 0 14 0 0 0 92 0 66 0 0 0 35 1 0 55 560947 24 0 0 0 0
246 540037 R 0 0 0 0 0 9 0 0 0 101 0 0 21 132 539689 0 0 0 85 0 0
247 516365 N 0 0 59 0 0 0 1 33 59 0 0 516140 0 0 0 58 2 0 0 13 0
248 495087 P 15 0 0 0 0 0 0 0 0 74 0 0 494801 88 12 39 58 0 0 0 0
249 472091 G 14 0 0 38 0 471820 0 0 0 0 0 0 0 0 68 0 0 68 0 0 83
250 455561 N 0 0 63 0 0 0 1 24 36 0 0 455383 0 0 0 40 0 0 0 14 0
251 438644 A 438274 0 84 0 0 12 0 0 0 0 0 0 24 0 0 124 63 63 0 0 0
252 419496 E 2 0 122 419117 0 49 0 0 51 0 0 0 0 29 0 0 0 28 0 0 98
253 400239 I 0 0 0 0 33 0 0 400086 0 2 13 28 0 0 0 2 30 45 0 0 0
254 378227 E 1 0 20 377956 0 32 0 0 84 0 0 0 0 16 0 0 0 32 0 0 86
255 353719 D 1 0 353560 22 0 24 11 0 0 0 0 19 0 0 0 0 0 13 0 69 0
256 331340 L 0 0 0 0 15 0 43 34 0 331182 0 0 54 0 3 0 0 9 0 0 0
257 312872 I 0 0 0 0 7 0 0 312758 0 3 17 27 0 0 0 2 26 32 0 0 0
258 291971 F 0 1 0 0 291833 0 0 24 0 65 0 0 0 0 0 34 0 1 0 13 0
259 277742 L 0 0 0 0 0 0 0 0 0 277611 54 0 34 23 3 0 0 16 0 0 1
260 259542 A 259263 0 0 82 0 16 0 0 0 0 0 0 13 0 0 41 49 78 0 0 0
261 242061 R 0 0 0 0 0 2 0 0 0 40 0 0 5 44 241913 0 0 0 57 0 0
262 225306 S 1 14 0 0 25 0 0 0 0 0 0 0 32 0 0 225157 27 0 0 50 0
263 202914 A 202693 0 0 52 0 7 0 0 0 0 0 0 6 0 0 51 43 62 0 0 0
264 184156 L 0 0 0 0 16 0 9 27 0 184072 0 0 27 0 1 0 0 4 0 0 0
265 161504 I 0 0 0 0 0 0 0 161432 11 10 18 0 0 0 0 0 19 14 0 0 0
266 143620 L 0 0 0 0 32 0 0 0 0 143548 10 0 0 0 0 18 0 0 1 0 11
267 130173 R 0 0 0 0 0 13 0 29 14 0 0 0 0 0 130090 9 5 0 0 0 13
268 115761 G 5 0 0 6 0 115689 0 0 0 0 0 0 0 0 19 0 0 22 20 0 0
269 99453 S 2 0 0 0 0 0 0 0 0 18 0 0 11 0 0 99382 16 0 0 0 24
270 80158 V 7 0 6 0 8 0 0 5 0 2 0 0 0 0 0 0 0 80130 0 0 0
271 64043 A 63980 0 14 0 0 0 0 0 0 0 0 0 3 0 0 13 16 17 0 0 0
272 54186 H 0 0 5 0 0 0 54129 0 0 3 0 18 1 11 8 0 0 0 0 11 0
273 43449 K 0 0 0 2 0 0 0 1 43441 0 0 0 0 0 3 0 0 0 0 0 2
274 31409 S 0 2 0 0 3 0 0 0 0 0 0 0 3 0 0 31391 0 0 0 10 0
275 27113 C 0 27089 0 0 5 0 0 0 0 0 0 0 0 0 6 0 0 0 0 5 8
276 19623 L 0 0 0 0 0 0 0 0 0 19610 6 0 0 4 1 0 0 2 0 0 0
277 15903 P 4 0 0 0 0 0 26 0 0 23 0 0 15803 0 6 34 7 0 0 0 0
278 14222 A 14105 0 34 0 1 3 0 0 0 0 0 0 5 0 0 22 37 15 0 0 0
279 11987 C 0 11904 0 0 5 1 0 0 0 0 0 0 0 0 62 0 0 0 0 0 15
280 16047 V 2 0 0 0 0 0 0 0 0 2 2 0 0 0 0 0 0 16041 0 0 0
281 20932 Y 0 3 0 0 2 0 5 0 0 0 0 2 0 0 0 0 0 0 0 20915 5
282 16227 G 0 0 0 4 0 16213 0 0 0 0 0 0 0 0 3 0 0 1 0 0 6
283 43603 P 1 0 0 0 0 0 17 0 0 16 0 0 43525 0 8 20 16 0 0 0 0
284 59268 A 59049 0 42 0 0 9 0 0 0 0 0 0 14 0 0 56 57 41 0 0 0
285 68575 V 12 0 0 11 0 0 0 19 0 28 0 0 0 0 0 0 0 68505 0 0 0
286 80905 A 80852 0 17 0 0 4 0 0 0 0 0 0 2 0 0 15 7 8 0 0 0
287 92274 S 0 8 0 0 0 14 0 8 0 0 0 6 0 0 12 92210 16 0 0 0 0
288 106961 G 1 13 7 0 0 106904 0 0 0 0 0 0 0 0 4 18 0 14 0 0 0
289 127988 Y 0 8 0 0 9 0 27 0 0 0 0 3 0 0 0 0 0 0 0 127917 24
290 150816 D 0 0 150726 22 0 11 5 0 0 0 0 18 0 0 0 0 0 8 0 26 0
291 171051 F 0 1 0 0 170952 0 0 2 0 67 0 0 0 0 0 22 0 0 0 7 0
292 190183 E 2 0 4 190068 0 17 0 0 36 0 0 0 0 8 0 0 1 10 0 0 37
293 204605 K 0 0 0 9 0 0 0 5 204550 0 0 7 0 0 31 0 1 0 0 0 2
294 224765 E 2 0 39 224585 0 42 0 0 16 0 0 0 0 16 0 0 0 19 0 0 46
295 245032 G 10 0 0 29 0 244892 0 0 0 0 0 0 0 0 30 0 0 34 0 1 36
296 267943 Y 0 43 1 0 23 0 27 0 0 0 0 27 1 0 0 1 0 0 0 267770 50
297 289562 S 1 14 0 0 17 0 0 0 0 0 0 0 42 0 0 289398 16 0 0 74 0
298 316128 L 0 0 0 0 23 0 0 8 0 316056 0 0 0 0 0 35 0 1 0 0 5
299 341024 V 39 0 0 35 0 4 0 0 0 67 28 0 0 0 0 0 0 340851 0 0 0
300 358893 G 22 0 0 63 0 358644 0 0 0 1 0 0 0 0 42 0 0 64 0 0 57
301 373969 I 0 0 0 0 0 0 0 373740 41 24 81 0 0 0 2 0 27 54 0 0 0
302 397903 D 1 0 397649 49 0 46 20 0 0 0 0 27 0 0 0 0 0 45 0 66 0
303 423081 P 11 0 0 0 0 0 90 0 0 20 0 0 422852 0 11 41 56 0 0 0 0
304 441695 F 0 1 0 0 441398 0 0 15 0 174 0 0 0 0 0 75 0 0 0 31 1
305 458678 K 0 0 0 79 3 0 0 45 458323 5 0 56 0 4 132 0 3 0 0 0 28
306 476314 L 0 0 0 0 0 0 0 0 0 476114 57 0 105 23 3 0 0 12 0 0 0
307 500319 L 0 0 0 0 30 0 21 87 0 500070 0 0 89 1 8 0 0 13 0 0 0
308 524002 Q 0 0 0 29 0 0 26 0 83 35 0 0 2 523704 73 1 0 0 0 0 49
309 543051 N 0 0 58 1 0 0 5 33 109 0 0 542741 0 0 0 76 12 0 0 16 0
310 564678 S 0 32 0 0 0 61 0 126 0 0 0 104 0 0 127 564203 24 0 1 0 0
311 581302 Q 0 0 0 21 0 0 17 0 108 40 0 0 7 580965 58 0 0 0 0 1 85
312 604176 V 49 0 0 64 0 4 0 44 0 119 0 0 0 0 0 0 0 603896 0 0 0
313 626179 Y 0 73 1 0 48 0 61 0 0 0 0 35 0 0 0 5 0 0 0 625836 120
314 647422 S 0 21 0 0 0 143 1 149 0 0 0 69 0 0 149 646858 32 0 0 0 0
315 664021 L 0 0 0 0 0 0 0 108 1 663701 0 0 128 56 2 0 0 25 0 0 0
316 681585 I 0 0 0 0 42 0 0 681331 0 4 22 49 0 0 0 3 69 65 0 0 0
317 693222 R 0 0 0 0 0 200 0 154 55 0 0 0 0 0 692731 37 25 0 0 0 20
318 706008 P 21 0 0 0 0 0 0 0 0 109 0 0 705583 144 13 64 74 0 0 0 0
319 718705 N 0 0 61 0 0 0 1 44 125 0 0 718309 0 0 0 115 3 0 0 47 0
320 730657 E 2 0 168 730042 0 88 0 0 99 0 0 0 0 29 0 0 0 72 0 0 157
321 735456 N 0 0 79 0 0 0 2 48 50 0 0 735187 0 0 0 57 4 0 0 29 0
322 740607 P 19 0 0 0 0 0 0 0 0 109 0 0 740148 116 44 49 121 0 0 0 1
323 744490 A 743910 0 0 174 0 26 0 0 0 0 0 0 29 0 0 135 93 123 0 0 0
324 751670 H 0 0 28 0 0 0 751076 0 0 114 0 122 12 130 89 0 0 0 0 99 0
325 751744 K 0 0 0 129 0 0 0 0 751205 0 60 185 0 10 124 0 11 0 0 0 20
326 751151 S 0 41 0 0 0 91 0 83 0 0 0 68 0 0 100 750757 11 0 0 0 0
327 747155 Q 0 0 0 33 0 0 199 0 157 26 0 0 12 746483 183 0 0 0 0 0 62
328 739638 L 0 0 0 0 0 0 0 0 0 739295 177 0 87 43 6 0 0 30 0 0 0
329 738881 V 78 0 0 57 0 7 0 0 0 104 55 0 0 0 0 0 0 738580 0 0 0
330 743232 W 0 163 0 0 0 5 0 0 0 171 0 0 0 0 139 21 0 0 742598 0 135
331 738339 M 0 0 0 0 0 1 0 285 52 80 737784 0 0 0 2 0 73 62 0 0 0
332 738383 A 737751 0 0 157 0 45 0 0 0 0 0 0 21 0 0 127 136 146 0 0 0
333 741144 C 0 740398 0 0 135 5 1 0 0 0 0 0 0 0 176 91 0 0 27 174 137
334 738163 N 0 0 97 0 0 0 115 43 37 0 0 737762 0 0 0 70 5 0 0 34 0
335 733896 S 2 42 0 0 26 0 1 0 0 0 0 0 79 0 0 733555 44 0 0 147 0
336 730502 A 729871 0 165 0 0 18 0 0 0 0 0 0 28 0 0 180 179 61 0 0 0
337 727201 A 726627 0 0 161 0 29 0 0 0 0 0 0 34 0 0 149 102 99 0 0 0
338 726715 F 0 4 0 0 726431 0 0 34 0 131 0 0 0 0 0 79 0 4 0 32 0
339 729374 E 5 0 90 728838 0 119 0 0 72 0 0 0 0 42 0 0 0 56 0 0 152
340 721812 D 3 1 721432 32 0 67 34 0 0 0 0 52 0 0 0 0 0 58 0 133 0
341 720666 L 0 0 0 0 0 0 0 115 1 720373 0 0 101 44 9 0 0 23 0 0 0
342 720526 R 0 0 0 0 0 98 0 137 32 0 0 0 0 0 720114 57 44 0 0 0 44
343 718348 V 73 0 1 56 0 2 0 41 0 116 0 0 0 0 0 0 0 718059 0 0 0
344 719575 L 0 0 0 0 76 0 0 55 0 719309 0 0 0 0 0 64 0 2 0 0 69
345 725252 S 0 20 0 0 0 70 0 145 0 0 0 38 0 0 186 724777 16 0 0 0 0
346 726731 F 0 3 0 0 726253 0 0 13 0 312 0 0 0 0 0 76 0 2 0 72 0
347 726311 I 0 0 0 0 61 0 0 725948 0 7 66 57 0 0 0 1 80 91 0 0 0
348 720334 R 0 0 0 0 0 157 0 128 60 0 0 0 0 0 719835 52 45 0 0 0 57
349 726644 G 24 0 0 70 0 726259 0 0 0 0 0 0 0 0 80 0 0 96 115 0 0
350 730067 T 114 0 0 0 0 0 0 80 2 0 0 49 5 0 0 97 729720 0 0 0 0
351 730257 K 0 0 0 81 0 0 0 45 729971 0 0 36 0 5 80 0 3 0 0 0 36
352 731581 V 63 0 0 58 0 2 0 52 0 52 0 0 0 0 0 0 0 731350 0 4 0
353 742281 S 1 18 0 0 53 0 0 0 0 1 0 0 103 0 0 741938 52 0 0 115 0
354 742108 P 12 0 0 0 0 0 0 0 1 77 0 0 741648 153 22 66 129 0 0 0 0
355 740348 R 0 0 0 0 0 89 0 0 72 0 170 0 0 0 739825 125 26 0 41 0 0
356 747720 G 34 0 0 66 0 747342 0 0 0 0 0 0 0 0 85 0 0 87 106 0 0
357 739737 K 0 0 0 70 0 0 0 45 739397 0 0 78 0 3 87 0 1 0 0 0 56
358 744783 L 0 0 0 0 35 0 18 39 0 744530 0 0 145 0 6 0 3 7 0 0 0
359 756199 S 3 32 0 0 61 0 0 0 0 0 0 0 95 0 0 755793 73 0 0 142 0
360 770251 T 90 0 0 0 0 0 1 47 0 0 0 147 6 0 0 88 769872 0 0 0 0
361 761661 R 0 0 0 0 0 94 0 159 54 0 0 0 0 0 761220 31 41 0 0 0 62
362 769803 G 33 0 0 36 0 769355 0 0 1 0 0 0 0 0 90 0 0 138 0 0 150
363 774181 V 149 0 0 51 0 8 0 51 0 109 0 0 0 0 0 0 0 773813 0 0 0
364 779599 Q 0 0 0 38 0 0 55 0 104 37 0 0 4 779184 89 0 0 0 0 0 88
365 784565 I 0 0 0 0 44 0 0 784322 0 4 5 42 0 0 0 6 92 50 0 0 0
366 793481 A 793026 0 123 0 0 25 0 0 0 0 0 0 27 0 0 147 82 51 0 0 0
367 794043 S 4 0 0 0 0 0 0 0 5 67 0 0 89 0 0 793593 73 0 0 0 212
368 787052 N 0 0 106 0 0 0 2 50 40 0 0 786746 0 0 0 71 3 0 0 34 0
369 792163 E 6 0 25 791731 0 101 0 0 86 0 0 0 0 41 0 0 0 42 0 0 131
370 789387 N 0 0 96 0 0 0 2 68 113 0 0 788904 0 0 0 81 114 0 0 9 0
371 792112 M 0 0 0 0 0 0 0 291 53 91 791538 0 0 0 7 0 61 71 0 0 0
372 795203 D 4 0 794746 120 0 112 28 0 0 0 0 51 0 0 0 0 1 52 0 89 0
373 796427 A 795859 0 158 0 0 32 0 0 0 0 0 0 21 0 0 170 122 65 0 0 0
374 797841 M 0 0 0 0 0 0 0 263 67 98 797222 1 0 0 3 0 98 89 0 0 0
375 793183 E 7 0 40 792726 0 101 0 0 67 0 0 0 0 31 0 0 0 71 0 0 140
376 791466 S 2 0 0 0 0 0 0 0 1 64 0 0 85 0 0 791099 60 0 0 0 155
377 783634 S 0 63 0 0 0 128 0 101 0 0 0 53 0 0 84 783188 17 0 0 0 0
378 777040 T 68 0 0 0 0 0 0 57 0 0 0 98 2 0 0 77 776738 0 0 0 0
379 775955 L 0 0 0 0 40 0 62 165 0 775471 0 0 159 0 12 0 0 46 0 0 0
380 767970 E 2 0 64 767475 0 91 1 0 96 1 0 0 0 32 0 0 0 55 0 0 153
381 765050 L 0 0 0 0 0 0 1 1 1 764727 113 0 142 27 8 0 0 30 0 0 0
382 761223 R 0 0 0 0 0 143 0 42 58 0 0 0 0 0 760850 62 22 0 0 0 46
383 759827 S 0 20 0 0 0 84 0 166 0 0 0 68 0 0 203 759262 24 0 0 0 0
384 756474 R 0 0 0 0 0 248 0 0 35 0 94 0 0 0 755941 77 24 0 55 0 0
385 753311 Y 0 75 10 0 55 0 81 0 0 0 0 74 0 0 0 9 0 0 0 752882 125
386 751228 W 0 139 0 0 0 9 0 0 0 137 0 0 0 0 158 23 0 0 750559 0 203
387 746838 A 746240 0 146 0 1 44 0 0 0 0 0 0 29 0 0 130 111 137 0 0 0
388 737386 I 0 0 0 0 0 0 0 736939 40 93 155 0 0 0 2 0 70 87 0 0 0
389 735453 R 1 0 0 0 0 113 0 133 53 1 0 0 0 0 735032 51 29 0 1 0 39
390 729794 T 89 0 0 0 0 0 0 63 0 0 0 53 2 0 0 81 729506 0 0 0 0
391 734277 R 0 0 0 0 0 172 0 87 46 0 0 0 0 0 733870 40 22 0 0 0 40
392 731407 S 0 29 0 0 0 80 0 104 0 0 0 59 0 0 52 731072 10 1 0 0 0
393 734127 G 21 0 0 49 0 733647 0 0 0 0 0 0 0 0 123 0 0 155 0 0 132
394 731328 G 26 0 0 70 0 730869 0 0 1 0 0 0 0 0 103 0 0 138 0 0 121
395 724628 N 0 0 131 0 0 0 0 49 112 0 0 724155 0 0 0 94 44 0 0 43 0
396 719700 T 72 0 0 0 0 0 0 45 0 0 0 103 13 0 0 102 719365 0 0 0 0
397 718590 N 0 0 85 0 0 0 2 21 85 0 0 718331 0 0 0 59 2 0 0 5 0
398 710496 Q 0 0 0 31 0 0 51 0 158 37 0 0 3 710079 87 0 0 0 0 0 50
399 703802 Q 0 0 0 20 0 0 155 0 133 33 0 0 7 703262 114 0 0 0 0 0 78
400 698016 R 0 0 0 0 0 145 0 0 68 0 62 0 0 0 697614 68 22 0 37 0 0
401 698342 A 697886 0 133 0 0 25 0 0 0 0 0 0 37 0 2 97 62 100 0 0 0
402 694102 S 4 26 0 0 33 0 0 0 0 0 0 0 112 0 0 693812 50 1 0 63 1
403 688646 A 687977 0 0 120 0 34 0 0 0 0 0 0 33 0 1 138 109 234 0 0 0
404 689737 G 28 121 84 1 0 689382 0 0 0 1 0 0 0 0 20 35 0 65 0 0 0
405 702873 Q 0 0 0 29 0 0 47 0 106 40 0 0 7 702432 108 0 0 0 0 0 104
406 697580 I 0 0 0 0 42 0 0 697347 0 3 21 35 0 0 0 2 62 68 0 0 0
407 706665 S 0 26 0 0 0 145 0 119 0 0 0 52 0 0 119 706189 15 0 0 0 0
408 708437 V 145 0 0 95 0 12 0 0 0 144 107 0 1 0 0 0 0 707933 0 0 0
409 711229 Q 0 0 0 36 1 0 74 0 110 23 0 0 3 710597 93 0 0 0 0 0 292
410 712391 P 16 0 0 0 1 0 126 0 0 42 0 0 712024 0 28 90 64 0 0 0 0
411 721755 A 721045 0 0 145 0 26 0 1 0 0 0 0 36 0 0 160 237 105 0 0 0
412 728672 F 0 3 0 0 728422 0 0 63 0 97 0 0 0 0 0 69 0 2 0 16 0
413 733544 S 2 23 1 0 47 0 0 0 0 0 0 0 59 0 0 733256 31 0 0 125 0
414 737762 V 146 0 0 91 0 9 0 0 0 169 126 0 0 0 0 0 0 737221 0 0 0
415 746923 Q 0 0 0 49 0 0 33 0 181 43 0 0 8 746401 90 0 0 0 0 0 118
416 749568 R 0 0 0 0 0 111 0 99 49 0 0 0 0 0 749186 35 50 0 0 0 38
417 757297 N 0 0 98 0 0 0 4 40 76 1 0 756961 0 0 0 74 20 0 0 22 1
418 764880 L 0 1 0 0 57 0 60 108 0 764473 0 0 166 0 2 0 0 13 0 0 0
419 768760 P 39 0 0 0 0 0 0 0 0 93 0 0 768246 152 32 81 117 0 0 0 0
420 770458 F 0 2 0 0 770131 0 0 37 0 170 0 0 0 0 0 84 0 2 0 32 0
421 779842 D 7 0 779097 144 4 173 56 0 0 0 0 115 0 0 0 0 0 88 0 158 0
422 781821 K 0 0 0 100 0 0 0 48 781512 1 0 52 0 8 76 0 5 0 0 0 19
423 779487 P 18 0 0 0 0 0 0 0 0 78 0 0 779078 152 21 57 83 0 0 0 0
424 780708 T 82 0 0 0 0 0 0 67 0 0 0 82 4 0 0 64 780409 0 0 0 0
425 784172 I 0 0 0 0 57 0 0 783814 0 1 53 73 0 0 0 0 99 75 0 0 0
426 777258 M 0 0 0 0 0 0 0 311 70 54 776613 0 0 0 3 0 85 122 0 0 0
427 775108 A 774422 0 0 184 0 40 0 0 0 0 0 0 34 0 0 132 127 169 0 0 0
428 763780 A 763150 0 0 180 0 25 0 0 0 0 0 0 33 0 0 140 135 117 0 0 0
429 754221 F 0 4 0 0 753740 0 0 44 0 288 0 0 0 0 0 77 0 3 0 65 0
430 743861 T 105 0 0 0 0 0 0 66 0 0 0 130 7 0 0 95 743458 0 0 0 0
431 729835 G 33 0 0 85 0 729365 0 0 0 0 0 0 0 0 137 0 0 96 119 0 0
432 717764 N 0 0 90 0 0 0 2 54 33 0 0 717456 0 0 1 85 1 0 0 42 0
433 708478 T 117 0 0 0 0 0 0 140 132 0 0 0 1 0 18 85 707985 0 0 0 0
434 693678 E 8 0 167 693066 0 124 0 0 44 0 0 0 0 42 0 0 0 48 0 0 179
435 677486 G 39 0 0 115 0 677033 0 0 0 0 0 0 0 0 83 0 0 124 0 0 92
436 661080 R 0 0 0 0 0 108 0 147 79 0 0 0 0 0 660612 47 33 0 0 0 54
437 639003 T 94 0 0 0 0 0 0 64 98 0 0 0 4 0 15 60 638668 0 0 0 0
438 622680 S 2 0 0 0 0 0 0 0 0 56 0 0 57 0 0 622348 47 0 0 0 170
439 608107 D 4 0 607637 122 0 68 28 0 0 0 0 49 0 0 0 0 0 65 0 134 0
440 590488 M 0 0 0 0 0 0 0 246 32 45 589997 0 0 0 4 0 69 95 0 0 0
441 574271 R 0 0 0 0 0 130 0 0 53 0 140 0 0 0 573792 85 20 0 51 0 0
442 555639 A 555173 0 0 120 0 26 0 0 0 0 0 0 25 0 0 105 98 92 0 0 0
443 541770 E 4 0 32 541495 0 55 0 0 35 0 0 0 0 25 0 0 0 22 0 0 102
444 525721 I 0 0 0 0 18 1 0 525578 0 3 0 25 0 0 0 8 45 43 0 0 0
445 505928 I 0 0 0 0 0 0 0 505689 34 43 83 0 0 0 5 1 36 37 0 0 0
446 486489 R 0 0 0 0 0 86 0 0 36 0 97 0 0 0 486107 112 18 0 33 0 0
447 468494 M 0 0 0 0 0 0 0 170 39 38 468130 0 0 0 4 0 61 52 0 0 0
448 449125 M 0 0 0 0 0 0 0 164 65 43 448732 0 0 0 0 0 52 69 0 0 0
449 425667 E 2 0 29 425417 0 76 0 0 34 2 0 0 0 17 0 0 0 30 0 0 60
450 406230 G 11 79 48 0 0 405980 0 0 0 0 0 0 0 0 24 40 0 48 0 0 0
451 383693 A 383139 0 0 61 0 16 0 0 3 0 0 0 17 0 0 94 205 157 0 1 0
452 358475 K 0 0 0 45 0 0 0 12 358338 0 0 30 0 0 40 0 3 0 0 0 7
453 334437 P 2 0 0 0 0 0 0 0 0 29 0 0 334295 47 6 24 34 0 0 0 0
454 315085 E 2 0 21 314887 0 39 0 0 20 0 0 0 0 15 0 0 0 13 0 0 88
455 284583 E 0 0 33 284397 0 32 0 0 23 0 0 0 0 18 0 0 0 17 0 0 63
456 259101 M 0 0 0 0 0 0 0 82 16 10 258930 1 0 0 1 0 30 31 0 0 0
457 243168 S 1 15 0 0 19 0 0 0 0 1 0 0 46 0 0 243017 29 0 0 40 0
458 228509 F 0 1 0 0 228283 0 0 25 0 106 0 0 0 0 0 48 0 5 0 41 0
459 215360 Q 0 0 0 16 0 0 72 0 73 25 0 0 10 215003 128 0 0 0 0 0 33
460 199843 G 15 0 0 28 0 199763 0 0 0 0 0 0 0 0 2 0 0 33 2 0 0
461 188523 R 2 0 0 0 0 13 0 0 0 77 0 0 14 68 188300 0 0 0 49 0 0
462 177389 G 9 0 0 36 0 177192 0 0 0 0 0 0 0 0 65 0 0 25 0 0 62
463 156212 V 14 0 3 0 24 1 0 30 0 7 0 0 0 0 0 0 0 156133 0 0 0
464 435635 F 0 4 0 0 435321 0 0 27 0 182 0 0 0 0 0 52 0 16 0 33 0
465 444778 E 0 0 123 444356 0 49 0 0 77 0 0 0 0 31 0 0 0 11 1 0 130
466 470149 L 0 0 0 0 35 0 4 71 0 469956 0 0 67 0 0 0 0 16 0 0 0
467 499999 S 1 0 0 0 1 0 0 0 0 127 1 0 74 0 0 499689 17 0 12 0 77
468 518432 D 1 0 518068 66 0 111 19 0 0 0 0 48 0 0 0 0 0 31 0 88 0
469 558459 E 3 0 33 558021 0 94 0 0 101 0 0 0 0 32 0 0 0 33 0 0 142
470 589355 R 0 0 0 0 0 108 0 0 244 0 160 1 0 0 588690 106 23 0 23 0 0
471 620440 A 619929 0 0 93 0 23 0 0 0 0 0 0 16 0 0 130 79 169 0 0 1
472 661609 A 661007 0 0 102 0 19 0 0 0 0 0 0 29 0 0 175 84 193 0 0 0
473 687111 N 0 0 60 0 0 0 0 51 76 0 0 686557 0 0 1 317 1 0 0 48 0
474 716285 P 10 0 0 0 0 0 0 0 0 109 0 0 715900 122 10 48 86 0 0 0 0
475 739014 I 0 0 0 0 45 1 0 738695 0 3 24 81 0 0 0 3 75 87 0 0 0
476 742156 V 168 0 0 39 0 6 0 0 0 141 204 0 0 0 0 0 0 741598 0 0 0
477 758337 P 27 0 0 0 0 0 77 0 0 70 0 2 757915 0 24 108 114 0 0 0 0
478 779070 S 4 35 0 0 44 0 0 0 0 0 0 0 105 0 0 778766 33 0 0 83 0
479 795123 F 0 3 0 0 794844 0 0 21 1 148 0 0 0 0 0 74 0 4 0 28 0
480 801242 D 11 0 800529 149 4 129 50 0 1 0 0 112 0 0 0 0 0 101 0 156 0
481 813585 M 0 0 0 0 0 0 0 382 40 67 812884 0 0 0 8 0 106 98 0 0 0
482 812822 S 0 63 0 0 0 125 0 158 0 0 0 61 0 0 95 812294 26 0 0 0 0
483 830477 N 0 0 95 0 0 0 0 45 65 0 0 830187 0 0 0 65 3 0 0 17 0
484 832803 E 11 0 55 832172 0 75 0 0 99 0 0 0 0 64 0 0 0 89 0 0 238
485 833153 G 31 0 0 52 0 832658 0 0 0 0 0 0 0 0 89 1 0 164 0 0 158
486 831782 S 6 24 0 0 56 0 0 1 0 0 0 0 101 0 0 831468 49 0 0 77 0
487 830140 Y 0 55 4 0 38 0 123 1 0 0 0 10 0 0 2 1 0 0 0 829845 61
488 825832 F 0 5 0 0 825410 0 0 37 0 231 0 0 0 0 0 99 0 3 0 47 0
489 827015 F 0 0 0 0 826549 0 0 33 0 321 0 0 0 0 0 67 0 8 0 37 0
490 824215 G 31 0 0 44 1 823589 0 0 1 0 0 0 0 0 225 0 0 166 0 0 158
491 824624 D 6 0 823996 120 0 125 54 0 0 0 0 82 0 0 0 0 0 88 0 152 1
492 822256 N 0 0 115 0 0 0 8 53 60 0 0 821897 0 0 0 79 1 0 0 43 0
493 821620 A 820843 0 0 151 0 34 0 0 0 0 0 0 44 0 0 221 133 194 0 0 0
494 820947 E 6 0 200 820245 0 113 0 0 55 0 0 0 0 57 0 0 0 63 0 0 208
495 817436 E 3 0 159 816898 0 120 0 0 39 0 0 0 0 43 0 0 0 35 0 0 139
496 786210 Y 0 131 4 0 59 0 111 0 0 0 0 48 0 0 0 5 0 1 0 785725 126
497 808146 D 6 0 807376 113 0 162 44 0 0 0 0 165 0 0 1 0 0 120 0 159 0
498 797900 N 1 0 99 0 0 0 3 47 50 1 0 797557 0 0 0 77 3 0 0 62 0
