# nucleotide counts
# upper case indicates nucleotide called by both reads
# lower case indicates nucleotide called by one read with other ambiguous
# N indicates disagreement between reads, or both ambiguous
# POSITION WT COUNTS A T C G a t c g N
1 A 1202739 1194840 81 9 208 7175 5 6 0 415
2 T 1204273 119 1195556 164 3 4 7990 2 1 434
3 G 1205437 208 181 31 1196328 0 9 2 8312 366
4 G 1205935 96 145 31 1197119 0 6 2 8233 303
5 C 1207404 272 351 1197260 56 7 15 9092 3 348
6 G 1209199 265 145 44 1198312 1 6 4 9978 444
7 T 1210937 48 1199147 228 1 2 10815 5 3 688
8 C 1212551 138 129 1200157 67 5 5 11776 2 272
9 C 1214303 214 310 1200425 48 9 9 12556 2 730
10 C 1215905 253 146 1202014 33 5 15 13066 1 372
11 A 1217976 1203098 75 12 217 14003 12 11 6 542
12 A 1219941 1204171 86 15 184 15066 15 5 8 391
13 G 1221003 95 209 48 1204790 3 15 7 15259 577
14 G 1222783 185 158 27 1206012 6 14 7 16017 357
15 C 1225056 267 146 1207273 40 7 16 16959 2 346
16 A 1226432 1207159 94 11 242 17664 15 8 8 1231
17 C 1228028 95 103 1209377 40 4 10 18158 4 237
18 C 1230664 269 95 1210060 56 7 18 19570 5 584
19 A 1233174 1211103 44 8 142 21574 10 4 4 285
20 A 1235233 1212566 57 9 111 22035 8 1 3 443
21 A 1236730 1214281 68 34 132 21642 12 5 8 548
22 C 1238578 168 239 1215908 23 12 33 21889 3 303
23 G 1240497 187 174 29 1217666 4 30 6 22057 344
24 G 1243345 248 112 29 1219994 2 10 3 22683 264
25 T 1245792 67 1219845 169 4 2 24086 9 4 1606
26 C 1248409 219 89 1221986 66 9 11 25429 6 594
27 T 1251099 52 1222955 155 6 2 27621 12 2 294
28 T 1253923 28 1221973 184 3 3 31205 15 3 509
29 A 1257489 1222371 33 2 149 34454 9 5 13 453
30 T 1260973 116 1223552 288 11 11 36729 15 2 249
31 G 1262536 171 264 76 1222046 9 43 9 39569 349
32 A 1265417 1222254 104 5 185 42573 12 6 12 266
33 A 1268164 1222781 105 5 181 44667 17 3 8 397
34 C 1272030 238 167 1223802 48 13 15 47486 3 258
35 A 1275765 1223016 104 22 178 51952 23 7 16 447
36 G 1277009 86 263 64 1221270 2 41 18 54921 344
37 A 1280010 1219505 123 4 137 59517 14 10 18 682
38 T 1283028 89 1217959 147 7 8 64541 11 5 261
39 G 1285637 177 162 57 1214332 13 52 16 70495 333
40 G 1287769 120 166 56 1211535 23 30 15 75453 371
41 A 1290189 1205128 76 3 205 84227 24 5 29 492
42 A 1292759 1202324 32 4 336 89662 16 7 23 355
43 A 1294600 1202547 70 31 147 91334 26 19 13 413
44 C 1297298 198 57 1202047 24 25 16 94769 9 153
45 T 1301603 56 1196981 165 12 11 104099 29 8 242
46 G 1302468 101 220 59 1192575 25 64 15 109154 255
47 A 1303654 1189787 79 2 193 113192 21 13 32 335
48 T 1305745 90 1187194 125 11 36 118004 23 13 249
49 G 1306350 149 247 38 1178148 64 113 22 127086 483
50 G 1305535 134 195 30 1172377 37 124 21 132291 326
51 G 1303645 334 155 31 1166035 55 107 22 136376 530
52 G 1302113 279 160 48 1158861 79 47 22 142166 451
53 A 1301803 1153893 56 5 175 147239 15 16 39 365
54 A 1298442 1150311 37 3 170 147242 17 37 51 574
55 C 1296556 120 229 1139990 31 45 75 155716 43 307
56 G 1291569 394 228 60 1131178 95 65 37 159144 368
57 C 1290038 170 75 1123483 19 57 42 165625 27 540
58 C 1295098 200 167 1115979 47 92 54 178088 32 439
59 A 1297677 1108423 81 16 338 188136 59 11 110 503
60 G 1291359 63 222 49 1103275 60 86 14 187344 246
61 A 1288761 1094084 52 6 89 193705 79 29 53 664
62 A 1286878 1080046 64 1 134 206007 36 53 42 495
63 T 1287156 59 1069427 136 7 21 216587 54 104 761
64 G 1280676 229 190 39 1053563 90 73 36 226208 248
65 C 1277591 198 270 1038143 45 106 106 238242 65 416
66 A 1276575 1020077 56 122 150 255447 71 71 80 501
67 A 1271096 1006154 97 7 156 264059 65 15 49 494
68 C 1268751 192 61 997383 29 161 29 270523 98 275
69 T 1268732 73 998009 177 13 73 269946 68 22 351
70 G 1261231 135 236 57 987181 91 141 46 273060 284
71 A 1256048 975209 56 4 157 280095 107 38 67 315
72 G 1248619 131 160 36 964936 130 126 50 282783 267
73 A 1242297 943710 68 1 122 297905 43 65 47 336
74 T 1235900 71 925600 76 5 63 309712 78 26 269
75 C 1231783 208 96 904861 43 463 97 325228 73 714
76 A 1228344 888432 62 9 213 339125 165 26 99 213
77 G 1213998 62 189 52 871605 77 162 42 341536 273
78 A 1204492 850102 35 2 141 353607 66 17 140 382
79 G 1190230 64 153 18 831849 75 161 57 357570 283
80 C 1179350 230 164 824849 39 232 148 353296 83 309
81 A 1170006 805074 35 8 115 364370 33 30 93 248
82 T 1159739 64 791715 104 3 55 367429 65 42 262
83 C 1151293 144 47 782175 27 218 118 368294 54 216
84 C 1157823 163 165 776749 33 543 122 379731 92 225
85 G 1149099 149 121 9 771444 511 172 44 376429 220
86 T 1135646 61 757650 60 7 147 376967 86 157 511
87 C 1127645 154 141 747156 38 229 342 379102 183 300
88 G 1103880 185 131 22 743019 265 257 103 359601 297
89 G 1084597 73 132 31 730763 101 163 22 353041 271
90 G 489192 60 72 9 375717 61 60 17 113068 128
91 A 484459 376029 44 2 54 108055 40 9 34 192
92 A 478396 370022 32 4 69 107972 89 11 31 166
93 G 476137 51 81 18 371228 31 55 15 104550 108
94 A 475900 370701 31 0 42 104931 17 14 26 138
95 T 478238 19 372969 42 1 11 105030 27 8 131
96 G 480149 28 90 11 381328 21 93 30 98438 110
97 A 481505 384823 22 1 44 96437 21 10 18 129
98 T 482614 34 387190 47 0 15 95135 27 13 153
99 T 485070 37 393244 40 1 21 91565 34 7 121
100 G 486659 39 81 14 399272 21 82 19 87010 121
101 A 490439 403649 40 2 104 86451 19 12 39 123
102 T 494740 43 412769 55 0 23 81677 26 6 141
103 G 497799 58 58 18 416163 22 95 18 81221 146
104 G 502784 25 74 19 421063 17 65 19 81343 159
105 A 505778 424430 31 1 68 81003 39 19 20 167
106 A 509161 434036 20 3 69 74810 21 16 20 166
107 T 511513 25 440226 35 2 12 71038 21 8 146
108 T 517871 14 442302 47 2 11 75293 24 14 164
109 G 522190 63 77 13 449424 12 89 13 72344 155
110 G 525764 36 71 19 457745 13 35 20 67664 161
111 A 530762 462726 51 3 103 67588 21 11 27 232
112 C 538235 66 106 467525 16 26 67 70283 7 139
113 G 544520 64 104 11 472413 23 60 18 71687 140
114 A 550178 479073 49 0 46 70800 12 7 11 180
115 T 555518 18 482366 52 1 10 72846 19 6 200
116 T 559427 28 486487 34 2 15 72670 21 2 168
117 C 562250 108 34 491669 34 33 25 70193 14 140
118 T 570219 51 497567 129 4 20 72248 31 9 160
119 A 576327 503061 47 0 85 72818 45 16 25 230
120 C 582438 73 74 509314 15 18 30 72771 13 130
121 A 589589 513309 29 2 55 75996 8 15 9 166
122 T 595140 40 518476 48 1 15 76316 28 13 203
123 C 601283 94 40 525332 16 30 20 75544 11 196
124 C 608157 100 85 530022 26 50 23 77634 13 204
125 A 614833 534763 30 6 53 79729 29 9 15 199
126 A 619616 539327 12 1 57 79953 24 13 22 207
127 A 625941 546751 27 0 46 78891 14 13 12 187
128 T 631415 20 554045 48 3 9 77116 16 4 154
129 G 634903 72 81 25 560958 27 39 19 73532 150
130 T 640784 63 566969 104 7 15 73213 26 7 380
131 G 646129 81 112 29 573521 30 58 14 72123 161
132 C 651906 93 160 576636 32 25 42 74725 7 186
133 A 656624 584040 66 6 82 72103 31 9 32 255
134 C 660325 101 52 587611 21 26 12 72327 5 170
135 T 664533 28 591629 195 5 16 72443 25 8 184
136 G 666266 75 118 33 596326 21 47 12 69450 184
137 A 671372 600314 23 4 73 70708 17 13 15 205
138 A 675451 604682 59 0 70 70272 24 9 22 313
139 C 679853 73 53 610472 13 31 21 68984 11 195
140 T 685818 23 616425 78 5 13 69052 10 7 205
141 T 691401 54 620635 172 1 19 70250 39 4 227
142 A 694875 623015 42 0 45 71478 28 10 12 245
143 A 700110 626938 26 3 53 72818 13 7 21 231
144 A 703911 628510 41 25 56 74902 25 9 14 329
145 C 708397 69 33 632755 8 31 10 75303 10 178
146 T 713279 17 635292 88 3 11 77604 20 12 232
147 C 717699 140 70 638169 25 38 27 79038 14 178
148 A 722443 641537 39 9 156 80464 20 8 19 191
149 G 725105 27 57 15 644207 15 16 18 80594 156
150 T 729337 66 648603 72 10 31 80080 26 19 430
151 G 734430 49 150 24 651254 14 67 20 82680 172
152 A 737423 656820 46 2 57 80262 12 11 24 189
153 T 740566 45 658221 65 6 21 81961 20 6 221
154 T 746492 7 662125 60 0 13 83997 21 9 260
155 A 751444 667537 41 2 61 83570 15 5 18 195
156 T 755472 68 672684 73 6 16 82380 20 8 217
157 G 758375 79 142 42 678052 37 43 24 79754 202
158 A 762024 682170 60 7 157 79271 79 7 30 243
159 G 763371 76 126 17 682995 13 65 9 79835 235
160 G 765016 87 127 17 685717 24 75 7 78680 282
161 G 765992 101 67 35 689112 22 52 17 76262 324
162 G 766971 146 109 18 692610 24 45 16 73787 216
163 C 771025 130 207 694073 41 45 98 76147 22 262
164 G 775202 125 156 35 692064 56 61 20 82463 222
165 A 777019 694729 87 10 171 81647 30 9 39 297
166 C 780672 49 165 698141 20 15 28 82058 16 180
167 T 787199 43 699931 130 8 27 86812 26 6 216
168 G 788838 79 149 23 701120 30 42 18 87192 185
169 A 792538 704264 56 2 78 87877 17 10 15 219
170 T 795570 48 708015 80 2 10 87158 21 35 201
171 C 801360 132 67 714205 12 41 49 86562 20 272
172 C 805634 112 87 715555 28 109 62 89383 22 276
173 A 808939 718233 62 5 140 90154 78 27 28 212
174 G 808197 163 163 35 717466 52 76 14 90047 181
175 A 813846 718588 48 2 73 94821 22 20 44 228
176 A 815703 717418 56 3 96 97738 37 11 37 307
177 C 817665 115 79 715912 16 47 70 101159 41 226
178 A 818569 717539 6 3 83 100630 58 12 26 212
179 G 817126 56 154 26 721681 7 55 56 94880 211
180 C 817972 167 46 721080 24 48 25 96308 51 223
181 T 824402 59 724241 53 3 24 99702 17 12 291
182 T 829426 86 731313 73 1 44 97566 71 15 257
183 A 832217 734211 61 0 71 97589 30 19 28 208
184 A 835123 737201 83 3 92 97401 24 11 27 281
185 C 838217 95 64 738811 24 113 38 98847 13 212
186 A 842847 741762 46 4 88 100662 34 12 23 216
187 A 841841 742942 48 3 71 98416 19 6 78 258
188 T 844479 37 746890 89 1 31 97098 71 15 247
189 A 846775 747182 73 6 114 99050 92 17 34 207
190 G 846831 44 211 36 750723 17 77 25 95458 240
191 A 848056 751765 29 3 100 95795 41 14 33 276
192 G 848020 51 137 32 755103 15 43 30 92372 237
193 A 850006 753466 71 4 96 95980 52 22 27 288
194 G 849480 68 147 35 752290 40 30 13 96618 239
195 A 848757 754118 47 1 93 94152 18 13 25 290
196 A 850563 758046 32 3 85 92055 12 3 35 292
197 T 852124 64 757691 73 5 32 93942 13 10 294
198 G 850590 86 142 30 756377 20 90 21 93526 298
199 G 852059 95 78 18 753231 31 32 20 98280 274
200 T 855085 118 752519 122 17 45 101253 35 66 910
201 G 860309 137 149 26 754873 47 39 18 104799 221
202 C 863802 132 69 755908 24 50 29 107315 22 253
203 T 867972 38 755327 114 11 46 112111 24 19 282
204 C 871888 94 52 758885 29 88 20 112496 18 206
205 T 873033 47 754415 115 6 95 118069 27 9 250
206 C 872403 126 44 751257 30 66 31 120589 21 239
207 T 874064 73 747723 151 3 118 125666 39 12 279
208 G 867570 133 163 31 742896 105 69 18 123932 223
209 C 868092 146 47 739539 31 62 58 127969 29 211
210 T 873476 17 739962 127 2 23 133014 53 13 265
211 T 875104 36 739016 69 4 36 135577 28 50 288
212 T 876322 31 738739 70 3 19 137104 34 18 304
213 T 876140 21 733890 117 8 23 141727 43 25 286
214 G 870428 82 139 40 730759 72 82 31 139022 201
215 A 865174 726992 87 6 130 137582 38 27 39 273
216 C 864528 101 339 724495 24 57 181 138989 72 270
217 G 864199 103 156 33 724441 90 80 53 139058 185
218 A 864796 727075 46 2 79 137238 63 18 21 254
219 A 864312 725394 29 3 92 138409 35 17 53 280
220 A 863141 725725 24 4 103 136901 90 15 50 229
221 G 859121 52 145 62 726781 32 81 30 131698 240
222 A 860096 729013 56 2 155 130453 47 15 63 292
223 A 857567 729265 38 8 86 127817 58 10 31 254
224 G 854735 48 122 25 729698 22 107 31 124465 217
225 G 849322 111 161 38 727784 72 64 23 120858 211
226 A 844482 724023 59 5 81 119969 29 11 33 272
227 A 844619 722659 45 4 105 121473 27 14 20 272
228 T 843009 62 722796 66 1 68 119698 30 9 279
229 A 842127 720474 21 2 95 121225 27 26 35 222
230 A 839844 720150 40 3 93 119249 19 18 26 246
231 A 833911 718044 35 2 52 115465 24 23 19 247
232 T 831504 56 714632 75 1 42 116404 28 22 244
233 A 830449 717925 30 1 52 112129 40 18 15 239
234 T 825856 45 719695 93 2 22 105696 49 21 233
235 C 824550 149 44 721336 29 60 38 102655 24 215
236 T 825667 61 714110 138 3 30 111008 47 12 258
237 G 819779 106 141 47 712320 31 132 24 106735 243
238 G 818762 59 132 40 709655 42 47 20 108526 241
239 A 818054 706061 51 3 101 111440 24 18 42 314
240 A 816944 703955 48 2 108 112429 77 12 55 258
241 G 813867 60 154 46 703301 53 62 24 109928 239
242 A 811590 701920 48 4 79 109226 47 14 27 225
243 A 812005 701227 77 4 113 110173 31 38 47 295
244 C 811070 113 68 700041 12 49 39 110516 26 206
245 A 814482 699495 44 3 51 114579 37 25 21 227
246 T 813814 44 696738 114 4 36 116524 37 19 298
247 C 814724 118 43 695359 18 60 33 118836 19 238
248 C 816357 116 71 695099 32 117 27 120603 28 264
249 C 820861 120 92 695783 25 151 47 124366 25 252
250 A 825185 698854 10 7 134 125892 15 30 33 210
251 G 820183 63 153 11 703070 37 46 20 116559 224
252 C 816474 155 179 701790 27 51 85 113950 38 199
253 G 813671 91 189 19 699398 23 70 33 113617 231
254 C 812040 147 100 699310 10 39 147 111885 80 322
255 G 812048 139 132 20 700707 39 141 30 110589 251
256 G 809672 81 154 22 697125 26 115 13 111905 231
257 G 808060 95 131 29 697182 26 50 25 110250 272
258 G 805626 61 143 31 696512 47 54 18 108534 226
259 A 806882 697534 46 7 140 108758 49 16 46 286
260 A 806607 703074 38 8 98 102807 294 11 43 234
261 G 804821 108 152 20 704111 50 84 12 100064 220
262 G 801372 54 109 19 704068 50 272 14 96521 265
263 A 800210 704389 42 2 75 95145 256 10 32 259
264 T 798489 53 705777 91 6 30 91969 247 16 300
265 C 795749 100 40 704984 26 31 241 90049 12 266
266 C 799205 118 62 702783 36 86 198 95654 22 246
267 T 804815 46 705359 119 4 89 98833 153 11 201
268 A 803627 705780 14 1 93 97316 32 106 32 253
269 A 802625 708024 24 4 94 94153 36 10 34 246
270 G 801452 38 59 23 710570 59 27 20 90373 283
271 A 800813 710892 39 0 77 89559 10 9 17 210
272 A 801179 709037 17 4 74 91684 46 6 25 286
273 A 799570 707050 14 4 66 92116 22 9 23 266
274 A 796917 707054 55 19 52 89256 29 33 25 394
275 C 797223 90 24 707113 12 27 18 89746 18 175
276 T 798354 34 704726 114 5 14 93152 24 21 264
277 G 795722 70 126 47 704798 26 90 20 90312 233
278 G 795255 61 80 40 705927 17 47 20 88835 228
279 A 798446 707736 42 4 203 90132 38 12 47 232
280 G 797411 86 80 15 707948 43 31 2 88959 247
281 G 796422 73 125 32 707604 18 42 14 88254 260
282 A 795079 706414 53 7 84 87757 32 46 31 655
283 C 795961 63 71 706271 23 32 37 89155 10 299
284 C 797450 93 54 706027 23 38 33 90904 17 261
285 C 797863 125 141 703296 24 91 61 93826 23 276
286 A 799337 702424 62 5 74 96456 29 8 17 262
287 T 797338 65 701549 81 2 29 95330 22 8 252
288 A 794457 700799 56 1 62 93256 16 13 24 230
289 T 795288 60 699982 84 3 28 94822 19 13 277
290 A 793364 698429 77 1 78 94364 27 18 32 338
291 C 792547 110 79 699401 23 84 27 92497 23 303
292 A 794166 697640 53 3 124 96007 24 6 43 266
293 A 794318 696267 45 8 168 97467 60 11 54 238
294 G 793845 41 142 34 696089 25 69 17 97228 200
295 A 792457 693308 52 2 93 98613 68 8 29 284
296 G 788072 38 146 26 690552 19 58 27 96975 231
297 A 787385 690093 44 2 114 96771 19 16 23 303
298 G 785862 54 93 13 690100 14 27 16 95358 187
299 T 787299 104 690415 67 7 125 94821 37 80 1643
300 A 787866 691270 55 5 130 96118 45 9 32 202
301 G 786510 136 142 36 692234 53 70 9 93596 234
302 A 787059 692716 60 1 56 93918 13 13 19 263
303 T 787958 59 691872 158 2 51 95498 39 7 272
304 A 788319 691335 22 3 189 96475 25 8 56 206
305 G 785575 37 119 46 690094 30 30 13 94995 211
306 A 785363 689176 25 4 86 95775 20 9 21 247
307 A 787147 691710 34 5 89 94962 25 10 17 295
308 A 786306 693304 13 4 74 92602 12 17 22 258
309 G 786896 46 100 13 692321 23 42 30 94118 203
310 T 788575 66 690028 77 4 80 97137 33 115 1035
311 G 788683 96 122 20 689379 30 85 31 98672 248
312 G 787358 38 127 28 688977 22 51 24 97816 275
313 A 787415 687813 48 1 94 99151 13 11 30 254
314 T 783994 58 687423 86 5 20 96071 25 17 289
315 G 784501 102 158 46 689422 36 72 22 94433 210
316 A 783861 683610 63 4 147 99612 90 6 52 277
317 G 777843 62 142 19 677592 31 140 21 99616 220
318 G 775695 209 89 19 676693 59 69 20 98157 380
319 G 771915 345 108 36 675289 80 56 14 95549 438
320 A 771257 673608 42 1 82 97205 28 10 40 241
321 A 768490 672971 43 6 103 94481 32 71 22 761
322 C 765273 88 50 673192 12 33 14 91670 20 194
323 T 765541 60 671854 85 2 16 93176 41 11 296
324 C 767788 181 85 672014 23 51 37 95169 9 219
325 G 766308 284 81 14 671111 157 33 27 94360 241
326 T 767549 53 669681 104 3 34 97270 38 21 345
327 C 768785 112 61 666435 20 31 28 101852 24 222
328 C 770860 111 43 665438 36 77 32 104852 17 254
329 T 772143 16 665553 100 1 67 106125 45 8 228
330 T 771364 38 664810 65 2 65 106072 47 7 258
331 T 768188 10 662461 88 1 31 105314 26 9 248
332 A 764032 658397 38 0 68 105210 50 19 18 232
333 T 762011 78 654090 86 6 32 107421 29 18 251
334 G 758242 92 134 43 650885 54 90 38 106706 200
335 A 757375 649209 103 4 120 107535 45 19 26 314
336 C 758475 105 84 646483 30 133 31 111282 27 300
337 A 761836 645382 25 7 70 116038 37 9 35 233
338 A 760016 641517 40 2 58 118119 22 17 21 220
339 A 762218 641771 27 0 118 119940 57 12 39 254
340 G 762757 30 93 43 645838 64 56 25 116375 233
341 A 763640 649008 30 4 75 114269 20 8 23 203
342 A 765062 651965 36 8 115 112611 26 6 42 253
343 G 761542 55 131 26 655366 64 45 23 105561 271
344 A 761005 652154 42 2 73 108410 33 17 22 252
345 A 758763 648690 32 2 93 109674 21 7 25 219
346 A 757838 648889 25 0 69 108581 22 12 19 221
347 T 756780 47 644280 54 3 56 112016 15 17 292
348 A 762104 647023 9 4 121 114681 32 11 30 193
349 A 763814 648817 37 10 110 114467 53 9 45 266
350 G 761293 54 100 30 650387 26 54 25 110415 202
351 G 757473 41 96 14 649917 32 29 25 107087 232
352 C 757083 129 103 651007 39 55 81 105368 53 248
353 G 756171 121 138 30 649350 70 55 31 106152 224
354 A 756592 651030 43 0 48 105199 23 20 19 210
355 A 755991 649436 20 2 80 106115 26 21 34 257
356 T 757101 50 650473 52 2 22 106197 32 14 259
357 C 756294 131 28 651817 15 60 34 103981 22 206
358 T 760819 37 651861 127 5 79 108384 35 32 259
359 G 759452 69 105 24 652884 35 58 21 106016 240
360 G 756859 46 122 13 652396 38 34 22 103936 252
361 C 759947 153 159 653107 38 58 76 106084 30 242
362 G 758296 218 142 28 654072 60 49 38 103408 281
363 C 756935 125 41 656084 11 31 29 100385 16 213
364 C 762119 126 78 657139 22 81 54 104204 13 402
365 A 762832 653473 31 3 87 108917 22 13 43 243
366 A 762153 651868 35 4 71 109845 31 13 31 255
367 G 759553 110 162 21 653875 29 47 24 105077 208
368 C 756004 119 95 656453 19 36 48 98984 18 232
369 C 755402 100 365 656281 19 54 91 98242 24 226
370 A 756935 657818 15 8 88 98701 24 16 28 237
371 A 761014 660419 66 4 53 100175 15 14 31 237
372 T 761195 73 661622 68 1 39 99142 20 13 217
373 A 763532 665479 44 1 65 97665 35 16 18 209
374 A 764736 666048 36 4 61 98280 24 18 22 243
375 T 768148 36 667311 62 3 30 100452 29 6 219
376 G 767300 62 151 40 665353 39 83 24 101334 214
377 G 766417 47 70 12 664787 39 30 20 101175 237
378 T 766977 63 665841 108 10 55 99681 48 70 1101
379 G 766395 51 161 28 669775 23 76 27 96029 225
380 A 766087 670728 52 2 92 94905 24 15 29 240
381 T 766512 86 670895 398 7 23 94795 64 16 228
382 G 767506 64 162 39 671281 42 68 31 95653 166
383 A 766619 673544 57 5 73 92670 28 8 20 214
384 T 766778 65 673169 112 2 20 93103 46 7 254
385 G 767620 150 157 26 673735 70 48 20 93221 193
386 C 767423 138 111 674059 34 76 62 92704 15 224
387 A 770681 677022 34 8 126 93162 36 9 41 243
388 A 772375 680331 38 1 83 91514 21 31 23 333
389 C 773522 141 54 682293 13 72 24 90667 23 235
390 A 775492 681600 38 9 429 93121 19 12 65 199
391 G 777856 53 147 21 685121 31 55 11 92230 187
392 C 777259 183 47 683675 26 48 29 93047 11 193
393 T 777841 33 683088 101 2 27 94343 20 12 215
394 G 776566 63 137 20 679609 48 57 19 96414 199
395 G 769777 68 65 31 676065 17 23 15 93266 227
396 T 767453 53 674199 105 8 19 92614 28 24 403
397 C 766959 143 62 671436 41 40 13 95020 20 184
398 T 767611 21 669547 149 7 39 97597 42 12 197
399 G 762503 87 154 34 667897 17 45 16 94069 184
400 A 760480 668740 82 5 82 91221 39 13 25 273
401 C 763359 83 52 668857 23 34 11 94101 9 189
402 T 765015 64 668702 106 5 34 95846 18 14 226
403 C 765283 190 66 667374 19 53 26 97325 22 208
404 A 766262 668455 84 7 102 97230 27 19 21 317
405 C 766770 121 97 671731 19 27 37 94540 19 179
406 A 770416 672582 27 2 99 97427 14 8 23 234
407 T 772509 55 674144 107 1 16 97941 25 9 211
408 G 771279 77 150 42 678986 19 63 23 91729 190
409 A 770207 680220 58 3 102 89526 21 14 16 247
410 T 770705 60 677924 99 6 24 92326 21 7 238
411 G 770830 69 137 29 678715 23 57 19 91575 206
412 A 772163 680460 51 3 61 91314 10 14 17 233
413 T 770753 44 681866 72 1 15 88449 19 13 274
414 C 770427 116 49 679062 31 61 15 90873 23 197
415 T 772970 66 678735 171 5 64 93670 24 8 227
416 G 767788 119 124 33 677965 39 51 19 89208 230
417 G 764625 104 108 17 679203 20 24 11 84912 226
418 C 765143 158 127 679294 43 38 35 85177 21 250
419 A 766190 679358 42 3 111 86404 13 7 24 228
420 T 767167 24 679780 88 1 6 87014 17 5 232
421 T 767057 33 680771 113 3 16 85817 32 11 261
422 C 766511 161 63 681476 35 55 22 84420 15 264
423 C 766603 111 95 680008 33 78 29 85980 21 248
424 A 768253 678699 40 4 115 89089 11 10 20 265
425 A 767032 678621 35 1 69 88004 8 7 19 268
426 T 766123 33 677588 61 5 10 88166 19 12 229
427 T 768672 43 678169 92 1 24 90051 33 10 249
428 T 770463 44 677916 96 11 23 92087 32 4 250
429 G 769862 72 161 42 677586 20 75 33 91674 199
430 A 771224 681707 48 5 104 89072 16 9 34 229
431 A 770471 680767 26 3 119 89301 14 6 22 213
432 T 769942 67 677798 91 4 10 91743 21 9 199
433 G 767551 60 182 40 678043 24 86 28 88906 182
434 A 766135 678704 56 3 68 87024 17 7 14 242
435 T 766006 44 677336 75 1 14 88280 26 17 213
436 A 766302 674371 60 5 519 90950 28 12 89 268
437 C 766548 124 88 673890 22 57 27 92140 26 174
438 A 770103 675001 28 2 122 94661 23 19 29 218
439 A 768896 674586 77 7 90 93775 26 13 38 284
440 C 768808 127 44 674600 19 40 57 93694 17 210
441 A 768347 672385 424 1 63 95142 63 9 39 221
442 T 764355 30 668740 65 1 16 95221 53 11 218
443 A 764120 668687 80 8 74 94457 37 82 44 651
444 C 766126 77 432 669473 22 27 74 95725 53 243
445 C 767850 136 70 668829 30 75 32 98406 58 214
446 A 774207 670840 50 5 153 102800 84 8 38 229
447 G 774517 48 174 32 673163 12 60 27 100806 195
448 A 776587 669277 34 1 81 106830 47 59 28 230
449 G 774612 78 110 27 667197 18 109 25 106841 207
450 G 771306 58 110 30 666730 80 48 24 103960 266
451 A 772241 666864 105 4 101 104723 33 24 38 349
452 C 772589 71 97 667520 26 59 35 104532 19 230
453 A 774808 667214 50 3 104 107142 31 17 27 220
454 A 771335 666192 56 5 107 104643 46 14 29 243
455 G 772818 35 75 33 667693 42 53 34 104577 276
456 A 770970 669321 18 3 93 101232 23 13 30 237
457 G 767514 45 144 15 671456 16 47 16 95588 187
458 C 769220 138 43 670120 16 51 26 98618 16 192
459 T 772773 28 671864 74 1 18 100499 21 15 253
460 C 773119 106 32 674072 46 55 34 98464 23 287
461 T 772989 57 676242 90 1 49 96251 23 11 265
462 T 776993 48 676661 77 6 36 99863 33 33 236
463 G 776103 62 100 20 675351 34 44 22 100267 203
464 T 774996 77 672180 100 8 27 102231 27 20 326
465 T 774578 41 669684 71 1 51 104304 102 9 315
466 C 773592 151 167 668602 29 81 75 104228 25 234
467 G 776769 197 109 19 671855 135 103 17 104099 235
468 C 779284 147 104 679424 23 33 39 99304 14 196
469 A 781498 679000 58 1 106 101151 103 71 45 963
470 C 783264 56 106 678123 17 28 25 104588 93 228
471 C 786522 184 129 677282 14 79 112 108479 49 194
472 G 788080 198 125 18 676086 107 112 19 111173 242
473 G 786968 198 119 28 678357 73 66 24 107876 227
474 C 787374 519 105 677196 43 120 83 109080 23 205
475 A 784546 675971 60 3 101 108072 19 15 67 238
476 T 784410 19 675107 90 2 18 108917 31 16 210
477 G 781788 87 128 35 674244 49 83 19 106905 238
478 G 777669 57 98 19 676012 26 36 15 101187 219
479 A 778854 677845 37 7 90 100534 15 22 35 269
480 T 779531 65 679750 93 6 22 99282 27 12 274
481 C 779484 104 54 679583 23 50 25 99360 13 272
482 C 782090 121 65 682303 28 67 27 99156 18 305
483 C 782748 141 108 681780 28 90 61 100291 20 229
484 A 787117 685421 25 14 182 101093 54 13 45 270
485 G 786731 65 142 23 686725 17 51 26 99471 211
486 G 785293 35 113 23 688511 30 46 21 96297 217
487 A 784386 686624 47 6 72 97314 21 11 24 267
488 T 785835 37 687641 55 0 17 97811 21 14 239
489 G 784625 102 115 29 688925 38 37 34 95126 219
490 T 785180 86 689226 84 12 24 95134 34 46 534
491 G 784294 178 155 31 688059 47 45 12 95536 231
492 C 784425 136 59 686128 18 49 17 97809 19 190
493 T 788840 30 684395 99 11 23 103940 31 46 265
494 C 791128 161 37 682131 42 114 28 108265 18 332
495 T 793609 30 681795 80 2 83 111335 25 30 229
496 C 794702 163 44 681179 40 71 25 112937 20 223
497 T 797110 55 682247 143 4 106 114250 43 39 223
498 G 793644 68 152 44 684008 68 60 74 108971 199
499 A 793499 685761 46 1 84 107228 34 45 73 227
500 T 797157 45 689496 92 0 50 107164 42 20 248
501 G 799039 188 166 46 688464 82 57 33 109798 205
502 C 799850 135 174 691849 20 43 109 107277 22 221
503 A 799209 692085 28 11 187 106487 75 11 67 258
504 G 796146 367 144 20 692257 63 122 47 102906 220
505 G 791704 50 120 11 689863 35 68 37 101276 244
506 G 792876 63 76 10 690182 33 56 21 102226 209
507 T 793006 35 691300 99 4 43 100768 63 54 640
508 T 789979 52 692394 82 6 36 97124 42 9 234
509 C 790937 135 174 694189 21 54 197 95981 9 177
510 G 791759 432 158 22 694105 206 48 42 96532 214
511 A 791851 694460 77 9 75 96452 51 36 45 646
512 C 794429 103 53 699413 16 55 16 94565 21 187
513 T 797162 40 698898 117 4 37 97693 49 16 308
514 C 795729 152 53 697773 30 57 24 97409 14 217
515 T 797045 70 696433 129 5 104 99931 58 16 299
516 C 799044 129 154 696882 30 26 58 101479 33 253
517 C 803682 121 61 697839 20 114 23 105227 20 257
518 C 806837 181 52 700714 37 107 31 105466 23 226
519 T 808768 48 699824 85 4 82 108469 35 8 213
520 A 808000 694540 34 2 86 113010 66 17 29 216
521 G 806732 39 128 48 694654 18 70 32 111555 188
522 G 807014 40 108 26 696201 40 50 18 110310 221
523 A 806595 695023 53 2 94 111040 31 16 38 298
524 G 808128 56 112 29 696615 22 55 41 110974 224
525 G 807699 39 61 6 697942 23 48 22 109342 216
526 T 810852 39 698602 71 4 46 111197 87 65 741
527 C 812601 90 60 700893 23 33 30 111187 20 265
528 T 817070 33 706859 233 14 32 109597 57 18 227
529 G 818647 87 88 30 708385 51 101 30 109627 248
530 G 821239 57 99 30 712895 29 90 26 107794 219
531 A 822279 716937 28 3 113 104784 27 16 74 297
532 G 823287 52 171 19 719287 49 45 23 103461 180
533 C 826646 131 66 723182 14 53 19 102968 11 202
534 T 831442 12 728404 389 5 12 102265 71 14 270
535 G 831905 242 148 30 732206 49 47 13 98960 210
536 C 834317 172 131 730239 31 43 77 103393 24 207
537 A 836983 729982 52 25 351 106187 94 17 51 224
538 G 836105 49 90 30 732536 16 45 15 103115 209
539 G 834490 48 127 14 732005 24 43 17 101950 262
540 C 835339 154 343 730055 38 45 65 104329 19 291
541 G 838668 175 153 22 729924 56 65 26 108042 205
542 C 841314 61 37 731707 10 36 13 109192 15 243
543 T 845554 31 735578 169 10 18 109480 43 8 217
544 G 847493 241 169 38 734484 57 53 17 112233 201
545 C 851571 172 295 735010 40 41 105 115665 30 213
546 A 856229 736702 45 4 152 118985 38 22 25 256
547 G 858114 56 122 21 738033 37 49 23 119590 183
548 T 859407 80 739127 119 2 47 119594 77 38 323
549 C 862972 168 100 743731 36 65 104 118509 18 241
550 A 866270 743601 52 6 100 122052 42 93 33 291
551 A 870775 749176 57 3 81 120989 53 61 35 320
552 A 872011 753865 48 47 218 117463 28 30 56 256
553 G 874463 48 110 35 751993 25 59 29 121959 205
554 G 873911 33 144 23 750315 69 42 30 123006 249
555 A 876831 753557 52 3 111 122674 40 56 54 284
556 G 875092 53 107 18 756629 26 49 53 117955 202
557 T 874427 51 758656 94 3 45 114729 41 51 757
558 T 881057 47 767450 102 6 19 113087 54 34 258
559 G 881622 102 169 19 769880 40 122 51 110984 255
560 G 881070 105 117 30 772798 29 67 21 107606 297
561 G 881546 263 122 34 775071 68 43 16 105700 229
562 A 882734 773820 92 7 118 108218 50 23 46 360
563 C 884388 96 123 775782 28 38 43 107986 21 271
564 A 885969 776975 61 4 119 108425 19 11 23 332
565 A 886647 780042 48 2 92 106078 28 6 30 321
566 T 891008 51 785203 74 5 23 105390 24 9 229
567 G 890439 71 174 34 787982 23 75 32 101776 272
568 G 888986 69 66 13 788333 42 21 20 100189 233
569 T 890249 92 785950 94 8 54 102173 47 161 1670
570 G 890177 77 169 32 789519 35 88 34 99991 232
571 A 889997 788613 83 3 83 100872 20 29 22 272
572 T 890753 68 788320 80 6 23 101941 44 16 255
573 G 892916 84 127 34 790705 68 101 13 101539 245
574 G 891595 51 133 25 787875 34 48 40 103130 259
575 A 892348 785378 63 4 193 106254 35 4 69 348
576 G 892603 181 117 22 785762 55 51 21 106191 203
577 T 893185 71 789381 68 1 48 102868 29 37 682
578 T 895891 51 790711 111 4 11 104684 18 5 296
579 G 894361 87 169 53 793149 26 85 42 100550 200
580 A 896013 794810 75 1 192 100574 20 19 48 274
581 T 898550 42 794668 59 5 32 103445 21 21 257
582 A 902357 791840 16 116 113 109876 54 38 31 273
583 A 905464 792663 60 10 106 112209 85 13 40 278
584 G 907217 57 185 36 796310 22 132 33 110187 255
585 G 905228 144 136 28 795667 54 52 28 108885 234
586 A 906736 797012 64 1 95 109233 38 22 33 238
587 T 910722 74 799521 100 7 19 110650 36 22 293
588 G 909743 96 144 37 800689 32 80 18 108423 224
589 A 910238 801202 80 3 83 108550 24 12 26 258
590 T 911272 97 801149 101 7 25 109559 27 12 295
591 C 912707 145 80 799401 35 81 35 112616 31 283
592 A 917293 800739 12 5 111 116090 13 12 31 280
593 A 918113 802948 9 6 87 114719 10 10 27 297
594 A 916197 799762 27 24 72 115878 16 37 20 361
595 C 916603 112 113 799347 27 56 57 116603 27 261
596 G 915920 123 136 26 802258 29 55 45 113044 204
597 T 919066 48 806187 89 3 29 112118 46 41 505
598 G 918538 112 152 22 806468 48 141 22 111290 283
599 G 919047 95 119 21 805812 29 143 22 112508 298
600 G 919508 98 118 30 803890 35 47 40 114996 254
601 A 921480 806181 91 2 116 114733 21 13 36 287
602 T 921980 37 807006 76 2 21 114495 37 10 296
603 C 918135 131 110 801446 29 86 77 115962 20 274
604 A 917472 801999 50 11 168 114897 27 21 30 269
605 A 919042 801207 45 4 95 117346 41 14 24 266
606 T 921857 58 802167 62 4 28 119196 48 13 281
607 G 924223 99 153 50 806853 37 96 39 116733 163
608 A 923712 809327 79 6 89 113872 31 16 28 264
609 T 921977 86 807493 67 1 18 114023 27 17 245
610 C 923882 162 138 809391 17 89 131 113702 29 223
611 G 926984 172 142 28 811239 124 137 24 114841 277
612 G 924646 65 115 21 812332 27 69 35 111717 265
613 A 926089 812337 30 5 92 113217 23 14 25 346
614 A 928755 808607 30 4 129 119443 25 17 37 463
615 C 929754 59 46 805501 7 27 23 123869 11 211
616 T 930985 28 804697 87 3 25 125751 31 14 349
617 T 927715 38 802973 70 1 25 124289 25 15 279
618 C 927066 108 60 804253 30 36 39 122296 19 225
619 T 928036 71 798974 177 4 51 128437 56 9 257
620 G 926071 94 150 43 799608 46 205 30 125651 244
621 G 922527 68 171 35 799866 24 55 25 122063 220
622 A 922425 798512 76 5 169 123222 63 20 51 307
623 G 923482 43 130 34 798379 28 94 24 124556 194
624 A 922966 797210 53 5 153 125062 64 12 83 324
625 G 922763 58 126 28 801764 27 63 19 120427 251
626 G 920157 73 60 24 802543 22 27 13 117163 232
627 T 924049 84 800988 142 5 73 120452 62 204 2039
628 G 929414 119 128 27 807344 85 58 15 121411 227
629 A 930456 808060 73 6 113 121819 26 19 35 305
630 A 930359 810158 38 2 122 119643 35 11 37 313
631 A 929440 810237 27 7 105 118684 25 17 21 317
632 A 929366 810411 66 1 73 118481 45 16 20 253
633 T 930724 40 811691 86 3 32 118533 35 38 266
634 G 927632 122 167 44 814177 30 147 28 112631 286
635 G 927991 90 137 44 811852 43 58 20 115466 281
636 A 928763 810377 57 6 194 117689 30 31 41 338
637 C 931850 111 215 812042 31 58 85 118961 44 303
638 G 933855 174 150 29 811610 66 62 20 121510 234
639 A 934430 812091 55 2 69 121846 26 13 28 300
640 A 936160 812387 15 3 106 123304 20 12 24 289
641 A 935454 808036 18 1 81 126959 24 10 24 301
642 A 934918 807249 22 2 83 127196 11 10 27 318
643 A 931919 805460 69 35 82 125872 30 33 32 306
644 C 932760 95 68 807151 19 66 27 125066 21 247
645 A 935510 808254 55 7 140 126699 32 11 37 275
646 A 935183 805328 61 10 141 129288 48 9 43 255
647 G 931404 56 146 28 802022 20 139 33 128730 230
648 G 930969 84 117 25 802659 30 60 35 127724 235
649 A 929854 800319 55 3 105 129010 52 12 34 264
650 G 926504 67 80 12 798864 38 30 17 127164 232
651 T 926380 93 795716 119 6 75 129332 33 126 880
652 G 924984 95 218 29 796185 45 83 17 128088 224
653 C 921122 143 65 794142 28 71 32 126400 13 228
654 T 925462 40 796759 85 3 40 128191 34 15 295
655 T 930476 14 800931 103 1 80 129041 41 13 252
656 A 930329 801407 57 5 82 128450 25 20 30 253
657 C 930937 112 158 802466 23 64 188 127681 21 224
658 G 932878 110 168 38 805239 48 91 26 126918 240
659 A 932426 804836 80 2 103 127007 91 13 32 262
660 G 930785 65 184 29 808832 17 54 25 121377 202
661 A 932101 809187 59 7 102 122415 47 14 30 240
662 G 929636 83 148 26 808797 31 60 21 120256 214
663 A 925027 801523 40 5 101 122979 28 10 35 306
664 A 921825 798515 38 2 90 122856 19 13 32 260
665 T 918085 57 791853 66 4 21 125798 30 11 245
666 G 914798 106 121 32 790572 37 51 30 123618 231
667 T 912220 103 789386 145 16 57 121889 43 42 539
668 G 908295 141 155 26 785724 30 63 13 121916 227
669 C 904144 114 201 783980 63 68 66 119350 33 269
670 A 903290 782887 43 11 121 119892 35 21 30 250
671 A 904267 783381 75 6 113 120254 30 17 40 351
672 C 903651 102 58 784122 22 55 28 118977 32 255
673 A 904769 783705 48 2 71 120681 15 16 28 203
674 T 906066 30 787183 81 0 19 118418 25 11 299
675 T 906683 60 785723 79 2 30 120479 27 14 269
676 C 905470 134 50 786311 27 61 25 118587 19 256
677 T 904035 100 783056 129 5 62 120348 50 13 272
678 C 901741 176 86 781425 42 114 46 119571 30 251
679 A 903557 781208 28 4 127 121827 36 13 39 275
680 A 900994 779455 68 6 89 121014 34 11 20 297
681 A 896955 776229 23 7 116 120272 23 10 34 241
682 G 895765 69 127 23 773152 31 50 13 122067 233
683 G 892853 72 106 27 770796 35 46 14 121472 285
684 A 886625 768984 57 4 127 117134 18 13 29 259
685 A 883483 768582 13 6 132 114425 18 4 33 270
686 A 881410 765766 17 1 76 115228 18 12 16 276
687 A 876507 764530 59 3 67 111501 19 9 20 299
688 T 874224 40 763367 81 1 24 110402 25 8 276
689 T 873121 26 763759 96 2 14 108861 25 11 327
690 T 868438 54 760538 100 5 26 107414 32 11 258
691 C 864241 135 65 758260 37 245 38 104931 27 503
692 A 860938 757510 37 8 215 102841 25 11 39 252
693 A 856135 754441 23 3 97 101264 19 9 20 259
694 A 852340 750604 28 25 90 101184 21 16 28 344
695 C 849701 118 53 748106 27 53 30 101045 34 235
696 A 847361 745561 39 2 99 101383 22 6 31 218
697 G 843938 47 164 22 743755 19 43 20 99680 188
698 C 840503 157 58 741823 24 45 18 98164 25 189
699 T 837016 48 740018 142 10 20 96421 37 25 295
700 G 832620 219 147 34 736077 82 43 14 95762 242
701 C 828992 146 83 734382 30 35 31 93978 18 289
702 A 826155 731426 67 6 151 94111 24 13 35 322
703 C 821798 129 83 726516 18 644 28 92268 18 2094
704 A 820588 725282 21 1 93 94914 11 14 29 223
705 A 815080 721063 55 5 90 93502 28 11 27 299
706 A 812003 719346 34 12 130 92044 25 13 73 326
707 G 807574 58 155 21 717360 14 48 13 89660 245
708 G 798944 97 78 37 711844 19 22 11 86564 272
709 G 794415 95 114 22 709075 28 22 26 84806 227
710 C 790985 143 132 708163 25 146 40 81823 16 497
711 A 787232 705173 26 4 110 81628 25 6 19 241
712 A 781337 698854 30 5 74 82114 18 9 25 208
713 T 775589 46 693156 87 4 16 82012 25 15 228
714 G 769263 73 129 43 689243 42 41 17 79503 172
715 A 762731 683113 67 1 94 79190 11 4 27 224
716 T 757357 67 678859 65 6 14 78031 13 32 270
717 G 753837 93 130 30 675376 35 64 14 77891 204
718 G 748597 46 118 29 671105 62 46 11 76969 211
719 A 740612 663560 43 4 72 76680 13 4 26 210
720 T 735466 64 658536 78 4 21 76506 15 12 230
721 C 729862 138 69 651294 33 119 17 77825 22 345
722 A 723859 641565 46 4 128 81832 20 14 27 223
723 A 715907 632752 25 5 87 82773 17 11 36 201
724 G 710600 35 105 12 627055 18 24 8 83171 172
725 T 704223 52 620172 71 7 92 83096 22 42 669
726 G 698528 69 138 39 615881 35 32 12 82133 189
727 A 691756 611736 60 3 94 79616 18 2 22 205
728 G 681884 51 119 16 606154 18 24 8 75328 166
729 A 677479 602714 67 5 144 74324 19 6 39 161
730 G 669863 66 87 29 594451 55 13 5 74896 261
731 A 662609 587580 37 2 88 74652 6 7 18 219
732 A 652583 578701 20 5 73 73563 5 4 13 199
733 A 645929 572751 14 2 93 72853 9 6 26 175
734 G 639119 35 66 25 566853 15 19 6 71930 170
735 T 634861 52 562502 49 3 56 71743 26 16 414
736 C 627209 86 88 553850 9 37 28 72929 20 162
737 G 617327 134 102 21 545963 66 34 5 70805 197
738 G 610465 54 62 7 541386 18 16 11 68639 272
739 A 604459 536009 14 1 62 68132 11 3 17 210
740 A 597118 525347 33 2 58 67895 6 271 19 3487
741 C 588644 46 62 520673 13 27 15 67623 9 176
742 C 579482 63 42 511406 15 43 10 67718 8 177
743 C 571761 89 74 503266 12 50 12 68011 14 233
744 A 566488 495962 22 6 80 70212 9 3 40 154
745 G 557535 49 84 24 488104 15 15 8 69076 160
746 G 548696 38 70 14 479166 37 11 5 68846 509
747 A 540556 473231 33 5 60 67018 7 5 11 186
748 A 535045 467108 15 1 64 67683 7 3 18 146
749 A 530472 460962 25 0 40 69231 12 4 10 188
750 T 526011 33 456048 63 3 12 69643 12 14 183
751 G 518084 65 124 25 449307 18 26 12 68370 137
752 C 510599 85 66 446412 12 46 24 63815 19 120
753 T 503331 15 438971 85 2 22 64046 19 8 163
754 G 498692 55 102 30 433825 61 29 10 64446 134
755 A 490876 426741 29 2 49 63881 12 10 20 132
756 G 482687 42 99 23 419796 22 27 2 62571 105
757 A 475651 416316 33 2 47 59097 10 4 10 132
758 T 468642 28 408472 30 2 7 59916 16 12 159
759 C 461462 74 68 400522 14 102 16 60522 22 122
760 G 453360 86 89 16 391930 120 36 5 60935 143
761 A 445225 386611 33 1 32 58382 6 3 11 146
762 A 440172 378504 20 0 54 61433 6 4 24 127
763 G 431593 22 71 11 367516 21 18 3 63840 91
764 A 423763 360038 14 1 26 63520 12 7 10 135
765 T 416571 21 353927 40 1 10 62436 14 8 114
766 C 409223 36 15 347071 9 34 11 61920 12 115
767 T 405295 43 339749 58 3 65 65243 16 5 113
768 C 397983 65 33 331460 26 50 12 66224 20 93
769 A 389368 324406 7 3 34 64676 8 1 15 218
770 T 383938 28 319088 26 2 14 64653 15 9 103
771 C 378932 74 21 313091 17 41 6 65312 22 348
772 T 373385 25 303526 48 1 69 69598 8 3 107
773 T 366445 13 296317 36 1 7 69940 18 8 105
774 T 359332 17 292143 30 0 16 67000 15 4 107
775 C 353686 57 22 287718 16 46 11 65732 11 73
776 T 348798 24 283667 34 3 66 64844 13 5 142
777 G 339280 45 53 12 277861 25 26 6 61170 82
778 G 329478 52 41 14 272996 26 12 6 56222 109
779 C 320958 84 78 265527 16 27 22 55078 16 110
780 A 314772 259710 15 4 36 54705 4 6 16 276
781 C 309180 35 60 254346 2 24 26 54565 12 110
782 G 302435 47 41 5 249115 12 24 1 53118 72
783 G 294640 26 25 10 242198 15 11 4 52251 100
784 T 289866 27 235588 34 1 15 54006 14 21 160
785 C 284420 51 25 230768 14 48 7 53433 6 68
786 T 278543 6 225451 74 2 44 52853 21 5 87
787 G 269559 47 51 6 218647 81 12 2 50631 82
788 C 261717 53 65 212307 7 38 13 49163 10 61
789 A 255269 202986 33 4 37 51262 6 15 13 913
790 C 248954 28 17 197631 4 22 10 51159 12 71
791 T 243596 9 190597 27 1 21 52865 9 6 61
792 C 237703 52 26 184215 5 38 8 53290 11 58
793 A 232906 174763 11 0 17 58042 11 2 14 46
794 T 225632 12 168558 20 0 10 56953 11 4 64
795 A 217183 161604 3 0 18 55446 3 8 15 86
796 T 211147 10 152342 15 0 8 58693 6 8 65
797 T 207004 12 146577 18 2 17 60267 13 8 90
798 G 202451 13 25 8 143737 21 19 13 58588 27
799 A 197259 139786 14 2 13 57326 10 18 24 66
800 G 193260 14 29 5 136254 7 22 6 56895 28
801 A 187684 130226 9 1 36 57252 4 3 33 120
802 G 180836 19 22 2 125707 12 27 7 55006 34
803 G 175594 6 25 5 120892 37 23 8 54560 38
804 G 167504 10 19 3 115820 16 20 9 51558 49
805 T 161514 18 110823 14 2 52 50463 20 32 90
806 C 155208 21 19 104927 4 43 11 50122 23 38
807 A 148526 99560 2 2 17 48874 7 4 19 41
808 G 140810 7 10 3 93884 11 20 4 46832 39
809 T 134551 6 85482 8 0 30 48968 9 13 35
810 T 130672 11 80219 14 0 19 50367 11 8 23
811 G 122409 19 15 3 74518 33 16 9 47762 34
812 C 117784 15 17 71787 0 14 7 45898 12 34
813 T 114042 4 64102 12 1 23 49856 13 1 30
814 C 110009 20 14 58492 5 55 16 51367 19 21
815 A 106496 55697 3 1 8 50731 10 3 18 25
816 C 101849 11 9 54222 0 42 13 47347 6 199
817 A 97935 50439 2 0 2 47455 6 1 13 17
818 A 93977 45553 2 0 3 48370 7 4 18 20
819 A 89942 43495 0 0 3 46367 15 4 14 44
820 T 85525 1 41206 5 0 5 44269 8 14 17
821 C 80991 10 3 35529 2 31 59 45261 11 85
822 T 76976 1 31628 4 1 21 45288 7 8 18
823 T 71933 0 30981 7 0 13 40898 12 10 12
824 G 66260 5 5 0 28818 14 31 6 37328 53
825 T 62098 8 27487 7 0 20 34533 11 8 24
826 C 58454 7 7 24941 3 20 8 33435 17 16
827 T 55961 4 22818 1 1 68 32763 69 63 174
828 G 50788 0 2 0 19937 38 15 741 29135 920
829 C 48369 8 37 20275 4 22 17 27979 15 12
830 C 48306 27 23 19284 7 45 18 28881 15 6
831 C 51531 45 14 18840 5 87 31 32484 13 12
832 G 52073 39 23 5 18016 110 27 130 33631 92
833 C 51333 36 16 16965 3 28 15 34258 6 6
834 C 53470 68 12 16271 11 36 507 35967 65 533
835 T 56118 0 16161 66 1 20 39737 42 52 39
836 G 54857 1 5 0 14449 16 44 10 40305 27
837 T 55282 15 15064 2 0 12 40054 14 68 53
838 G 57460 2 1 1 16448 11 78 13 40831 75
839 T 59237 0 17998 2 0 11 41160 18 26 22
840 G 61040 3 2 0 19581 13 235 20 40979 207
841 T 62069 2 21958 5 0 31 40029 14 7 23
842 A 62949 23686 2 0 4 39019 93 4 30 111
843 T 65236 4 24752 1 1 11 37663 10 1315 1479
844 G 68823 6 10 1 29732 14 90 7 38956 7
845 G 72256 4 8 0 33800 42 70 126 37910 296
846 A 75117 20375 13 1 8 23839 52 12567 27 18235
847 C 79074 16 20 43587 1 9 24 35325 85 7
848 C 84804 18 16 48485 8 100 6 36158 7 6
849 T 91611 6 54481 2 3 113 36993 7 1 5
850 G 95861 60 56 14 59184 36 14 13 36467 17
851 C 99998 42 41 62788 9 12 142 36940 8 16
852 C 105890 37 52 66181 8 16 38 39530 10 18
853 G 111419 19 26 2 68572 16 17 5 42754 8
854 T 118189 11 72561 12 0 7 45565 11 2 20
855 A 124326 75346 6 1 25 48897 23 5 11 12
856 G 132271 7 15 2 80935 7 29 9 51255 12
857 C 138835 18 8 85024 4 8 13 53727 7 26
858 C 144726 14 21 89060 2 19 24 55557 3 26
859 A 150623 92298 8 0 14 58239 28 11 15 10
860 G 155651 7 8 21 97301 8 24 84 58182 16
861 T 160489 11 101498 4 1 12 58910 16 9 28
862 G 165810 18 13 4 106977 12 51 12 58700 23
863 G 169030 8 14 1 113535 9 24 10 55394 35
864 C 175158 26 8 120874 18 22 17 54158 13 22
865 T 184519 3 128033 27 0 2 56405 21 5 23
866 A 190884 134625 11 0 8 56151 18 14 16 41
867 C 197441 26 51 142956 1 9 56 54310 3 29
868 G 206447 18 26 5 150866 18 42 20 55421 31
869 A 213607 158620 9 0 12 54868 20 18 14 46
870 C 221452 17 11 166019 6 13 13 55316 5 52
871 T 229016 2 171135 18 0 5 57757 30 8 61
872 T 232498 7 176217 22 1 6 56173 14 4 54
873 C 239455 41 61 183746 11 27 53 55464 7 45
874 G 247506 37 37 8 190221 19 38 26 57061 59
875 A 255441 193453 10 3 18 61868 21 10 17 41
876 A 263255 199369 5 0 27 63749 18 7 11 69
877 A 271701 204758 2 0 9 66826 17 7 10 72
878 A 280272 208642 5 1 31 71457 17 8 28 83
879 A 287511 215574 7 1 91 71683 36 8 47 64
880 G 293983 16 46 17 224832 12 59 29 68917 55
881 A 300400 229741 19 2 42 70447 56 7 19 67
882 G 303567 15 35 5 235443 15 98 10 67881 65
883 G 309436 23 37 7 245148 17 65 20 64046 73
884 G 315132 31 34 11 252681 13 39 12 62238 73
885 A 321542 261369 30 0 29 59979 12 7 17 99
886 T 328059 27 268294 28 1 19 59600 13 2 75
887 A 334861 272975 23 2 43 61322 62 58 30 346
888 C 343583 43 18 281983 14 21 16 61422 1 65
889 T 350252 16 289665 42 1 10 60393 23 6 96
890 C 359437 77 18 299908 15 31 29 59277 5 77
891 T 366071 16 308403 34 1 6 57484 34 2 91
892 T 371393 8 316273 59 1 2 54888 43 4 115
893 T 381415 5 327158 37 0 4 54086 13 7 105
894 A 388875 334913 20 3 42 53746 38 8 11 94
895 G 395473 28 65 2 341270 15 42 18 53945 88
896 T 404127 37 348678 40 5 5 55100 17 10 235
897 G 410307 39 68 51 353865 15 63 62 56052 92
898 G 417204 31 58 11 359036 12 64 12 57869 111
899 G 422852 65 65 22 362444 12 51 18 60069 106
900 A 426729 367469 30 1 62 58992 25 9 19 122
901 A 432227 374111 22 2 54 57876 10 6 18 128
902 T 439651 42 381503 28 2 12 57928 20 5 111
903 A 446560 389075 24 2 81 57207 53 6 21 91
904 G 453080 27 66 20 398181 16 51 16 54606 97
905 A 461003 407194 46 1 48 53388 22 32 27 245
906 C 469521 45 35 416359 8 17 8 52901 8 140
907 C 477969 56 41 423245 11 13 31 54435 5 132
908 C 484993 92 20 431222 11 24 13 53487 8 116
909 T 489327 22 436652 115 12 11 52331 31 11 142
910 T 494403 15 441917 59 0 5 52218 15 6 168
911 T 499258 32 449525 78 1 8 49427 16 7 164
912 C 504760 79 47 452189 41 22 45 52223 6 108
913 A 514023 458911 36 4 79 54760 34 24 21 154
914 A 521074 463040 53 3 136 57606 15 4 58 159
915 A 528018 469422 46 13 37 58266 37 9 15 173
916 C 536387 57 18 476528 12 25 7 59610 7 123
917 T 545744 23 485266 107 3 5 60153 31 4 152
918 G 553925 83 101 17 494278 18 49 13 59243 123
919 C 561940 87 30 500663 13 19 13 60963 23 129
920 T 569882 23 508191 90 8 10 61317 33 8 202
921 T 577413 58 515840 64 5 17 61191 14 10 214
922 C 584726 83 50 524260 29 27 47 60086 8 136
923 A 591349 530538 35 4 74 60457 37 21 12 171
924 A 598261 537444 25 2 57 60552 12 6 11 152
925 A 605199 543586 16 5 59 61325 6 4 15 183
926 A 611566 549968 33 12 77 61198 13 10 8 247
927 C 617386 102 55 557046 15 17 27 59972 7 145
928 A 624772 565217 33 4 61 59250 17 7 14 169
929 G 631093 106 126 24 572556 17 34 18 58064 148
930 C 636277 103 60 576220 23 18 13 59650 11 179
931 C 642265 108 86 581858 21 34 22 59932 11 193
932 A 650202 590621 41 7 58 59243 17 12 12 191
933 A 657446 597732 14 4 58 59405 13 8 10 202
934 G 663127 44 101 18 605568 14 28 14 57192 148
935 T 670587 65 613279 50 4 5 56821 10 5 348
936 A 676790 619694 44 4 205 56621 16 10 11 185
937 T 684334 35 627806 61 1 7 56221 14 5 184
938 A 690901 636426 49 5 74 54080 27 4 8 228
939 C 697760 94 185 642080 28 15 44 55139 9 166
940 A 706085 649131 21 10 145 56523 23 8 16 208
941 G 710215 71 149 32 653340 11 42 21 56386 163
942 C 716475 130 58 660115 14 17 8 55885 16 232
943 C 723259 109 55 666257 25 18 14 56555 10 216
944 T 729547 57 669530 129 2 5 59595 21 7 201
945 A 735554 675661 6 2 67 59538 32 7 21 220
946 A 742897 684709 42 4 65 57825 11 8 4 229
947 T 749218 50 691143 71 3 10 57665 11 3 262
948 C 754921 175 80 694504 22 22 29 59906 8 175
949 A 760471 696022 20 6 201 63949 30 7 20 216
950 G 766155 55 156 25 702136 11 30 17 63503 222
951 A 768974 704166 38 0 86 64297 10 7 26 344
952 C 775813 74 64 709146 21 28 29 66230 7 214
953 C 782044 146 111 713260 13 37 86 68141 3 247
954 G 787971 306 157 22 718213 24 62 15 68980 192
955 A 794117 724436 47 1 64 69279 18 8 24 240
956 A 798746 727137 44 3 116 71049 16 26 17 338
957 C 803520 106 324 730169 26 33 169 72486 13 194
958 G 807411 99 158 30 737312 27 68 16 69496 205
959 A 812778 742374 73 2 92 69939 36 17 23 222
960 G 816181 65 141 28 744528 26 28 25 71093 247
961 A 820483 745118 30 2 79 74955 31 22 12 234
962 A 824221 746451 48 4 58 77358 4 11 33 254
963 T 827567 51 749417 89 1 23 77651 32 10 293
964 C 831377 122 53 752870 19 37 11 78021 13 231
965 C 836363 119 109 753992 46 50 52 81732 8 255
966 A 838044 751314 25 4 198 86204 41 11 30 217
967 G 840223 93 135 30 753504 19 39 33 86116 254
968 C 844909 178 124 758361 27 43 39 85882 12 243
969 A 846558 760116 78 6 106 85783 38 12 19 400
970 C 848727 123 100 761690 29 25 24 86512 13 211
971 A 850459 762049 115 12 91 87789 36 8 26 333
972 C 851788 109 74 763285 23 38 40 87974 12 233
973 A 855040 763132 20 10 130 91449 16 11 29 243
974 A 857680 765171 62 11 125 91947 55 11 32 266
975 G 858460 37 156 30 764352 29 46 15 93528 267
976 A 858356 764587 41 1 92 93337 26 12 29 231
977 G 856668 70 83 11 765822 18 27 15 90387 235
978 T 855671 94 762647 93 6 66 91887 34 39 805
979 C 857435 160 64 761130 37 44 53 95726 15 206
980 A 859359 760462 28 12 189 98397 14 12 26 219
981 G 855637 167 175 28 757426 20 41 22 97566 192
982 C 856392 180 149 754856 30 71 38 100814 23 231
983 T 859546 45 754206 89 6 15 104928 24 13 220
984 G 857112 75 145 20 750844 37 60 25 105678 228
985 G 854349 57 91 17 749969 17 27 19 103914 238
986 T 854159 58 747865 78 7 60 104857 42 86 1106
987 G 854802 91 135 22 749974 32 50 10 104282 206
988 T 858698 61 753627 80 5 42 104310 35 44 494
989 G 859501 90 172 21 754356 31 76 35 104457 263
990 G 859595 47 131 32 753815 31 82 23 105171 263
991 A 859523 749257 81 1 63 109786 23 28 25 259
992 T 861072 52 746470 73 5 30 114106 29 32 275
993 G 857883 135 125 29 747176 56 78 30 109934 320
994 G 857307 140 132 22 749868 56 73 17 106725 274
995 C 858256 160 151 752421 47 61 53 105072 27 264
996 A 859240 753357 55 3 100 105393 22 13 26 271
997 T 859488 51 753561 178 6 20 105323 42 21 286
998 G 858894 182 142 41 758213 58 45 25 99982 206
999 C 858326 140 186 757456 28 69 39 100122 26 260
1000 A 860093 753844 36 115 101 105612 23 20 35 307
1001 A 861473 752988 44 5 71 108042 29 11 27 256
1002 T 861111 33 750790 90 4 21 109813 27 14 319
1003 T 861092 45 749331 80 2 32 111260 32 16 294
1004 C 861901 149 29 747285 42 61 24 114045 26 240
1005 T 862946 57 744350 162 4 64 117969 41 12 287
1006 G 860064 180 182 31 741312 49 90 64 117945 211
1007 C 859270 171 64 743639 19 89 24 115013 25 226
1008 T 861287 53 739303 251 6 24 121286 108 14 242
1009 G 863259 104 153 36 738258 45 67 51 124310 235
1010 C 865411 162 100 740513 29 89 48 124244 21 205
1011 A 866703 741219 30 4 99 124981 29 35 62 244
1012 T 866579 34 740255 63 4 27 125878 49 22 247
1013 T 869671 33 739759 81 4 47 129374 60 9 304
1014 T 869351 57 739670 168 12 35 129093 42 17 257
1015 G 863472 73 156 43 739985 39 118 35 122767 256
1016 A 865029 741004 56 5 121 123457 40 15 54 277
1017 A 865041 741852 69 23 116 122629 60 16 36 240
1018 G 860452 52 140 34 738804 32 59 12 121113 206
1019 A 859209 736980 58 3 70 121752 23 13 34 276
1020 T 856318 32 736235 66 2 27 119644 25 13 274
1021 C 855030 119 31 735575 24 54 27 118975 27 198
1022 T 860397 46 736788 104 9 81 123096 43 15 215
1023 A 860877 736542 9 6 100 123862 26 14 26 292
1024 A 859735 737542 45 5 99 121701 66 12 29 236
1025 G 856636 34 143 46 735762 24 58 45 120321 203
1026 A 854699 737319 54 4 109 116904 21 13 32 243
1027 G 852029 41 110 11 738192 11 33 25 113419 187
1028 T 851634 60 733676 73 2 65 116161 40 90 1467
1029 A 850119 736188 51 0 72 113524 22 5 19 238
1030 T 851756 56 733924 62 2 14 117394 27 12 265
1031 T 853810 69 735885 64 3 39 117478 23 12 237
1032 A 859829 736685 75 4 128 122576 50 21 31 259
1033 A 862045 735211 21 6 71 126438 26 13 22 237
1034 G 864503 38 147 16 736750 19 77 23 127213 220
1035 C 865872 166 42 738985 21 81 20 126316 17 224
1036 T 867227 13 740610 132 2 30 126119 28 14 279
1037 T 868364 73 743228 77 3 37 124648 23 20 255
1038 C 865518 154 74 744354 33 59 42 120571 22 209
1039 A 865129 744009 62 7 93 120653 21 14 26 244
1040 T 862649 58 739492 82 1 54 122684 25 18 235
1041 C 864419 160 74 735881 68 122 69 127795 29 221
1042 A 866648 731653 59 12 159 134394 106 15 46 204
1043 G 862621 60 130 45 731728 71 109 32 130214 232
1044 A 864980 733502 51 1 139 130851 101 39 43 253
1045 G 864237 62 117 18 736213 60 116 20 127392 239
1046 G 859061 71 100 24 737127 48 79 23 121313 276
1047 G 862548 183 149 33 743933 39 52 40 117808 311
1048 A 862671 744018 82 6 116 117957 34 25 46 387
1049 C 865796 52 81 745200 17 49 27 120053 45 272
1050 C 871807 148 80 746333 27 130 47 124777 35 230
1051 A 878465 749314 36 5 82 128643 65 27 28 265
1052 A 878301 749042 46 3 82 128778 51 14 24 261
1053 A 876878 748144 24 12 146 128154 66 15 60 257
1054 G 872774 53 48 10 747970 55 52 35 124348 203
1055 T 873335 64 747367 64 2 69 125011 35 73 650
1056 A 872970 749649 38 2 61 122860 77 8 22 253
1057 T 875288 53 754785 108 1 51 119896 67 18 309
1058 C 877501 118 56 756264 18 47 72 120655 21 250
1059 C 880458 111 79 756368 36 89 30 123361 19 365
1060 C 885270 135 68 755151 12 121 29 129419 20 315
1061 C 890353 158 77 753047 22 158 32 136545 24 290
1062 A 895906 753932 60 8 102 141432 46 48 27 251
1063 A 894997 752595 42 5 89 141853 86 15 71 241
1064 G 894023 74 172 26 752777 61 189 26 140456 242
1065 G 893993 56 112 19 759533 40 114 81 133745 293
1066 G 890410 63 112 23 764786 105 85 12 124955 269
1067 G 886973 68 88 34 761979 136 72 19 124286 291
1068 G 886042 166 128 25 759526 86 167 18 125683 243
1069 A 886153 755529 57 3 71 129995 137 12 62 287
1070 A 888724 757366 49 1 91 130753 147 11 26 280
1071 A 889642 759885 42 36 87 128983 36 40 166 367
1072 C 890704 42 36 759735 7 55 177 130408 21 223
1073 T 892783 18 760933 151 6 165 131175 49 9 277
1074 T 895478 26 764463 117 4 20 130351 170 11 316
1075 T 896935 74 767657 95 3 31 128704 48 9 314
1076 C 897349 144 63 772240 32 44 51 124454 52 269
1077 C 899309 121 93 778997 39 87 40 119605 59 268
1078 A 897279 781384 65 7 93 115282 62 35 36 315
1079 C 897773 150 47 780188 26 48 29 117074 19 192
1080 T 900851 35 777251 83 6 44 123105 62 13 252
1081 A 904571 773227 63 8 96 130733 120 49 35 240
1082 G 904840 55 162 42 773552 45 131 35 130594 224
1083 A 904178 775393 29 3 85 128292 45 36 35 260
1084 G 905764 60 151 31 780109 26 141 21 124968 257
1085 G 903623 38 140 35 781279 25 62 19 121755 270
1086 A 903207 785367 85 4 115 117224 39 15 29 329
1087 G 901641 51 87 23 786688 67 45 21 114439 220
1088 T 903048 53 789439 150 8 119 111909 41 88 1241
1089 A 902287 791180 94 8 135 110445 43 9 81 292
1090 C 903087 111 90 791438 38 40 78 111018 18 256
1091 A 907679 794330 40 4 91 112870 78 3 16 247
1092 A 908353 797173 51 5 78 110635 72 11 25 303
1093 A 907136 797512 44 4 52 109191 19 24 16 274
1094 T 905665 42 798780 94 6 14 106410 31 14 274
1095 T 907474 24 803476 117 5 17 103486 27 13 309
1096 G 906734 85 151 27 806205 27 62 27 99920 230
1097 C 907118 127 51 806331 26 44 19 100236 31 253
1098 T 909185 28 806702 97 2 12 102007 29 7 301
1099 T 909573 81 805531 89 4 39 103437 31 10 351
1100 C 912072 177 67 804987 45 72 40 106405 23 256
1101 A 915755 804630 65 39 97 110562 32 17 24 289
1102 A 914047 800691 36 2 108 112864 29 15 21 281
1103 A 911983 799407 50 3 74 112133 13 10 18 275
1104 T 911771 37 800832 98 3 25 110506 26 9 235
1105 G 910173 88 133 43 802248 30 48 26 107344 213
1106 A 909450 804508 43 6 103 104469 29 16 33 243
1107 A 908005 805033 20 5 108 102531 13 9 27 259
1108 A 910144 802852 9 2 96 106823 18 19 24 301
1109 A 908978 801092 68 115 81 107172 30 33 27 360
1110 C 909415 86 99 802422 27 70 23 106451 17 220
1111 A 911982 803903 80 11 73 107602 21 14 23 255
1112 T 913433 54 805632 62 7 15 107408 17 15 223
1113 G 913175 94 166 39 807732 34 101 17 104730 262
1114 G 910088 53 89 28 806682 26 49 28 102874 259
1115 A 909088 807266 53 5 114 101337 37 11 18 247
1116 T 910271 81 809134 112 41 17 100584 24 27 251
1117 G 910126 125 170 23 807801 39 49 45 101642 232
1118 C 909010 161 65 805883 33 54 58 102533 17 206
1119 T 910437 25 807837 145 4 34 102126 38 8 220
1120 A 911451 808955 97 3 93 101941 26 55 21 260
1121 T 911581 69 811748 100 3 28 99305 18 14 296
1122 G 910979 114 128 26 809785 28 102 58 100472 266
1123 G 908025 70 143 34 807107 72 64 19 100247 269
1124 A 906527 804797 72 7 104 101139 38 12 68 290
1125 A 906708 804947 37 3 105 101204 63 13 25 311
1126 T 904927 62 803923 85 2 15 100549 30 12 249
1127 C 906735 140 64 804586 23 78 37 101557 23 227
1128 A 907926 801982 53 9 185 105323 25 17 25 307
1129 A 904338 797990 66 4 131 105814 56 11 23 243
1130 G 899426 53 102 18 794682 18 39 18 104259 237
1131 T 899376 79 794814 68 4 62 103905 20 11 413
1132 A 900159 794881 56 2 70 104240 32 28 33 817
1133 C 897378 99 58 792439 21 47 19 104413 21 261
1134 T 898930 74 792593 101 3 35 105821 20 8 275
1135 C 899584 169 42 792187 47 58 16 106827 31 207
1136 T 900122 62 789135 163 12 80 110349 42 15 264
1137 T 900107 41 786641 152 1 27 112914 35 13 283
1138 G 895737 98 157 33 782369 41 60 23 112724 232
1139 A 895994 779786 56 2 93 115701 42 11 34 269
1140 A 894447 776469 61 4 109 117398 32 6 39 329
1141 C 894205 119 66 777416 30 44 23 116277 25 205
1142 T 895913 29 778420 144 8 29 116991 32 11 249
1143 G 896703 99 159 37 779395 30 79 26 116663 215
1144 A 896623 774187 46 2 143 121942 38 12 24 229
1145 G 894098 59 42 23 771134 29 37 14 122563 197
1146 A 893677 771354 60 3 85 121839 53 11 27 245
1147 A 893417 772737 20 1 86 120240 17 13 28 275
1148 G 890877 69 169 24 772422 27 48 19 117874 225
1149 C 888180 177 144 773052 28 68 66 114383 17 245
1150 A 889143 771539 55 20 254 116912 47 12 46 258
1151 G 884722 37 97 25 770051 23 64 16 114163 246
1152 G 883390 88 68 11 770072 42 24 28 112767 290
1153 T 883409 75 767176 84 10 81 114892 51 68 972
1154 A 882329 768875 58 10 75 112938 31 10 25 307
1155 C 880724 110 70 768097 17 31 36 112114 30 219
1156 T 883982 49 768677 113 9 37 114764 39 25 269
1157 G 883696 113 143 23 769416 48 93 25 113565 270
1158 G 879405 95 118 26 765939 41 61 16 112771 338
1159 G 876025 113 132 30 765217 45 58 31 110141 258
1160 C 875277 151 141 760882 44 47 62 113612 29 309
1161 C 874271 131 123 758743 23 57 51 114820 20 303
1162 A 873810 755053 94 3 89 118256 28 20 34 233
1163 T 872601 43 750551 70 2 31 121659 28 8 209
1164 A 871981 748917 14 2 159 122554 31 11 52 241
1165 A 876570 753273 43 8 116 122751 75 8 64 232
1166 G 874068 55 135 32 747575 54 55 37 125890 235
1167 A 873875 745018 46 6 115 128364 32 14 27 253
1168 A 874396 745420 65 2 91 128311 53 31 25 398
1169 C 874468 54 65 743763 19 49 19 130181 17 301
1170 C 878120 131 72 744810 25 102 44 132661 32 243
1171 A 880053 748068 42 9 176 131427 49 13 51 218
1172 G 877138 46 89 23 745598 73 78 14 131001 216
1173 A 875419 744827 39 2 87 130065 28 15 61 295
1174 A 875713 744283 29 4 82 130942 87 15 25 246
1175 G 875924 60 107 10 746525 20 59 31 128918 194
1176 T 877497 43 747389 84 6 64 128854 109 59 889
1177 G 877084 94 134 30 750738 98 157 22 125543 268
1178 G 873139 50 157 22 750421 36 85 34 122078 256
1179 A 872758 749431 53 7 171 122629 62 11 119 275
1180 G 869886 76 123 32 748966 30 172 27 120212 248
1181 G 865747 73 140 26 748505 43 125 16 116582 237
1182 A 863069 745062 48 6 96 117382 41 48 103 283
1183 A 861978 743122 46 0 134 118144 121 86 25 300
1184 A 860041 741651 51 44 95 117652 34 27 138 349
1185 C 858657 103 58 740706 12 189 38 117267 27 257
1186 A 854715 736985 85 13 73 116829 192 36 28 474
1187 C 853316 106 46 734310 18 38 184 118369 24 221
1188 T 853540 74 732739 124 9 51 120237 49 9 248
1189 A 852704 734370 5 2 88 117773 29 5 201 231
1190 A 851414 731607 22 2 59 119390 19 16 27 272
1191 T 848810 83 732799 80 4 21 115252 242 13 316
1192 C 848587 166 51 724619 31 85 24 123387 40 184
1193 A 850386 721392 37 3 87 128268 253 15 43 288
1194 A 846663 721023 49 3 64 124913 39 16 205 351
1195 C 848722 137 79 718524 20 62 51 129610 28 211
1196 A 855084 716421 33 7 115 138119 66 22 44 257
1197 G 852541 36 121 37 715967 32 98 35 135997 218
1198 A 852955 716337 38 12 151 136023 105 9 54 226
1199 G 849715 70 62 23 714528 36 61 40 134662 233
1200 G 845172 84 58 13 712090 83 50 19 132457 318
1201 G 840359 63 102 39 709801 27 37 44 130003 243
1202 C 841257 135 106 712046 27 83 41 128519 34 266
1203 C 844306 101 67 712286 21 110 40 131398 31 252
1204 T 849507 51 712637 117 7 128 136236 67 16 248
1205 C 848357 64 35 707596 28 105 40 140229 27 233
1206 T 849017 59 705449 189 7 93 142841 57 38 284
1207 G 843798 114 140 33 705979 47 63 31 137165 226
1208 C 842982 125 241 706247 36 63 279 135745 23 223
1209 A 843049 703912 43 14 210 138336 226 22 68 218
1210 G 839378 35 121 21 704079 36 88 28 134711 259
1211 G 835072 88 69 29 710516 189 46 24 123845 266
1212 T 830311 55 707835 171 8 47 121131 51 76 937
1213 C 831082 108 106 709588 29 41 174 120788 23 225
1214 A 834203 710535 41 7 108 123166 55 18 35 238
1215 A 835777 712391 42 5 61 122765 55 12 156 290
1216 A 837851 710249 42 3 69 127044 126 13 25 280
1217 T 839053 36 710657 63 2 22 127887 24 112 250
1218 C 840983 186 84 717343 22 80 104 122896 39 229
1219 A 842057 719462 27 18 146 122052 80 12 37 223
1220 G 839270 53 121 15 721834 17 73 31 116931 195
1221 T 838640 97 724317 87 8 34 113410 34 62 591
1222 G 834846 109 128 21 721468 29 38 23 112804 226
1223 T 834403 97 724067 153 12 45 109421 39 43 526
1224 G 835480 220 149 29 728711 47 45 22 106028 229
1225 C 836040 112 300 725989 38 66 66 109202 18 249
1226 A 838451 722168 25 3 95 115830 35 11 23 261
1227 A 841288 722848 71 4 82 117650 33 25 32 543
1228 C 844599 66 92 725277 17 31 44 118757 24 291
1229 C 848623 132 43 729501 29 68 26 118573 30 221
1230 T 852743 57 731124 245 7 34 120959 59 22 236
1231 G 853848 242 160 36 732814 85 56 26 120222 207
1232 C 857489 146 107 735921 26 53 27 121004 21 184
1233 A 862916 738182 29 1 84 124343 17 10 36 214
1234 T 865373 64 740582 69 2 24 124277 24 37 294
1235 T 869240 16 740233 69 3 44 128591 16 9 259
1236 T 872626 30 741714 102 1 23 130383 37 43 293
1237 T 876127 31 744609 59 12 24 131080 27 40 245
1238 C 877562 132 47 746354 23 65 39 130677 20 205
1239 T 878878 34 745523 156 7 35 132806 88 10 219
1240 G 874381 128 138 33 746977 45 57 54 126757 192
1241 T 873502 92 753153 148 9 25 119620 38 32 385
1242 G 873685 169 177 56 756255 54 56 52 116637 229
1243 C 876944 184 118 758352 50 73 81 117838 29 219
1244 A 881832 761517 45 8 92 119814 27 17 45 267
1245 A 884475 764741 32 2 89 119238 31 18 56 268
1246 A 887518 763665 40 2 112 123251 132 17 38 261
1247 G 886007 49 102 50 763404 41 62 28 122054 217
1248 A 884226 766946 30 5 104 116780 44 13 46 258
1249 A 885291 769692 24 5 98 115065 44 22 41 300
1250 A 883408 769744 42 20 75 112327 56 52 42 1050
1251 C 883710 70 61 772729 12 78 26 110454 19 261
1252 C 887812 110 59 774659 13 59 70 112575 11 256
1253 T 890656 60 778444 171 3 23 111507 54 52 342
1254 C 890201 149 51 779905 31 52 35 109687 13 278
1255 C 892523 121 82 778904 39 111 19 112918 25 304
1256 C 893688 155 93 780242 32 111 30 112710 57 258
1257 A 894064 780634 39 2 60 113008 18 15 49 239
1258 T 891943 37 782304 87 2 31 109149 20 14 299
1259 T 891717 32 785577 85 2 18 105642 29 10 322
1260 T 892205 81 787327 186 4 24 104214 45 40 284
1261 G 889008 117 166 56 791314 43 74 41 96935 262
1262 A 887604 789728 94 7 175 97235 23 9 37 296
1263 C 889054 109 142 790783 36 57 25 97642 13 247
1264 A 894276 793663 22 8 102 100127 19 26 20 289
1265 A 894522 793593 50 5 77 100409 40 16 17 315
1266 A 894062 795011 40 14 90 98463 33 21 36 354
1267 C 893584 84 57 793563 18 30 26 99503 19 284
1268 C 892502 157 80 793070 21 71 33 98833 11 226
1269 A 889900 791333 40 2 66 98147 24 8 33 247
1270 A 887235 791129 47 4 82 95428 18 14 32 481
1271 C 884146 83 68 791134 18 24 19 92542 25 233
1272 C 884606 147 77 792818 16 76 16 91198 22 236
1273 A 884793 794186 58 1 75 90171 16 20 23 243
1274 T 882021 73 792307 99 0 15 89153 28 13 333
1275 C 880511 205 59 794443 54 56 18 85451 15 210
1276 A 881636 793187 55 2 124 87999 18 4 17 230
1277 T 877532 72 790090 85 3 17 86980 22 9 254
1278 G 873143 151 127 34 787500 26 50 12 84977 266
1279 G 871076 132 135 34 787587 31 31 13 82862 251
1280 C 868891 185 172 786135 41 44 41 82002 33 238
1281 A 863819 781750 26 7 172 81564 14 6 30 250
1282 G 856379 139 143 33 777077 23 36 12 78724 192
1283 C 852237 186 119 774425 25 41 21 77158 30 232
1284 A 847891 772779 57 5 89 74672 23 2 12 252
1285 T 844348 44 767932 96 4 12 75952 12 6 290
1286 T 841624 68 765253 78 4 33 75887 15 10 276
1287 C 837992 163 85 761953 30 48 11 75438 20 244
1288 A 836838 758857 78 7 108 77353 28 14 17 376
1289 C 831701 131 67 753332 17 41 21 77866 18 208
1290 T 829848 43 749777 144 4 26 79577 22 12 243
1291 G 824497 115 121 25 744638 27 39 11 79252 269
1292 G 816912 88 97 34 738743 26 28 19 77628 249
1293 G 812803 109 131 35 734513 36 30 6 77714 229
1294 A 808146 729941 43 2 90 77679 18 9 23 341
1295 A 804339 727071 55 1 86 76857 17 4 20 228
1296 T 798983 31 723106 74 4 28 75488 23 15 214
1297 A 794657 719734 85 1 118 74321 20 9 115 254
1298 C 792065 132 141 717448 18 47 32 74017 14 216
1299 A 787958 714969 53 22 237 72285 120 5 34 233
1300 G 778762 44 188 42 705929 17 44 15 72263 220
1301 A 777414 702983 49 8 125 73848 32 99 32 238
1302 G 773087 80 145 23 699321 20 46 98 73121 233
1303 G 767261 66 93 21 694748 118 32 9 71929 245
1304 G 761262 120 126 39 689587 32 84 6 71047 221
1305 A 756147 682959 54 1 133 72658 10 10 86 236
1306 A 748450 674662 54 5 111 73362 17 4 23 212
1307 G 743338 80 147 34 668818 34 57 6 73955 207
1308 A 739908 663630 41 6 81 75898 12 5 37 198
1309 A 735940 656228 60 4 96 79243 15 12 32 250
1310 C 730122 99 64 648900 15 39 24 80747 13 221
1311 A 724466 642239 56 3 80 81865 11 8 31 173
1312 T 719794 48 636475 57 2 9 82950 26 14 213
1313 C 714640 147 57 631417 25 73 13 82727 23 158
1314 A 708882 627275 44 5 254 81067 10 5 44 178
1315 G 700417 50 139 32 621527 19 32 11 78430 177
1316 A 695459 617540 65 4 69 77531 15 6 19 210
1317 C 688871 102 61 610872 20 49 16 77544 32 175
1318 A 683525 604788 40 6 96 78354 16 10 29 186
1319 T 677299 32 599044 70 4 18 77932 15 12 172
1320 G 668181 83 127 36 593115 31 30 11 74607 141
1321 A 660003 587092 51 4 131 72495 19 10 36 165
1322 G 654052 53 143 20 580957 11 56 14 72641 157
1323 G 647785 67 75 10 576313 43 25 9 71055 188
1324 G 640872 102 105 25 570305 25 25 21 70076 188
1325 C 635705 122 94 565543 28 50 44 69649 8 167
1326 A 628269 558085 40 7 130 69733 33 6 43 192
1327 G 623117 35 104 25 552677 42 26 9 70052 147
1328 A 619035 548862 22 4 56 69841 13 8 37 192
1329 A 613967 544677 30 2 73 68948 21 6 19 191
1330 A 609002 539318 21 3 45 69377 32 13 12 181
1331 T 604468 27 533938 46 9 13 70199 16 11 209
1332 T 597902 10 528321 35 1 20 69333 12 17 153
1333 A 591389 521644 45 0 41 69473 24 6 15 141
1334 T 585883 34 514710 36 6 22 70895 26 5 149
1335 A 579556 508034 13 3 83 71217 6 6 21 173
1336 A 575408 500772 34 13 91 74302 12 6 27 151
1337 G 568467 36 98 18 492796 22 45 6 75308 138
1338 G 561995 29 90 22 487406 41 19 13 74252 123
1339 A 555744 481586 36 2 53 73883 14 8 13 149
1340 T 550303 40 476500 61 4 10 73501 19 14 154
1341 G 543488 44 97 29 470915 24 31 15 72235 98
1342 A 535823 464365 43 1 69 71178 17 5 22 123
1343 T 527754 67 457583 53 0 18 69877 13 6 137
1344 G 522014 72 79 13 450689 44 28 11 70949 129
1345 G 513993 38 64 17 442682 48 51 9 70965 119
1346 A 503782 433752 32 2 80 69717 33 7 25 134
1347 A 497838 427380 24 5 62 70171 13 26 24 133
1348 G 490974 40 83 24 420462 10 55 13 70172 115
1349 G 486049 48 48 11 414702 25 38 7 71073 97
1350 T 480060 39 407975 96 6 81 70820 73 147 823
1351 G 472610 223 99 18 401605 57 25 31 70460 92
1352 C 464326 66 161 393967 16 53 31 69924 16 92
1353 A 455358 384413 9 2 62 70704 23 6 23 116
1354 A 448019 375689 7 0 46 72123 8 11 18 117
1355 A 440975 367352 12 3 42 73398 12 6 14 136
1356 A 432332 359516 26 4 45 72465 10 41 12 213
1357 C 426999 35 26 357004 2 27 14 69785 16 90
1358 C 418857 52 30 347010 6 96 11 71515 16 121
1359 A 411319 335293 32 2 56 75774 15 4 50 93
1360 G 405540 21 93 18 329960 51 21 6 75298 72
1361 A 400538 326942 15 2 39 73423 2 10 24 81
1362 A 393807 316305 21 0 41 77293 6 6 46 89
1363 G 385381 32 67 20 307546 41 27 4 77572 72
1364 A 377335 297987 18 0 34 79180 12 8 14 82
1365 A 371266 286049 31 3 30 85006 15 9 29 94
1366 A 365799 277175 10 0 32 88467 25 4 23 63
1367 T 359950 18 268700 30 1 21 91052 14 30 84
1368 G 352804 44 36 3 261317 25 27 16 91276 60
1369 T 345206 29 255392 48 2 42 89547 26 26 94
1370 C 339283 41 20 250252 15 48 28 88790 21 68
1371 C 333520 23 80 244683 4 85 55 88505 26 59
1372 T 330932 27 238373 48 5 110 92253 35 20 61
1373 T 323761 41 234521 49 1 70 88986 28 10 55
1374 C 315630 51 22 230558 10 68 35 84794 16 76
1375 C 309934 79 35 227260 19 169 38 82243 29 62
1376 A 302597 221403 25 10 130 80861 26 21 60 61
1377 G 293404 27 58 14 217134 37 42 10 76031 51
1378 G 286249 2 2 0 213096 23 40 17 73006 63
1379 G 277866 28 34 15 207451 37 31 8 70189 73
1380 G 268493 25 84 9 202139 23 49 21 66078 65
1381 C 261174 65 54 197787 15 13 90 63049 45 56
1382 G 256674 68 80 16 195483 52 57 33 60845 40
1383 G 249869 45 58 7 192369 26 44 12 57258 50
1384 G 249102 47 66 19 191237 31 71 12 57540 79
1385 G 244598 37 26 9 189192 57 20 14 55176 67
1386 A 248001 185268 12 0 42 51844 27 29 5297 5482
1387 G 247555 33 24 7 189402 32 47 8 57932 70
1388 T 631899 3 376021 30 4 199 216544 121 12501 26476
1389 C 646506 32 19 418108 3 86 104 227745 127 282
1390 T 656958 27 442481 94 16 69 213828 162 24 257
1391 T 661643 33 439612 52 4 77 221645 83 16 121
1392 C 672157 60 102 444207 34 128 669 226340 32 585
1393 G 683696 77 133 34 452997 135 381 276 228935 728
1394 A 687488 457535 11 0 51 229218 58 32 176 407
1395 G 695484 24 120 6 461302 74 140 84 233463 271
1396 C 706580 74 35 477358 16 101 45 228379 145 427
1397 T 721418 4 501032 69 0 29 219456 241 37 550
1398 C 730790 38 36 502566 8 75 76 227775 26 190
1399 T 741753 19 507662 74 1 39 233520 160 11 267
1400 C 751318 78 130 509323 12 106 361 241133 36 139
1401 G 757751 75 110 17 518923 136 271 237 237673 309
1402 G 760768 48 88 20 527091 33 177 48 232972 291
1403 A 766396 533212 32 1 113 228368 48 26 1207 3389
1404 C 775685 54 121 553551 18 124 292 221274 35 216
1405 G 784535 102 144 32 563901 80 134 61 219943 138
1406 A 791681 571460 34 3 96 219456 39 22 193 378
1407 A 799256 582465 33 0 111 216320 68 26 71 162
1408 A 803459 596035 23 12 111 206885 152 16 61 164
1409 G 802859 253 162 23 601485 1094 158 42 197275 2367
1410 G 802108 87 91 22 615161 58 77 22 186456 134
1411 G 802016 81 133 17 627452 76 71 24 173927 235
1412 C 806495 95 175 641368 26 58 126 162922 590 1135
1413 A 812356 651570 43 14 246 160027 48 50 95 263
1414 G 810994 84 177 29 664177 52 97 86 145791 501
1415 C 815339 107 196 675497 20 56 265 138779 65 354
1416 G 825145 149 160 25 685278 46 116 40 138883 448
1417 A 830459 692380 48 0 61 137376 33 15 165 381
1418 A 833596 700123 53 1 321 132573 72 39 31 383
1419 C 836384 61 93 709944 19 306 42 124756 22 1141
1420 C 841357 88 48 722206 10 69 53 118604 11 268
1421 C 845751 127 111 730700 10 71 130 114413 17 172
1422 G 847406 123 169 20 737833 87 103 285 107484 1302
1423 A 850117 742930 45 3 92 105894 28 64 101 960
1424 T 850791 81 744048 77 4 131 105989 30 28 403
1425 C 852704 123 102 744901 24 67 65 107209 18 195
1426 G 853491 206 117 25 746379 102 40 66 106272 284
1427 T 856043 41 750828 171 6 35 102978 39 279 1666
1428 G 858955 225 186 28 760211 52 79 36 97799 339
1429 C 861109 116 109 761565 27 31 28 98863 87 283
1430 C 863648 81 70 767292 24 32 26 95886 14 223
1431 C 865857 98 308 778087 15 49 16 87161 7 116
1432 T 866901 33 782955 108 4 19 81170 486 16 2110
1433 C 867487 83 45 789086 36 29 26 78039 10 133
1434 T 867363 29 791911 502 16 17 74565 63 7 253
1435 T 867220 22 798719 98 4 8 68160 26 2 181
1436 T 866185 29 802945 74 3 10 62822 17 9 276
1437 T 865471 49 805933 115 4 5 59162 23 6 174
1438 G 863717 113 162 50 803953 18 960 14 53238 5209
1439 A 862134 809752 106 11 131 51601 52 8 28 445
1440 C 860504 122 150 812411 31 25 11 47313 12 429
1441 A 859996 815329 59 9 99 44138 15 8 12 327
1442 T 858857 40 819253 106 8 13 39078 14 8 337
1443 G 858070 97 248 40 823581 22 36 5 33839 202
1444 A 856628 826352 63 3 137 29573 10 0 37 453
1445 G 855498 62 159 26 829696 8 12 4 25440 91
1446 T 854262 87 820203 74 5 33 21553 5 661 11641
1447 A 852971 833342 17 0 95 19360 3 2 4 148
1448 A 851234 834469 45 3 65 16232 3 7 2 408
1449 T 849574 61 834813 88 4 50 14077 3 2 476
1450 G 849033 99 238 64 835630 14 15 5 12808 160
1451 A 847668 835324 90 11 76 11585 4 3 8 567
1452 A 846790 835781 48 8 97 10472 2 0 2 380
1453 G 845883 64 159 26 835699 136 4 1 9442 352
1454 G 845089 52 165 32 835104 7 6 0 9576 147
1455 A 843976 833496 74 3 78 9203 0 1 56 1065
1456 T 842958 51 833335 101 6 17 8950 2 7 489
1457 C 842351 77 57 832949 24 14 2 9011 1 216
1458 T 841721 59 832331 95 12 21 9004 6 2 191
1459 T 840965 12 831780 124 4 15 8726 1 0 303
1460 A 839988 831034 39 1 57 8319 73 0 1 464
1461 T 839197 62 830752 72 0 5 7979 1 1 325
1462 T 838483 37 830409 91 3 1 7707 1 3 231
1463 T 837764 47 829814 99 5 16 7562 1 0 220
1464 C 836635 105 53 826097 35 8 274 6664 2 3397
1465 T 836143 33 828880 156 8 18 6844 4 3 197
1466 T 835183 37 828394 67 0 9 6355 4 2 315
1467 C 834033 145 126 827253 20 19 54 5635 1 780
1468 G 833448 183 159 43 826984 19 4 4 5575 477
1469 G 832646 45 167 31 826925 3 6 2 5327 140
1470 A 832020 824610 71 3 170 5082 4 0 98 1982
1471 G 831325 82 153 54 825744 3 2 1 4960 326
1472 A 830772 825317 88 6 125 4712 2 1 17 504
1473 C 830350 92 102 825240 29 7 2 4706 6 166
1474 A 829867 824839 43 8 115 4670 0 3 2 187
1475 A 829091 824223 53 1 79 4409 0 2 1 323
1476 T 828414 60 822621 108 0 30 4141 2 0 1452
1477 G 827977 133 223 44 822852 1 8 0 4134 582
1478 C 827345 151 195 822637 34 5 2 4000 7 314
1479 A 826812 822221 78 20 211 3811 2 1 0 468
1480 G 826315 55 208 57 822121 6 0 0 3694 174
1481 A 825685 821694 64 6 113 3551 0 0 5 252
1482 G 825070 88 167 33 821097 1 1 0 3475 208
1483 G 824415 39 140 43 820393 1 2 0 3345 452
1484 A 823618 818550 35 3 120 3111 0 0 45 1754
1485 G 822734 86 131 28 819333 0 1 0 2967 188
1486 T 822080 49 787904 111 5 4 2543 1 254 31209
1487 A 821627 818330 63 5 135 2779 1 0 1 313
1488 C 820649 101 185 817199 31 7 1 2622 1 502
1489 G 817626 166 159 45 814406 4 0 1 2487 358
1490 A 812997 809891 120 6 166 2359 0 1 1 453
1491 C 811596 81 106 808751 33 10 0 2308 4 303
1492 A 808233 805645 64 3 100 2216 1 0 6 198
1493 A 804400 801978 48 4 77 2082 2 0 4 205
1494 T 801032 48 798207 68 4 10 2005 4 1 685