site,abs_diffsel,positive_diffsel,negative_diffsel
51,18.5390081825,0.522680781677,-18.0163274008
283,16.7499892462,0.0770511645723,-16.6729380816
12,12.3068445284,0.314204394019,-11.9926401344
466,11.3920316523,0.703147169758,-10.6888844825
23,11.359519995,0.427582729478,-10.9319372655
44,11.3471529151,4.41029888201,-6.93685403307
28,11.1063270342,1.05012070405,-10.0562063301
81,10.7818870805,1.02688778124,-9.75499929928
83,10.6479601104,0.893722552978,-9.75423755744
4,10.2113733846,0.360598296163,-9.85077508847
84,9.99917773876,4.28021559719,-5.71896214157
89,9.83910014726,0.192954613021,-9.64614553424
459,9.51133512336,1.3073502087,-8.20398491466
434,9.2712798861,1.37668633371,-7.8945935524
85,9.21480189472,2.43754717176,-6.77725472295
409,9.19700958641,2.19442518079,-7.00258440563
202,9.17556660014,2.53132302409,-6.64424357605
438,9.09839740634,5.95316051341,-3.14523689292
308,9.09806781044,2.6349979809,-6.46306982954
309,9.06779801061,0.986529757579,-8.08126825303
41,9.03833611055,3.12485376475,-5.9134823458
430,9.03447278402,3.72703156676,-5.30744121726
424,8.97939771704,0.77483237467,-8.20456534237
364,8.85288573705,4.23277914926,-4.62010658779
446,8.82746556443,1.71562896098,-7.11183660345
59,8.79795682357,1.34938607982,-7.44857074375
401,8.77723520946,4.30831556174,-4.46891964772
80,8.70861783914,1.11430517698,-7.59431266215
205,8.54618770394,2.51468495266,-6.03150275128
18,8.54069930827,0.287760972465,-8.25293833581
86,8.508395271,1.54849816047,-6.95989711053
21,8.47050571821,1.29197221631,-7.1785335019
432,8.42948461601,2.94215984387,-5.48732477214
105,8.40271181608,0.802240275851,-7.60047154023
17,8.33922218855,0.389828863247,-7.9493933253
101,8.33402215299,0.7695676642,-7.56445448879
433,8.31600945911,2.00686569843,-6.30914376068
73,8.30600912558,4.82435296956,-3.48165615602
454,8.24385644892,6.19017374993,-2.05368269899
63,8.19487878401,1.03321951746,-7.16165926655
294,8.19304464933,0.479104366811,-7.71394028252
427,8.15352613354,4.9545235733,-3.19900256024
111,8.14177430807,3.92966266156,-4.21211164651
323,8.1363487657,1.24713828842,-6.88921047728
319,8.07422165217,1.28463618432,-6.78958546785
440,8.07359290389,2.16949089431,-5.90410200958
50,8.06361782041,0.388457157902,-7.67516066251
77,8.05344866854,1.4193684118,-6.63408025674
417,8.02303226817,3.30121897134,-4.72181329683
181,8.00093850905,1.99821011913,-6.00272838992
350,7.98295215276,0.810804413203,-7.17214773955
423,7.87303904713,1.99350299056,-5.87953605657
442,7.80842164432,1.65449183938,-6.15392980494
450,7.7786513263,0.33580122552,-7.44285010078
129,7.77680076211,0.618463102209,-7.1583376599
399,7.75892029914,4.04854597005,-3.71037432909
90,7.67428319314,1.79002351514,-5.884259678
485,7.62183231158,1.86516642635,-5.75666588523
480,7.61676028523,2.15582408891,-5.46093619633
233,7.5262644764,4.90377886775,-2.62248560865
211,7.5185781315,5.3457783541,-2.1727997774
376,7.42413346747,4.16319927014,-3.26093419733
14,7.41556747506,0.675517156526,-6.74005031854
318,7.38372306965,1.7766017589,-5.60712131075
398,7.36471413127,1.99761092485,-5.36710320642
422,7.3576586038,1.36610518583,-5.99155341796
455,7.32717271169,4.78402036327,-2.54315234842
469,7.31993473801,1.46119653242,-5.85873820559
368,7.29588465938,2.56055689549,-4.7353277639
428,7.28534200137,1.74815320032,-5.53718880105
397,7.27524329381,2.24682383936,-5.02841945445
403,7.25035205795,0.344251399382,-6.90610065857
25,7.24183876028,0.345425952309,-6.89641280797
10,7.20148502843,1.89861594242,-5.30286908601
479,7.19662017282,1.42941971592,-5.7672004569
311,7.18611625228,2.71081153141,-4.47530472087
370,7.18368233745,1.96410314495,-5.2195791925
34,7.13640093306,1.26592583051,-5.87047510255
451,7.09128814394,4.3846995085,-2.70658863544
164,6.9851206195,3.9108125395,-3.07430808
420,6.95573327957,2.3882302125,-4.56750306707
127,6.94544486822,2.06587288256,-4.87957198566
377,6.7733702316,2.76672184845,-4.00664838315
102,6.71723804964,5.28587435886,-1.43136369078
431,6.71200330872,2.18246104216,-4.52954226656
243,6.70496839509,2.65838285995,-4.04658553514
382,6.69199997564,0.526139836668,-6.16586013897
82,6.6675176796,2.00309312501,-4.66442455459
3,6.65355938103,0.939602557587,-5.71395682344
464,6.63275006442,0.434942244085,-6.19780782034
467,6.57878931571,1.65024535791,-4.9285439578
49,6.44908101664,0.87266826977,-5.57641274687
384,6.39671211822,1.14443272557,-5.25227939264
415,6.34783370338,3.28494224146,-3.06289146191
310,6.3160035114,0.928906313476,-5.38709719793
155,6.30355161187,1.16502357478,-5.13852803709
456,6.25526707434,3.16874780602,-3.08651926832
237,6.2073118571,2.890396668,-3.31691518909
373,6.20274998823,0.409574388749,-5.79317559948
186,6.18140760694,1.34748209687,-4.83392551006
128,6.17386667806,1.06010188178,-5.11376479628
378,6.15605000542,0.0564083280414,-6.09964167738
98,6.13238355871,1.25219629393,-4.88018726478
301,6.1105462801,2.92529072852,-3.18525555158
122,6.0543930833,1.60567635648,-4.44871672682
473,6.02954774721,1.07855346488,-4.95099428232
201,6.01265715047,0.977155060464,-5.03550209001
484,5.99146084201,2.95878508561,-3.03267575641
321,5.9609422298,3.0934886509,-2.8674535789
402,5.94648989368,3.99522860358,-1.9512612901
322,5.94002894372,1.80305417448,-4.13697476924
353,5.92166217315,0.564586025265,-5.35707614788
125,5.87716380461,0.678746682131,-5.19841712248
27,5.86369920165,0.478678282589,-5.38502091906
231,5.85917257326,1.30417568228,-4.55499689098
191,5.79354655183,1.76579434101,-4.02775221083
48,5.7511945178,0.151262772394,-5.59993174541
54,5.74228232679,2.12669327737,-3.61558904942
103,5.69212068918,0.891935603158,-4.80018508603
100,5.69141108672,1.13053625343,-4.56087483329
52,5.68480406614,3.22216250265,-2.46264156349
345,5.64813710529,1.82318838012,-3.82494872517
232,5.59234631325,3.8689297374,-1.72341657585
24,5.57579945528,0.510635794289,-5.06516366099
444,5.57344099004,0.798373400495,-4.77506758954
114,5.55973134291,0.886599945951,-4.67313139696
196,5.53798048312,0.664743725918,-4.87323675721
426,5.53715934527,0.539543320554,-4.99761602471
411,5.52111321994,0.434221939296,-5.08689128064
495,5.51695496968,1.81660132297,-3.70035364671
22,5.51448342604,2.43772895469,-3.07675447135
108,5.50404420406,2.8893833946,-2.61466080946
214,5.45394464556,1.76962528651,-3.68431935905
162,5.45029816406,1.74493181356,-3.7053663505
447,5.45028444563,2.70568084018,-2.74460360545
130,5.4405951155,0.668262814413,-4.77233230109
452,5.424581752,0.956933262637,-4.46764848936
305,5.39479802905,2.15369954248,-3.24109848657
418,5.36768854227,3.12672437784,-2.24096416442
61,5.30123359557,0.898401032933,-4.40283256264
193,5.27861549032,1.71403460799,-3.56458088233
157,5.25155258212,1.93429329358,-3.31725928854
76,5.24696940062,0.522013241074,-4.72495615955
56,5.20879970223,0.51278232827,-4.69601737396
481,5.20242731112,2.41621075564,-2.78621655547
222,5.19882473903,3.42109661874,-1.77772812029
498,5.18456704753,1.76527591344,-3.41929113409
413,5.16098616642,0.781465151056,-4.37952101536
421,5.13498917208,3.05583132046,-2.07915785162
15,5.13149181478,0.0718712672363,-5.05962054754
88,5.05102501182,1.88409861541,-3.16692639641
292,5.04554600551,0.463652471911,-4.5818935336
234,5.03850051192,3.33334946056,-1.70515105137
496,5.02832197013,2.02690307669,-3.00141889344
316,4.99336165645,1.9166924367,-3.07666921975
302,4.97838443901,0.627411510986,-4.35097292802
304,4.93489484059,2.18407748265,-2.75081735794
165,4.93321564422,1.68980383695,-3.24341180727
173,4.90848627486,0.604129238746,-4.30435703612
497,4.8603184108,3.13693044011,-1.72338797069
385,4.8510095537,1.26446261925,-3.58654693445
354,4.84784149176,2.66301254377,-2.18482894799
264,4.83392783594,2.40225264753,-2.43167518841
112,4.81943124158,1.46797677988,-3.3514544617
346,4.78110754875,1.06805563891,-3.71305190984
217,4.78092976391,2.21411083869,-2.56681892522
379,4.75526125517,3.76754462425,-0.987716630917
396,4.75369880531,1.50579993772,-3.24789886759
371,4.75247645578,0.712254789195,-4.04022166659
194,4.70053943326,1.18656361851,-3.51397581475
45,4.66908509582,0.441577132337,-4.22750796348
163,4.66899731166,1.34407233866,-3.32492497299
117,4.64702342615,1.75279527861,-2.89422814754
39,4.61582331818,1.46982719034,-3.14599612783
121,4.60369054885,1.03745530094,-3.5662352479
161,4.59689319532,2.14516022584,-2.45173296948
381,4.58885845357,1.69934566761,-2.88951278596
118,4.56531700595,0.0467320373306,-4.51858496862
414,4.55425720097,1.75411785823,-2.80013934274
437,4.5499530615,2.0174130289,-2.5325400326
334,4.54388185699,0.907436779836,-3.63644507715
131,4.52491223409,1.29357395017,-3.23133828392
239,4.51846356844,0.741550926034,-3.77691264241
419,4.51242717612,0.117130351736,-4.39529682439
246,4.50301839402,0.35075685973,-4.15226153428
335,4.455674415,1.75664559471,-2.69902882029
313,4.39402127151,1.05299220339,-3.34102906813
168,4.38418310025,1.12210643998,-3.26207666027
250,4.36435323507,1.71305013974,-2.65130309533
71,4.35875797066,0.546441885031,-3.81231608563
74,4.35870665305,0.713919317494,-3.64478733555
91,4.33502896062,0.827147071758,-3.50788188886
184,4.30238059202,1.05472954897,-3.24765104305
182,4.28453707918,2.24343466318,-2.041102416
189,4.26297142011,0.901753554469,-3.36121786565
333,4.24576638465,1.30000432655,-2.9457620581
359,4.24216485311,2.34856365894,-1.89360119417
238,4.23215074095,1.21061897089,-3.02153177006
183,4.23078940908,1.32718511045,-2.90360429862
453,4.15955516234,1.61977385205,-2.53978131029
247,4.14407303351,0.584929245817,-3.55914378769
178,4.13246414862,1.8427494373,-2.28971471132
104,4.12125078656,0.856041132676,-3.26520965388
375,4.11174842823,0.316843453172,-3.79490497506
68,4.06166828776,0.126483117445,-3.93518517032
153,4.05970656574,1.53177347639,-2.52793308936
55,4.05338039041,0.34317795293,-3.71020243748
144,4.04478451056,1.50649743317,-2.5382870774
159,4.03991863267,2.40428074567,-1.63563788701
493,4.01973012711,0.59109254877,-3.42863757834
408,4.0172336819,0.779520712161,-3.23771296974
60,4.00300665781,0.446319902257,-3.55668675555
439,3.98960251859,0.596948228247,-3.39265429034
5,3.98142385826,0.0,-3.98142385826
169,3.97914742467,0.885370496298,-3.09377692837
245,3.97789182838,0.601664240356,-3.37622758802
367,3.96864879837,0.531076024468,-3.4375727739
197,3.96576622085,2.03333102148,-1.93243519937
123,3.96528634814,0.393613566576,-3.57167278156
190,3.95469808512,0.291820472273,-3.66287761285
307,3.93851593257,2.0752242789,-1.86329165367
79,3.93600882255,0.962331545017,-2.97367727753
215,3.9135555,1.70057334225,-2.21298215775
406,3.90795903909,1.40642386083,-2.50153517826
492,3.90232226249,1.32468587426,-2.57763638822
293,3.8999686289,0.42970164001,-3.47026698889
483,3.88192327569,2.47798654299,-1.4039367327
166,3.87298411705,0.761391084121,-3.11159303293
99,3.85635509644,1.98398533843,-1.87236975801
29,3.83932868985,0.512710864533,-3.32661782532
242,3.81496582221,1.36022982957,-2.45473599264
314,3.8145001181,0.831112560185,-2.98338755792
491,3.81340251132,0.66972727159,-3.14367523973
460,3.79389871884,1.70929186559,-2.08460685325
395,3.79032930448,0.114166391719,-3.67616291276
176,3.78339194343,0.637146439033,-3.1462455044
400,3.7798967618,1.57562112987,-2.20427563193
46,3.76719326896,0.753886924759,-3.0133063442
126,3.74514778895,1.15576848372,-2.58937930523
109,3.73666840346,0.745965152283,-2.99070325118
404,3.71938483962,0.230019977159,-3.48936486246
160,3.70906437555,0.424407039054,-3.2846573365
363,3.69996502115,1.27931644664,-2.42064857451
185,3.68981450071,0.429785193222,-3.26002930748
95,3.67508276887,0.512852879353,-3.16222988952
58,3.66193457264,0.560728341476,-3.10120623116
134,3.66053405889,0.44023038966,-3.22030366923
9,3.64749809655,0.743734281971,-2.90376381458
228,3.64118145874,1.21120243755,-2.42997902119
158,3.62500207923,0.930105595264,-2.69489648397
75,3.61990262877,1.40461823276,-2.21528439601
124,3.61747806573,1.65075326973,-1.966724796
478,3.61518789908,0.381824866722,-3.23336303235
315,3.60205896503,0.675428941262,-2.92663002377
436,3.58269240244,1.05288559003,-2.52980681241
383,3.56705392391,1.20570118212,-2.36135274179
463,3.54735379778,0.76326444849,-2.78408934929
38,3.54704891079,0.367557096688,-3.17949181411
312,3.53620740095,0.914966933255,-2.6212404677
265,3.53513770437,1.58341775017,-1.9517199542
290,3.5264695509,1.68362496613,-1.84284458477
472,3.48965590429,0.503401896304,-2.98625400799
62,3.48063811172,0.540515427427,-2.94012268429
457,3.46215201456,0.592435111007,-2.86971690355
410,3.46081525533,1.00805845389,-2.45275680143
380,3.45833166435,1.52316204001,-1.93516962434
154,3.45812497383,0.717428246644,-2.74069672719
475,3.45122263425,0.21951446601,-3.23170816824
328,3.44731360115,0.0265876757382,-3.42072592541
331,3.4452468062,0.727854106927,-2.71739269927
156,3.44331698757,1.17704032544,-2.26627666213
142,3.39281176986,1.83173205083,-1.56107971903
116,3.3874013623,1.3723008067,-2.0151005556
259,3.38575043382,1.204568805,-2.18118162882
257,3.37804873929,0.662225276271,-2.71582346302
57,3.37775800755,1.25082011873,-2.12693788882
31,3.36703993533,0.962371631779,-2.40466830355
149,3.35027924384,2.69683693119,-0.653442312652
306,3.34690739846,1.58314354267,-1.76376385579
248,3.33756740596,0.511860931758,-2.8257064742
40,3.33536849991,0.608960200971,-2.72640829894
225,3.32188257284,1.3514665527,-1.97041602014
337,3.31006084876,1.26935822311,-2.04070262565
64,3.29327580255,1.12320309338,-2.17007270918
66,3.29169003665,0.390649135858,-2.9010409008
213,3.27128539168,0.728409223833,-2.54287616785
445,3.26931896564,0.709557273639,-2.559761692
70,3.25951691621,0.593938654291,-2.66557826192
342,3.2459584022,1.09348624936,-2.15247215284
284,3.21688825378,0.516386909844,-2.70050134394
47,3.19913263096,0.501639072191,-2.69749355877
136,3.190336543,0.523940931334,-2.66639561166
289,3.17278471434,0.354514606778,-2.81827010756
412,3.17223576133,2.09136675929,-1.08086900204
256,3.17010906601,0.349719837723,-2.82038922829
141,3.16636983302,1.56790220564,-1.59846762737
392,3.16227142535,0.450987051808,-2.71128437354
344,3.14852550835,0.798809859338,-2.34971564902
110,3.14695336301,0.694757138407,-2.45219622461
188,3.14276792856,1.44242649263,-1.70034143593
26,3.11607672337,0.252655226785,-2.86342149659
207,3.09998437888,1.39043024583,-1.70955413305
329,3.08307155222,0.355492786669,-2.72757876555
351,3.08306685097,0.2180147125,-2.86505213846
107,3.0820573949,0.585558590075,-2.49649880482
53,3.03700754816,0.536311560861,-2.5006959873
286,3.03448238977,0.433973717128,-2.60050867265
97,3.03303083951,1.6526675144,-1.38036332512
200,3.02897941961,0.840633033602,-2.188346386
407,2.99164366795,1.45617288546,-1.53547078249
78,2.98840713266,1.27154850697,-1.7168586257
96,2.97529777068,0.613087776931,-2.36220999375
390,2.95902729709,1.25221647874,-1.70681081835
317,2.94525382061,1.19018685779,-1.75506696282
206,2.91466077709,0.220552371504,-2.69410840558
198,2.91293211577,0.591204078871,-2.3217280369
172,2.906950073,0.780019992148,-2.12693008085
106,2.90240352271,0.182333789212,-2.7200697335
389,2.88551359972,1.35263206731,-1.53288153241
174,2.87659621571,0.811927535584,-2.06466868013
303,2.8673149329,0.210775544301,-2.6565393886
336,2.86490085351,1.31917099279,-1.54572986072
324,2.85720271662,0.61897588485,-2.23822683177
203,2.84633204235,0.25927362309,-2.58705841926
20,2.82261774189,0.374820140806,-2.44779760108
405,2.81771553624,0.0530901426343,-2.7646253936
92,2.81626146344,1.48412183504,-1.3321396284
449,2.81359295955,1.1608405437,-1.65275241585
240,2.79293062805,1.05222688436,-1.74070374369
69,2.7868192129,1.02926735787,-1.75755185503
67,2.75483967679,0.583171069868,-2.17166860692
11,2.74839599408,0.315283428472,-2.43311256561
266,2.71950352371,0.855708764934,-1.86379475878
388,2.70102947182,0.478720079012,-2.2223093928
252,2.66997716242,1.13095837139,-1.53901879102
268,2.66400282824,1.59350593574,-1.0704968925
133,2.66099356162,1.88026659345,-0.780726968173
195,2.64093417571,1.41087469095,-1.23005948476
340,2.63530740071,1.1021200518,-1.53318734891
115,2.63254849029,1.21172823428,-1.42082025601
72,2.61706229542,0.719276592231,-1.89778570319
429,2.61105219762,1.39794581867,-1.21310637894
338,2.58140959487,1.47460377068,-1.10680582419
230,2.57556134153,1.34307123302,-1.23249010851
355,2.57537105633,0.630391796741,-1.94497925959
443,2.53453553632,0.947386628955,-1.58714890737
87,2.5304150438,1.64883822514,-0.881576818653
216,2.49182019639,0.430630566781,-2.06118962961
277,2.48879863,1.30220746671,-1.18659116329
270,2.47533305938,0.398753513055,-2.07657954632
119,2.46259027496,0.695358130937,-1.76723214402
36,2.45953654682,0.96950661819,-1.49002992863
357,2.45588170387,0.689783390811,-1.76609831305
199,2.43491553357,1.31095162997,-1.1239639036
42,2.43421740048,1.33949826077,-1.09471913971
372,2.41937622991,0.78668126286,-1.63269496705
369,2.41158224875,0.0631404278784,-2.34844182088
386,2.39250700791,0.361261840213,-2.0312451677
192,2.39132636326,1.04746736941,-1.34385899385
285,2.38240148578,1.55994890789,-0.822452577896
19,2.37890112438,0.633088212311,-1.74581291207
13,2.37646248895,0.866415449968,-1.51004703898
360,2.36839006758,0.890149392642,-1.47824067494
16,2.36203192579,0.742226242149,-1.61980568364
352,2.34790077835,0.679719642648,-1.6681811357
258,2.33711255018,0.270008302628,-2.06710424755
35,2.31913521403,0.30342545579,-2.01570975824
143,2.31577688626,1.53709683397,-0.778680052294
227,2.31169162796,1.20146384345,-1.11022778451
253,2.30609217687,0.719061020136,-1.58703115674
138,2.30023585736,0.240456030549,-2.05977982682
167,2.29357062199,0.544287271359,-1.74928335063
113,2.28405334494,0.883631934389,-1.40042141055
244,2.2728110239,0.115292289754,-2.15751873415
330,2.26522016511,0.339071683402,-1.92614848171
132,2.25995875861,1.31647645077,-0.94348230784
32,2.25969259233,0.717832965518,-1.54185962681
219,2.25556117431,0.633889636438,-1.62167153787
236,2.24790437963,0.413283567791,-1.83462081184
223,2.24057754253,0.46306106154,-1.77751648098
365,2.22626491559,0.0110041834167,-2.21526073217
187,2.21496176343,1.09050142789,-1.12446033554
33,2.21173562811,0.915479528198,-1.29625609991
263,2.18864482795,0.407474322881,-1.78117050507
151,2.18219690528,0.184652204664,-1.99754470061
374,2.17923792041,0.42540170528,-1.75383621513
210,2.17109799297,0.426420056969,-1.74467793601
224,2.16150243698,0.674251412714,-1.48725102427
30,2.16117848633,0.118065945485,-2.04311254084
140,2.15976240123,0.955221865253,-1.20454053598
93,2.15402929354,0.299756736867,-1.85427255667
393,2.15140605598,0.220463917175,-1.93094213881
425,2.14877280373,0.904529476603,-1.24424332712
171,2.14718577373,0.592225107233,-1.5549606665
474,2.11313119832,0.587388166223,-1.5257430321
271,2.10860006934,1.03461363729,-1.07398643206
226,2.09039938484,1.14878092498,-0.941618459861
170,2.09025799399,0.881985803034,-1.20827219096
494,2.08893016459,1.09973148176,-0.989198682829
332,2.08725403577,0.598123973561,-1.48913006221
356,2.08182997052,0.189383589491,-1.89244638103
280,2.06214159119,1.0475924292,-1.01454916199
135,2.05800504043,0.182250680175,-1.87575436025
343,2.04891908345,1.03816978059,-1.01074930286
320,2.03137172192,0.767270023749,-1.26410169817
65,2.02012698087,0.0,-2.02012698087
297,2.01641669787,0.88506608928,-1.13135060859
235,2.00841249873,0.800444189722,-1.20796830901
361,2.00726819143,0.733737737137,-1.2735304543
476,1.98895110388,1.33817480164,-0.650776302243
229,1.98734988359,0.21855718924,-1.76879269435
137,1.98510864483,0.694027838281,-1.29108080655
416,1.97317934424,1.54212636786,-0.431052976374
272,1.96862842062,0.868878405518,-1.0997500151
339,1.94823836301,1.10416993689,-0.844068426112
146,1.94238911234,1.07228571484,-0.870103397503
299,1.94116576509,0.846172430988,-1.0949933341
482,1.94105802441,0.537434538996,-1.40362348542
296,1.93479182629,1.1596548808,-0.775136945486
260,1.90816416113,0.841092458375,-1.06707170275
152,1.89023048366,0.375030611456,-1.5151998722
251,1.87859801564,0.352711182359,-1.52588683328
486,1.82455947878,0.538939681243,-1.28561979754
218,1.82396996478,0.0,-1.82396996478
448,1.81917031792,0.844507762226,-0.974662555697
120,1.81750408783,0.453402008896,-1.36410207893
341,1.81631271525,0.877378708656,-0.938934006593
212,1.8140869259,0.69706360617,-1.11702331973
249,1.80910206204,0.170571226356,-1.63853083569
468,1.80206685767,0.895253158186,-0.906813699483
348,1.78960495179,0.592648712209,-1.19695623959
458,1.78228021788,0.0715666996537,-1.71071351822
177,1.78170933074,0.224673697068,-1.55703563368
300,1.77570820706,0.755130341522,-1.02057786554
145,1.76999276246,0.407811579763,-1.36218118269
394,1.73607417024,0.202388623265,-1.53368554697
37,1.69949764534,0.342666406631,-1.35683123871
267,1.69758884708,0.823619867056,-0.873968980019
8,1.68135094195,0.487284543857,-1.19406639809
150,1.6733298409,0.622035147873,-1.05129469303
175,1.67155636096,0.747496758201,-0.924059602758
262,1.66530146159,0.695670337013,-0.969631124575
298,1.66412564722,0.282719005274,-1.38140664195
349,1.6631901516,0.513134421797,-1.1500557298
269,1.65916080217,0.29338851951,-1.36577228266
391,1.65153095179,0.653306230429,-0.99822472136
366,1.6329221625,0.62768231596,-1.00523984654
326,1.63154701913,0.635833458838,-0.995713560288
255,1.62198784563,0.654862492787,-0.96712535284
179,1.61604566647,0.396229732345,-1.21981593412
282,1.61170180325,0.794672323653,-0.817029479595
325,1.61140184134,0.624452391436,-0.986949449899
209,1.58463605882,0.716916503061,-0.867719555755
347,1.57641988759,0.189086837308,-1.38733305028
291,1.55547045729,0.682629902399,-0.872840554889
147,1.52209102176,0.515571731902,-1.00651928985
470,1.52175090171,0.304770779078,-1.21698012264
489,1.51578747314,0.489626801584,-1.02616067156
287,1.50879056213,1.03248371716,-0.476306844965
220,1.49384056981,0.379306503483,-1.11453406632
221,1.49373145315,0.619251408049,-0.874480045098
477,1.45162535807,0.324619019633,-1.12700633844
362,1.45035529376,0.76839726248,-0.681958031278
139,1.4403568779,0.334808645967,-1.10554823194
6,1.43657390058,0.77445860517,-0.662115295408
358,1.41443259577,0.424334035111,-0.990098560654
295,1.40438907263,0.11287144727,-1.29151762536
241,1.38560621328,0.925059474942,-0.460546738334
43,1.37824619791,0.092903526631,-1.28534267128
1,1.36063654518,0.448363864995,-0.912272680183
462,1.35995318287,0.484814366981,-0.87513881589
278,1.33738992633,0.619016705393,-0.71837322094
387,1.33733684128,0.417087920073,-0.920248921205
254,1.33342093773,0.930593869274,-0.402827068452
180,1.31566486404,0.0438004284426,-1.2718644356
441,1.30457196442,0.373307900275,-0.931264064148
327,1.29385140185,0.75047800054,-0.543373401308
487,1.28418202705,0.687857432859,-0.596324594191
148,1.28375988379,0.207398240764,-1.07636164303
275,1.24969132016,0.520406642134,-0.729284678027
94,1.23488483578,0.0,-1.23488483578
288,1.20624173022,0.619245442331,-0.586996287893
7,1.17124753716,0.199771474741,-0.971476062423
471,1.16707330722,0.339622859436,-0.82745044778
208,1.15409524627,0.503909064622,-0.650186181648
281,1.14163968007,0.179078895337,-0.962560784729
488,1.12003815884,0.382607709921,-0.737430448923
204,1.06766037855,0.912296253829,-0.15536412472
273,0.936667151719,0.177198407577,-0.759468744142
2,0.899090862528,0.533002428565,-0.366088433963
279,0.892558504128,0.4347294058,-0.457829098327
435,0.886857726288,0.0,-0.886857726288
465,0.859223660622,0.543526818076,-0.315696842546
461,0.819648349526,0.541728785746,-0.27791956378
261,0.526684942639,0.526684942639,0.0
274,0.451686656823,0.228404266702,-0.223282390121
490,0.434227769202,0.0955335149209,-0.338694254282
276,0.412561170829,0.412561170829,0.0
