site,abs_diffsel,positive_diffsel,negative_diffsel
12,7.4668576378,1.03676581425,-6.43009182354
23,7.44935739697,1.35951648172,-6.08984091525
41,7.11549238068,3.43227384432,-3.68321853637
21,7.06301974056,0.363067635361,-6.6999521052
83,6.99471115098,0.216096320775,-6.7786148302
233,6.93032747036,1.87902763118,-5.05129983918
10,6.89063454213,0.910470834797,-5.98016370733
434,6.75729457107,2.3869898289,-4.37030474217
63,6.66237681482,0.457564953941,-6.20481186088
125,6.62974480894,0.93294869497,-5.69679611397
319,6.62915634948,1.7826075288,-4.84654882069
49,6.49832421946,0.313967794582,-6.18435642488
155,6.46834218399,1.33017929404,-5.13816288994
454,6.42383092379,5.48601128263,-0.937819641163
421,6.38908255431,4.03058978189,-2.35849277241
309,6.33771460523,1.54351820705,-4.79419639819
77,6.3135405466,0.817317858341,-5.49622268826
202,6.27993550342,2.10250341292,-4.1774320905
364,6.26873889923,1.67587137949,-4.59286751974
479,6.25910117705,2.16406590868,-4.09503526838
446,6.23519045749,2.13200951531,-4.10318094218
455,6.1967777212,4.51273944321,-1.68403827799
403,6.08632616873,0.971196071974,-5.11513009676
427,6.06873600572,3.29451743273,-2.77421857299
399,6.01673047089,2.37220692513,-3.64452354576
466,5.9599305811,0.360891679541,-5.59903890156
480,5.95048125809,0.830856229274,-5.11962502882
415,5.8941384679,1.4618163069,-4.43232216099
56,5.86470995481,0.836073215521,-5.02863673929
51,5.8543383022,0.00616762570476,-5.84817067649
398,5.84341341791,1.37258096691,-4.470832451
373,5.81194979842,0.988937217059,-4.82301258136
90,5.78861813299,0.984236628003,-4.80438150499
370,5.74161713073,1.58491085831,-4.15670627242
89,5.72736021556,0.393764528482,-5.33359568707
18,5.70442834031,0.249242321993,-5.45518601831
497,5.68981243857,4.32985295944,-1.35995947913
81,5.67415609812,0.468437096249,-5.20571900187
28,5.66775455226,1.02223650532,-4.64551804694
74,5.65436926615,1.17015882853,-4.48421043763
129,5.63450457559,0.349407770917,-5.28509680467
250,5.60536131367,1.81925151528,-3.7861097984
15,5.55419901891,0.0850494738543,-5.46914954505
423,5.53321806186,1.28878430657,-4.24443375529
52,5.52309424854,1.60309078283,-3.92000346571
447,5.50636109701,2.90444564715,-2.60191544985
417,5.48142345291,4.34671732398,-1.13470612893
302,5.40774579153,1.02658738547,-4.38115840606
301,5.40696727366,1.22858254399,-4.17838472968
50,5.39950392665,0.917299619697,-4.48220430696
346,5.36891261853,1.32082506496,-4.04808755357
467,5.34972169905,1.29327627297,-4.05644542608
384,5.34411119562,1.21728050092,-4.12683069469
318,5.33657213128,1.67374036175,-3.66283176953
428,5.32339695949,1.4696016238,-3.85379533568
432,5.29218373101,1.59934230198,-3.69284142903
433,5.2809837449,2.98556921378,-2.29541453113
323,5.27339699893,2.19623535144,-3.07716164749
217,5.25802503957,1.69809211386,-3.55993292572
469,5.25539244574,0.797082709577,-4.45830973616
44,5.23633258885,1.61435696211,-3.62197562675
334,5.20651978054,1.81363208804,-3.39288769251
76,5.20556143706,0.0567491808155,-5.14881225624
181,5.20028515581,1.81283118617,-3.38745396964
54,5.19593068964,1.89356553454,-3.3023651551
157,5.17671258377,1.36304574069,-3.81366684308
84,5.16214233338,1.9723663715,-3.18977596188
34,5.13991086537,2.23323029336,-2.90668057201
24,5.12935681161,0.66326924093,-4.46608757068
128,5.12816616067,2.72675589094,-2.40141026973
451,5.11967025199,2.32511659053,-2.79455366146
117,5.08557873633,1.18071523815,-3.90486349817
401,5.06043444261,2.69536676171,-2.36506768091
473,4.99193907443,1.64022512009,-3.35171395434
164,4.96540292327,2.42158675709,-2.54381616618
420,4.94267287474,3.38428161917,-1.55839125557
456,4.93694622236,3.11864024339,-1.81830597897
422,4.91794017496,0.32528853997,-4.59265163499
453,4.89664420151,4.16765439439,-0.728989807112
440,4.8945303085,0.836282455517,-4.05824785298
114,4.88356124099,1.709906869,-3.17365437198
424,4.87402211058,1.53150033157,-3.34252177902
86,4.84514963566,0.983760817317,-3.86138881834
481,4.8330826504,3.67966204569,-1.15342060471
409,4.77699096221,1.83114183835,-2.94584912386
111,4.72886369852,1.0219075082,-3.70695619032
289,4.71685487566,1.39179097267,-3.32506390299
438,4.69079089227,2.24701265124,-2.44377824103
431,4.68631376307,2.12788637205,-2.55842739102
307,4.68299196848,1.57588376668,-3.1071082018
173,4.68235217873,0.493522883756,-4.18882929498
498,4.66263605842,1.25830384997,-3.40433220845
426,4.65901018937,1.01671822089,-3.64229196848
191,4.63891988539,0.398461279616,-4.24045860578
4,4.63454123733,1.34379888496,-3.29074235236
163,4.63202706138,0.909548188475,-3.7224788729
310,4.60384546323,1.1357041159,-3.46814134732
308,4.58733457415,2.62528671538,-1.96204785878
495,4.56351453167,0.641693196604,-3.92182133507
294,4.55645732505,1.36513041781,-3.19132690724
238,4.54404462445,0.308812733967,-4.23523189048
183,4.51090488914,2.06973745094,-2.44116743819
121,4.50414935658,0.993048641744,-3.51110071484
189,4.50080946188,1.02265295421,-3.47815650767
126,4.50068898236,1.19382400471,-3.30686497765
205,4.49747955111,1.48789210763,-3.00958744348
25,4.49731002459,0.397381448648,-4.09992857594
127,4.49294700753,1.7845908426,-2.70835616493
61,4.48807754826,0.654003987787,-3.83407356048
492,4.48727954146,1.69086181845,-2.79641772301
17,4.44425390516,1.55559243515,-2.88866147001
73,4.43747761702,2.15971285341,-2.27776476362
122,4.41905400859,2.60514226751,-1.81391174108
3,4.41766330694,2.02971276915,-2.38795053779
196,4.40759989259,0.438462485671,-3.96913740692
385,4.36946777489,0.716206075644,-3.65326169924
130,4.35562861365,1.2070001463,-3.14862846735
315,4.35284572093,0.126351459615,-4.22649426132
142,4.35203833749,2.42598644062,-1.92605189686
178,4.3487910891,0.646332374565,-3.70245871453
14,4.34427527837,0.817473794554,-3.52680148382
457,4.31968929198,2.08854529485,-2.23114399713
100,4.31892011518,2.44009854816,-1.87882156701
101,4.26762341874,0.565681668454,-3.70194175029
237,4.26162898991,0.689523786828,-3.57210520308
102,4.24574492332,2.19862432318,-2.04712060014
103,4.23323915664,1.36987277522,-2.86336638142
154,4.22870689934,1.45076248936,-2.77794440998
397,4.21174605074,1.55197887087,-2.65976717987
62,4.18919779316,0.743253427694,-3.44594436547
331,4.1836057275,0.703742325892,-3.47986340161
80,4.1830869043,0.78100789879,-3.40207900551
85,4.17383852787,0.605875384181,-3.56796314369
450,4.16680836423,1.57805833926,-2.58875002497
322,4.1440291772,0.993703562742,-3.15032561446
442,4.14312012014,1.61751788585,-2.52560223429
464,4.13644412114,0.667112702492,-3.46933141865
485,4.12738526594,2.05456198015,-2.0728232858
414,4.12421489531,1.66652568332,-2.45768921199
350,4.11164859719,1.68325536745,-2.42839322974
264,4.10736514708,1.87103265731,-2.23633248977
377,4.08852815467,0.433408599907,-3.65511955476
59,4.07492367876,0.923638581763,-3.151285097
311,4.07338314156,1.25627537208,-2.81710776948
444,4.06173587234,1.09879463362,-2.96294123871
186,4.03546854257,0.256431644529,-3.77903689805
313,4.02995884861,0.510863565808,-3.5190952828
395,4.02866988188,0.873014258575,-3.15565562331
214,3.96750752784,0.533143685743,-3.43436384209
162,3.92892399119,0.269917057196,-3.65900693399
160,3.92865656512,1.29673175911,-2.63192480601
71,3.90406320903,0.805986761609,-3.09807644743
418,3.89917647953,1.89726141252,-2.00191506701
9,3.89756040035,1.11538758846,-2.78217281188
124,3.89037944525,0.736247539646,-3.15413190561
136,3.87823140217,0.941450397742,-2.93678100443
211,3.87161664358,1.83145727116,-2.04015937242
353,3.84830891004,1.33338161258,-2.51492729745
338,3.83993617014,0.646851506663,-3.19308466348
108,3.83892353006,2.05259835968,-1.78632517038
55,3.82892403571,1.39331384942,-2.43561018629
112,3.80822071768,0.4957539975,-3.31246672018
231,3.80376898846,1.72611970114,-2.07764928732
247,3.80002064708,1.65736425624,-2.14265639085
109,3.79862880008,1.21021781824,-2.58841098185
494,3.79020046876,1.32340300852,-2.46679746023
383,3.78883891394,2.47168694688,-1.31715196706
484,3.78723297281,2.34583643422,-1.44139653859
222,3.78372431514,2.56601113362,-1.21771318152
378,3.77534131416,1.08863833658,-2.68670297758
372,3.76563048642,0.603396054912,-3.16223443151
257,3.764963856,0.584268479991,-3.18069537601
266,3.76097550781,2.10317502523,-1.65780048259
11,3.75246394967,1.28697724151,-2.46548670816
459,3.75088379468,0.470534428516,-3.28034936616
396,3.73588838899,2.24290113877,-1.49298725021
27,3.73472031105,1.00607944342,-2.72864086763
219,3.70258742571,2.58363717273,-1.11895025299
371,3.693588282,0.396211357487,-3.29737692451
22,3.6678593681,1.02524420531,-2.64261516279
192,3.6605161331,1.1610103135,-2.4995058196
240,3.64445095468,1.02901023718,-2.6154407175
368,3.63993107202,0.27233655303,-3.36759451899
496,3.63295565543,1.66817890212,-1.96477675331
376,3.6248331076,1.10463951319,-2.52019359442
193,3.62360041203,1.07844665877,-2.54515375326
248,3.59069445882,0.762629258269,-2.82806520055
333,3.58062068089,0.434606428339,-3.14601425255
119,3.58040885846,2.43793837098,-1.14247048748
256,3.57278239093,0.822413308814,-2.75036908212
359,3.57074665263,2.17896694967,-1.39177970296
283,3.57071143721,2.14439577239,-1.42631566482
215,3.56422928314,1.81346183774,-1.7507674454
305,3.56159170163,1.18873936266,-2.37285233897
293,3.55893455783,0.989653043337,-2.5692815145
104,3.5508830667,0.903088689589,-2.64779437711
78,3.546916526,1.80089759166,-1.74601893434
402,3.54673331006,2.29998340629,-1.24674990376
168,3.54408209893,1.04727332977,-2.49680876916
158,3.54161329986,0.37546099586,-3.166152304
201,3.53787954358,1.05220941414,-2.48567012944
491,3.53753171018,0.735194415518,-2.80233729466
105,3.52663361612,1.00097809901,-2.5256555171
184,3.50725814509,0.999348929176,-2.50790921591
472,3.50145424392,0.874786985712,-2.62666725821
190,3.50093756337,1.34983939092,-2.15109817246
82,3.49489728218,0.829633045378,-2.6652642368
316,3.4920990145,0.348082737069,-3.14401627743
321,3.48154352284,1.45758068124,-2.0239628416
161,3.47053892799,0.960342695308,-2.51019623269
48,3.46145689696,0.400767892105,-3.06068900486
478,3.45638555426,0.888304349226,-2.56808120503
153,3.44912436588,0.984225536582,-2.4648988293
342,3.44904269059,1.89311662113,-1.55592606946
45,3.41667196313,1.05658811948,-2.36008384365
375,3.38078715597,0.439313724953,-2.94147343102
382,3.37862266623,0.902353618269,-2.47626904796
169,3.37520323498,0.531160127566,-2.84404310741
445,3.36546108241,0.713993147438,-2.65146793497
242,3.3631232746,0.749671107439,-2.61345216716
437,3.36132242297,1.27511341227,-2.0862090107
200,3.340454911,0.84967538893,-2.49077952207
131,3.33404107483,0.464980678921,-2.86906039591
140,3.32155664429,1.60708735956,-1.71446928473
39,3.31598619192,0.597559431929,-2.71842675999
336,3.30625251045,0.7297682029,-2.57648430755
123,3.30436246814,0.405254828918,-2.89910763922
144,3.2767202763,0.645137435798,-2.6315828405
88,3.26953661017,1.10409710992,-2.16543950025
165,3.2476432321,1.00861183178,-2.23903140033
46,3.24403536224,0.652004509457,-2.59203085278
419,3.22534866344,0.452879517883,-2.77246914556
197,3.22037784144,2.01036122578,-1.21001661566
317,3.20321099713,0.67458932965,-2.52862166748
244,3.16621918565,0.668661883364,-2.49755730229
98,3.16169096309,1.22111879921,-1.94057216388
374,3.15623784748,0.761285748594,-2.39495209888
58,3.15257038166,0.584760735279,-2.56780964638
367,3.13227134958,1.92381746268,-1.2084538869
234,3.11088084331,1.15159087924,-1.95928996407
68,3.10537532392,0.761374624026,-2.34400069989
259,3.08646516033,1.41954806794,-1.66691709239
329,3.07315602713,0.500373564019,-2.57278246311
97,3.05730615522,1.9559109636,-1.10139519162
225,3.05584162016,2.50487059141,-0.550971028752
335,3.05360651559,0.561444711973,-2.49216180361
53,3.04122468549,0.55688007151,-2.48434461398
26,3.03650597861,0.275655178629,-2.76085079998
40,3.0364769126,0.78300204312,-2.25347486948
337,3.02449295105,1.15132901626,-1.8731639348
381,3.01979098885,0.958457732933,-2.06133325592
29,3.00360116462,1.28612946795,-1.71747169667
292,2.99621791618,0.597786800543,-2.39843111563
245,2.98091486396,1.0238840193,-1.95703084466
156,2.97684612329,0.985544523111,-1.99130160018
206,2.96883138623,0.945409542511,-2.02342184372
430,2.96369297667,1.24148076626,-1.72221221041
70,2.96289730539,0.48437662342,-2.47852068197
410,2.96249251589,1.77177822849,-1.1907142874
228,2.96188161038,1.87285252368,-1.0890290867
185,2.94717350316,0.101273628492,-2.84589987467
57,2.94318746313,0.762913711282,-2.18027375185
390,2.93492863749,1.7640581231,-1.17087051439
243,2.92605227472,0.716785482131,-2.20926679259
460,2.9179081642,1.85426379802,-1.06364436619
195,2.91649260258,0.753392515966,-2.16310008662
365,2.91165309737,0.627268796043,-2.28438430133
306,2.90460719973,0.713676786236,-2.19093041349
176,2.90377273488,1.49706659635,-1.40670613854
246,2.87706386103,0.470421326283,-2.40664253475
91,2.86695105049,0.479274623863,-2.38767642662
312,2.85654482168,1.08620010014,-1.77034472154
75,2.84289119053,0.708843450544,-2.13404773998
483,2.83777688691,0.869789915152,-1.96798697176
413,2.8264335405,0.51909950923,-2.30733403127
354,2.82265997271,0.197368885254,-2.62529108745
107,2.80333135547,1.17575318819,-1.62757816728
347,2.79686116621,0.539638330464,-2.25722283574
170,2.79607785973,0.587004540501,-2.20907331923
171,2.79085692628,0.433225730396,-2.35763119589
297,2.79002187967,1.68518717908,-1.10483470059
425,2.78472386547,0.577276898837,-2.20744696663
16,2.78289797211,0.778000415569,-2.00489755654
449,2.78289678479,0.909414712527,-1.87348207226
411,2.78046666,0.640410927688,-2.14005573232
452,2.76631525978,0.555953037787,-2.210362222
304,2.75224584648,0.698324188846,-2.05392165764
230,2.75001527345,1.51999247024,-1.23002280321
182,2.74358535045,1.38223298971,-1.36135236074
99,2.73503687691,1.06726256336,-1.66777431355
429,2.73099102152,1.09562045908,-1.63537056244
5,2.72845967746,0.0,-2.72845967746
439,2.72303540044,0.512443463121,-2.21059193732
36,2.71989190735,1.42953602675,-1.2903558806
286,2.70771283082,1.67908160817,-1.02863122265
133,2.70759653305,0.625085021272,-2.08251151178
64,2.68398680468,0.926260416325,-1.75772638835
340,2.67075853909,1.23781386446,-1.43294467463
265,2.66954825315,0.914956583813,-1.75459166933
96,2.66236056886,0.935652879347,-1.72670768951
268,2.66200217599,2.15502309309,-0.506979082899
352,2.63120081414,1.02563353398,-1.60556728015
463,2.60513434864,0.7669375824,-1.83819676624
166,2.59698119174,0.332672431412,-2.26430876033
69,2.5907676406,0.905111202611,-1.68565643799
47,2.58815696349,0.658443123002,-1.92971384049
380,2.58805219684,0.470221269042,-2.1178309278
92,2.58258140934,1.29255845214,-1.2900229572
38,2.56228571103,0.868193178129,-1.6940925329
35,2.56063689336,0.926427542234,-1.63420935113
106,2.5566203166,0.59708209354,-1.95953822306
493,2.55605905835,0.37537539615,-2.1806836622
172,2.55330412423,0.250684700791,-2.30261942344
255,2.5490446348,1.65239720807,-0.896647426729
145,2.54339399227,1.4664761115,-1.07691788077
135,2.53987660354,0.328380575218,-2.21149602833
194,2.53366790673,0.289268696088,-2.24439921064
400,2.52255019972,1.40403417284,-1.11851602687
263,2.51864878556,0.882910670024,-1.63573811553
369,2.50876829542,0.00586246266647,-2.50290583276
159,2.50274477334,0.851249348608,-1.65149542473
270,2.49956251256,0.32226947244,-2.17729304012
72,2.49588242906,1.16257092814,-1.33331150092
87,2.49511694277,1.8783792204,-0.616737722366
303,2.49412860329,0.356133178579,-2.13799542471
300,2.49412550365,1.32925754922,-1.16486795443
379,2.49359407187,1.03332261195,-1.46027145992
408,2.46228081032,0.904473371694,-1.55780743863
151,2.45404108656,1.1210655952,-1.33297549136
134,2.44958619614,0.631579907334,-1.81800628881
345,2.44302519201,0.142542366861,-2.30048282515
167,2.43879943652,0.43235485316,-2.00644458336
290,2.42696273565,0.636534657603,-1.79042807805
113,2.42436484514,0.967961592879,-1.45640325227
241,2.41919924703,0.753830093737,-1.66536915329
314,2.41678398374,1.37667792683,-1.0401060569
462,2.4156919712,1.39211192402,-1.02358004718
232,2.41473951761,0.986673730796,-1.42806578681
344,2.41268905639,0.60588992217,-1.80679913422
210,2.41235996677,0.308889697615,-2.10347026916
406,2.38681200624,0.639348927183,-1.74746307906
42,2.36792983302,1.29940121589,-1.06852861712
137,2.35092236498,0.909778499524,-1.44114386545
141,2.348641737,0.656325141157,-1.69231659585
149,2.3485615261,2.07465439612,-0.273907129979
116,2.32414552699,0.0759528297431,-2.24819269725
79,2.29789667582,0.307569730539,-1.99032694528
212,2.28699781036,0.314912407807,-1.97208540255
388,2.28546726377,0.367105800297,-1.91836146348
404,2.26866530851,1.18548191667,-1.08318339184
236,2.26568546902,0.200940797829,-2.06474467119
187,2.26154097373,0.617670319061,-1.64387065467
357,2.25927935248,0.845599969254,-1.41367938323
332,2.25093815808,0.689230618519,-1.56170753956
118,2.24826037434,0.0625974766291,-2.18566289771
330,2.23958276134,0.401436351221,-1.83814641012
66,2.22271912148,0.0,-2.22271912148
343,2.2198156068,1.09685779733,-1.12295780947
487,2.21544667484,1.25576564747,-0.959681027365
249,2.21480934864,0.579401421606,-1.63540792704
393,2.199029518,0.52290536546,-1.67612415254
361,2.19600296919,0.850197568232,-1.34580540096
239,2.19469273508,0.137931732485,-2.05676100259
67,2.18713560566,0.777524866154,-1.4096107395
392,2.18176337493,0.918770629754,-1.26299274518
43,2.1814526857,0.542024135096,-1.6394285506
253,2.17630892838,0.927025671443,-1.24928325693
223,2.17146269858,0.542367022174,-1.62909567641
146,2.16897914399,0.420441062391,-1.7485380816
277,2.16237898044,0.560519884959,-1.60185909548
262,2.1605122284,0.0,-2.1605122284
285,2.15731890277,0.442613357434,-1.71470554534
348,2.15209505842,0.348084043876,-1.80401101454
115,2.13559295081,1.10837110215,-1.02722184866
412,2.1348476033,0.95005180434,-1.18479579896
20,2.13327791966,0.326733773764,-1.80654414589
474,2.13252898954,0.603813815498,-1.52871517404
416,2.13015742815,1.18761071622,-0.942546711931
458,2.12633456591,0.515403180697,-1.61093138521
407,2.12376707378,0.835921922136,-1.28784515165
278,2.10933612333,1.00601263615,-1.10332348718
341,2.10630843103,0.507393314782,-1.59891511624
95,2.09865204831,0.563166184937,-1.53548586338
60,2.09080622595,0.236258061227,-1.85454816473
143,2.08845808208,1.10659028975,-0.981867792331
138,2.06733906439,0.447994353216,-1.61934471118
207,2.06667242439,1.00277288181,-1.06389954258
325,2.06572068067,0.74651618386,-1.31920449681
199,2.06115468164,1.01492357436,-1.04623110728
203,2.0455557443,0.422047235163,-1.62350850913
299,2.04034395533,0.838839684563,-1.20150427077
260,2.03037034572,0.405088523621,-1.6252818221
405,2.02838741201,0.524698454144,-1.50368895786
436,2.01267285842,0.312297140886,-1.70037571754
65,2.00904438033,0.381651405069,-1.62739297526
209,1.98682026997,0.940893656925,-1.04592661304
476,1.98498657183,1.26659217508,-0.718394396752
389,1.98234424333,0.73206825189,-1.25027599144
235,1.93716901965,1.13993801361,-0.797231006035
31,1.91087927372,0.456950593409,-1.45392868031
443,1.90647495921,0.841218886936,-1.06525607227
356,1.89625353278,0.542400412473,-1.35385312031
174,1.89111356081,0.430263901149,-1.46084965966
468,1.8829896156,0.66148788726,-1.22150172834
391,1.87883196126,1.17349056945,-0.705341391815
13,1.86507411182,0.56151416396,-1.30355994786
475,1.8573402898,0.177128874551,-1.68021141525
291,1.85132863444,0.548255831264,-1.30307280317
351,1.84485650689,0.450310947567,-1.39454555932
229,1.83541739746,0.503075852876,-1.33234154458
110,1.83269013544,0.758623913107,-1.07406622234
362,1.82111243637,0.988930673023,-0.832181763344
328,1.81374404512,0.0417462601653,-1.77199778496
252,1.79748282818,0.626799528554,-1.17068329963
272,1.79167788876,1.29875124731,-0.492926641445
298,1.78905452303,0.80495135032,-0.984103172708
324,1.78722628234,0.239978835101,-1.54724744724
465,1.78429472864,1.26552316592,-0.518771562719
386,1.77383546733,0.308463553587,-1.46537191374
180,1.76978154995,0.453221297267,-1.31656025268
287,1.76865904978,1.24695167412,-0.521707375665
387,1.76005103277,1.48051484973,-0.279536183037
358,1.75877479361,0.787311219758,-0.971463573854
363,1.7585285839,0.369942162841,-1.38858642106
37,1.73587805111,0.160765879153,-1.57511217195
30,1.73295711537,0.125868163021,-1.60708895235
132,1.72547027797,1.02870509931,-0.696765178655
269,1.72417249649,0.676061459563,-1.04811103693
148,1.72139609133,0.383736856018,-1.33765923531
213,1.71331490914,0.547190928114,-1.16612398103
448,1.71160189921,1.26660089674,-0.44500100248
93,1.7062046032,0.391280281486,-1.31492432172
179,1.70352946365,0.988668120329,-0.714861343326
271,1.6931358377,0.999020078008,-0.694115759696
19,1.68108262022,0.227056909539,-1.45402571068
394,1.67403242243,0.800535120243,-0.873497302185
320,1.67377403346,0.633315478339,-1.04045855513
366,1.66296538206,0.788771481638,-0.87419390042
279,1.65168161786,1.18982071922,-0.461860898641
482,1.639740843,0.393799090425,-1.24594175258
198,1.63252595596,0.624097524554,-1.00842843141
33,1.62912197333,0.660085931896,-0.969036041438
139,1.6231106007,1.02457118877,-0.598539411935
220,1.6186706914,1.16634097919,-0.452329712215
441,1.60561075165,0.265133533422,-1.34047721823
339,1.60113457387,0.0837896973628,-1.51734487651
216,1.57579294579,0.186191486333,-1.38960145946
326,1.57244384656,0.416176781905,-1.15626706466
251,1.56328728046,0.877966265156,-0.685321015306
224,1.56003691169,0.77165337923,-0.788383532456
355,1.55982406307,0.391104670016,-1.16871939305
204,1.53000974378,1.03501241802,-0.494997325755
349,1.50229500316,0.3335797822,-1.16871522096
275,1.49529728952,0.668741045131,-0.826556244385
226,1.4950971078,0.685069265546,-0.810027842256
284,1.48350068593,0.418787370356,-1.06471331558
147,1.47875073148,0.84019619865,-0.638554532832
267,1.47645064215,0.587385263491,-0.889065378657
175,1.44921605398,0.938257743926,-0.510958310057
360,1.44897889355,0.551349876596,-0.897629016951
188,1.44551823035,0.0090775748841,-1.43644065546
218,1.44189478346,0.719786280701,-0.722108502756
258,1.4334091341,0.237113980557,-1.19629515355
177,1.40226379672,0.572743135251,-0.82952066147
486,1.3986037836,0.921248940032,-0.477354843565
477,1.36744636019,0.190134484012,-1.17731187618
282,1.35167359982,0.152675266399,-1.19899833342
470,1.33139783699,0.0638053424032,-1.26759249458
489,1.32872263893,0.44116528735,-0.887557351583
490,1.29812775699,1.02347915886,-0.274648598138
227,1.28420939505,0.791207836979,-0.493001558069
280,1.26241250843,0.320540392389,-0.941872116041
254,1.25445726072,0.907156843369,-0.347300417356
120,1.25427733776,0.275935362093,-0.978341975671
32,1.19638374505,0.862360829886,-0.334022915164
6,1.17253760345,0.840043624376,-0.332493979075
461,1.16139828483,0.7729540405,-0.388444244328
94,1.14527776564,0.494757855938,-0.650519909698
208,1.10595045618,0.534528138792,-0.57142231739
288,1.10455077571,0.371123580986,-0.733427194722
281,1.05360119476,0.280974703267,-0.772626491491
152,1.05051758626,0.156080894817,-0.894436691445
150,1.04502788142,0.323305922652,-0.721721958766
295,1.0407876674,0.421652381082,-0.619135286319
273,1.02957596516,0.33623049652,-0.693345468641
296,1.02853362057,0.364074061232,-0.664459559338
435,0.995950891962,0.150541957621,-0.845408934342
2,0.992069979693,0.676974811442,-0.315095168251
1,0.969402855794,0.270065104268,-0.699337751526
7,0.966847657522,0.704960073067,-0.261887584455
488,0.959928965406,0.039323915697,-0.920605049709
221,0.959351326407,0.375511089261,-0.583840237145
8,0.898178434346,0.531327863099,-0.366850571247
327,0.893290317128,0.274661128976,-0.618629188152
274,0.835383326637,0.807978588423,-0.0274047382146
471,0.834482864899,0.244349516192,-0.590133348707
261,0.753470078627,0.716523843784,-0.0369462348432
276,0.390070431587,0.250086379388,-0.139984052199
